       time             b_x              b_y              b_z              F_x              F_y              F_z
  0.00000000e+00   4.21564561e-04   3.87355227e-04  -7.48287240e-03   1.85155190e-14   1.44117240e-14   1.78914493e-15
  8.00000000e-08   6.96894629e-04   6.42448915e-04  -7.61014427e-03   1.79695826e-14   1.56456389e-14   2.96636023e-15
  1.60000000e-07   1.00105809e-03   9.28763915e-04  -7.74592941e-03   1.73300252e-14   1.69552125e-14   4.27266372e-15
  2.40000000e-07   1.33593896e-03   1.24887097e-03  -7.89111188e-03   1.65825094e-14   1.83494450e-14   5.71140166e-15
  3.20000000e-07   1.70564983e-03   1.60058934e-03  -8.04347303e-03   1.57110720e-14   1.98358229e-14   7.27877046e-15
  4.00000000e-07   2.11312792e-03   1.99380720e-03  -8.20344966e-03   1.46825338e-14   2.14262970e-14   8.98963003e-15
  4.80000000e-07   2.55126674e-03   2.41863526e-03  -8.37147880e-03   1.34954440e-14   2.31157607e-14   1.07912919e-14
  5.60000000e-07   3.02174244e-03   2.87886364e-03  -8.54787062e-03   1.21215407e-14   2.49146939e-14   1.26761606e-14
  6.40000000e-07   3.52958182e-03   3.38525434e-03  -8.72418843e-03   1.04986814e-14   2.68202206e-14   1.46545692e-14
  7.20000000e-07   4.07095834e-03   3.92588878e-03  -8.90256934e-03   8.62766910e-15   2.88367881e-14   1.66618084e-14
  8.00000000e-07   4.64194167e-03   4.50340460e-03  -9.08568438e-03   6.48005761e-15   3.09688614e-14   1.86607145e-14
  8.80000000e-07   5.23875215e-03   5.11546912e-03  -9.28427696e-03   4.04777198e-15   3.32383505e-14   2.05977300e-14
  9.60000000e-07   5.86766124e-03   5.76857161e-03  -9.47256946e-03   1.24314781e-15   3.55989575e-14   2.24489782e-14
  1.04000000e-06   6.52818010e-03   6.46748893e-03  -9.66802594e-03  -1.94746808e-15   3.80902509e-14   2.41657247e-14
  1.12000000e-06   7.22786366e-03   7.21455704e-03  -9.86307126e-03  -5.57424117e-15   4.07074645e-14   2.56914366e-14
  1.20000000e-06   7.96289520e-03   8.00945975e-03  -1.00373761e-02  -9.68721625e-15   4.33853456e-14   2.69348172e-14
  1.28000000e-06   8.75131741e-03   8.87996034e-03  -1.02121540e-02  -1.43574354e-14   4.62058898e-14   2.78746281e-14
  1.36000000e-06   9.60149911e-03   9.82669164e-03  -1.03255124e-02  -1.96558816e-14   4.90335090e-14   2.83870894e-14
  1.44000000e-06   1.05194351e-02   1.08672129e-02  -1.03794883e-02  -2.56173936e-14   5.18772640e-14   2.83521457e-14
  1.52000000e-06   1.15127294e-02   1.20023931e-02  -1.03226673e-02  -3.22267866e-14   5.46362293e-14   2.75846566e-14
  1.60000000e-06   1.26052236e-02   1.32611733e-02  -1.01026154e-02  -3.94827439e-14   5.72786939e-14   2.59233737e-14
  1.68000000e-06   1.37412472e-02   1.45772654e-02  -9.61921393e-03  -4.69989797e-14   5.94833854e-14   2.30040103e-14
  1.76000000e-06   1.48782243e-02   1.59020268e-02  -8.82735819e-03  -5.42954254e-14   6.11189066e-14   1.85893638e-14
  1.84000000e-06   1.59296914e-02   1.71297183e-02  -7.66539262e-03  -6.05782204e-14   6.19430892e-14   1.25336448e-14
  1.92000000e-06   1.67267668e-02   1.80566095e-02  -6.17340977e-03  -6.47073614e-14   6.16353210e-14   4.95349952e-15
  2.00000000e-06   1.72174717e-02   1.86200806e-02  -4.43132532e-03  -6.61189220e-14   6.02868297e-14  -3.57794483e-15
  2.08000000e-06   1.73764428e-02   1.87838684e-02  -2.55937020e-03  -6.45863808e-14   5.80736424e-14  -1.22818880e-14
  2.16000000e-06   1.71466842e-02   1.84867654e-02  -8.08276461e-04  -6.02923184e-14   5.50342860e-14  -2.02992589e-14
  2.24000000e-06  -1.53184575e-02  -1.64578151e-02  -7.98915328e-04   5.12132399e-14  -4.85747821e-14   1.86840143e-14
  2.32000000e-06  -1.51735980e-02  -1.62639510e-02  -2.24648740e-03   4.97329855e-14  -4.81181505e-14   1.24473947e-14
  2.40000000e-06  -1.43947592e-02  -1.53822367e-02  -3.55009175e-03   4.62535702e-14  -4.47698868e-14   6.43701390e-15
  2.48000000e-06  -1.35516900e-02  -1.44522269e-02  -4.65633861e-03   4.28437515e-14  -4.06232854e-14   1.39416412e-15
  2.56000000e-06  -1.26559711e-02  -1.34874987e-02  -5.62058688e-03   3.94464279e-14  -3.59020510e-14  -2.66947001e-15
  2.64000000e-06  -1.17394580e-02  -1.25133261e-02  -6.42019065e-03   3.61372827e-14  -3.09309826e-14  -5.79151662e-15
  2.72000000e-06  -1.08310874e-02  -1.15558979e-02  -7.07850208e-03   3.29548029e-14  -2.59485878e-14  -8.06344596e-15
  2.80000000e-06  -9.94994995e-03  -1.06374008e-02  -7.65058147e-03   2.99181955e-14  -2.10720217e-14  -9.61142718e-15
  2.88000000e-06  -9.09814357e-03  -9.75120162e-03  -8.09373868e-03   2.70179332e-14  -1.64602823e-14  -1.05396909e-14
  2.96000000e-06  -8.29472254e-03  -8.91664157e-03  -8.39166557e-03   2.43079736e-14  -1.22785334e-14  -1.09804917e-14
  3.04000000e-06  -7.53737782e-03  -8.13278686e-03  -8.72097711e-03   2.17016656e-14  -8.27519187e-15  -1.10392769e-14
  3.12000000e-06  -6.82013997e-03  -7.39464250e-03  -8.96195976e-03   1.92293527e-14  -4.64993675e-15  -1.07969975e-14
  3.20000000e-06  -6.15132292e-03  -6.69941396e-03  -9.10535833e-03   1.68857935e-14  -1.46863423e-15  -1.03269939e-14
  3.28000000e-06  -5.53313248e-03  -6.04963461e-03  -9.29930949e-03   1.46220470e-14   1.53243832e-15  -9.69710872e-15
  3.36000000e-06  -4.94608334e-03  -5.44403258e-03  -9.46868970e-03   1.24557158e-14   4.27520972e-15  -8.96442822e-15
  3.44000000e-06  -4.41211249e-03  -4.87970441e-03  -9.46783958e-03   1.04424468e-14   6.40323648e-15  -8.16650416e-15
  3.52000000e-06  -3.89727351e-03  -4.33904443e-03  -9.61150890e-03   8.40655847e-15   8.65427411e-15  -7.31559823e-15
  3.60000000e-06  -3.41994853e-03  -3.83016561e-03  -9.65274881e-03   6.46862130e-15   1.04777620e-14  -6.44934588e-15
  3.68000000e-06  -2.96718403e-03  -3.34018833e-03  -9.66558266e-03   4.57032723e-15   1.20682133e-14  -5.57349815e-15
  3.76000000e-06  -2.54169941e-03  -2.88549964e-03  -9.75392950e-03   2.70153957e-15   1.36451760e-14  -4.74061781e-15
  3.84000000e-06  -2.14119734e-03  -2.44375024e-03  -9.79609190e-03   8.58769950e-16   1.49616093e-14  -3.92005636e-15
  3.92000000e-06  -1.75384134e-03  -2.01782681e-03  -9.78341639e-03  -9.31309597e-16   1.60382798e-14  -3.14093773e-15
  4.00000000e-06  -1.38634921e-03  -1.60552923e-03  -9.86257689e-03  -2.77264247e-15   1.71734488e-14  -2.40592531e-15
  4.08000000e-06  -1.03282432e-03  -1.20603333e-03  -9.85172107e-03  -4.54465709e-15   1.79986052e-14  -1.72691506e-15
  4.16000000e-06  -6.93902547e-04  -8.14589096e-04  -9.77957911e-03  -6.25551321e-15   1.85834924e-14  -1.10405505e-15
  4.24000000e-06  -3.70522435e-04  -4.38320203e-04  -9.77837930e-03  -8.00036022e-15   1.92057709e-14  -5.57757506e-16
  4.32000000e-06  -5.35212474e-05  -6.53936713e-05  -9.73099411e-03  -9.70939410e-15   1.96480649e-14  -7.86353587e-17
  4.40000000e-06   2.51021637e-04   3.03070037e-04  -9.67339443e-03  -1.13979914e-14   1.99777180e-14   3.30132852e-16
  4.48000000e-06   5.47902439e-04   6.62507306e-04  -9.56046399e-03  -1.30054691e-14   2.01194143e-14   6.48873394e-16
  4.56000000e-06   8.45053361e-04   1.01991951e-03  -9.32341603e-03  -1.44340607e-14   1.99863086e-14   8.78098164e-16
  4.64000000e-06   1.11239586e-03   1.36189298e-03  -9.40373873e-03  -1.62119526e-14   2.03241247e-14   1.02567438e-15
  4.72000000e-06   1.38260227e-03   1.69977676e-03  -9.16083088e-03  -1.75378941e-14   2.00369637e-14   1.07091083e-15
  4.80000000e-06   1.63219712e-03   2.02355764e-03  -8.98469243e-03  -1.88805951e-14   1.97934217e-14   1.02800146e-15
  4.88000000e-06   1.87380334e-03   2.33857736e-03  -8.74655272e-03  -2.00666111e-14   1.94105928e-14   8.90898392e-16
  4.96000000e-06   2.10000680e-03   2.63250037e-03  -8.53934538e-03  -2.11985048e-14   1.90290208e-14   6.53082858e-16
  5.04000000e-06   2.30247421e-03   2.90499688e-03  -8.27635230e-03  -2.21267044e-14   1.85017169e-14   3.38465975e-16
  5.12000000e-06   2.48913671e-03   3.15266579e-03  -7.98266979e-03  -2.28739738e-14   1.79025238e-14  -6.21062149e-17
  5.20000000e-06   2.66287594e-03   3.37917686e-03  -7.65881697e-03  -2.34414901e-14   1.72569713e-14  -5.36299780e-16
  5.28000000e-06   2.79869804e-03   3.56185710e-03  -7.24467538e-03  -2.36455818e-14   1.64367904e-14  -1.05337294e-15
  5.36000000e-06   2.92826475e-03   3.73071010e-03  -6.91126887e-03  -2.38868686e-14   1.57523384e-14  -1.61759980e-15
  5.44000000e-06   3.01830592e-03   3.85791564e-03  -6.51209446e-03  -2.38103520e-14   1.49421294e-14  -2.18385222e-15
  5.52000000e-06   3.08987486e-03   3.94686420e-03  -6.04322048e-03  -2.34069500e-14   1.40865949e-14  -2.76784029e-15
  5.60000000e-06   3.13692076e-03   4.00236630e-03  -5.66660169e-03  -2.30281928e-14   1.33264315e-14  -3.33539518e-15
  5.68000000e-06   3.15492789e-03   4.02316271e-03  -5.24308837e-03  -2.23872666e-14   1.25220633e-14  -3.86259251e-15
  5.76000000e-06   3.15467456e-03   4.00581990e-03  -4.80217340e-03  -2.15393685e-14   1.17367239e-14  -4.35937936e-15
  5.84000000e-06   3.12428596e-03   3.95985812e-03  -4.33778675e-03  -2.05003214e-14   1.09418000e-14  -4.77683482e-15
  5.92000000e-06   3.08256935e-03   3.88243164e-03  -3.93491687e-03  -1.94636699e-14   1.02335502e-14  -5.15056702e-15
  6.00000000e-06   3.01419280e-03   3.78673368e-03  -3.48619165e-03  -1.82264926e-14   9.51064976e-15  -5.42823429e-15
  6.08000000e-06   2.93477565e-03   3.66091770e-03  -3.06010102e-03  -1.69224817e-14   8.84591408e-15  -5.64671685e-15
  6.16000000e-06   2.83851413e-03   3.51199541e-03  -2.63824904e-03  -1.55347612e-14   8.21158842e-15  -5.78284236e-15
  6.24000000e-06   2.73205951e-03   3.34772182e-03  -2.24001715e-03  -1.41376093e-14   7.62396708e-15  -5.84900386e-15
  6.32000000e-06   2.61072540e-03   3.17016956e-03  -1.82032751e-03  -1.26321406e-14   7.05384385e-15  -5.83255993e-15
  6.40000000e-06   2.48808832e-03   2.98576093e-03  -1.42927582e-03  -1.11627721e-14   6.54174859e-15  -5.76646259e-15
  6.48000000e-06   2.34602626e-03   2.78549367e-03  -1.04651846e-03  -9.66138769e-15   6.02961986e-15  -5.60945793e-15
  6.56000000e-06   2.20549034e-03   2.58518853e-03  -7.04484448e-04  -8.25435588e-15   5.56640447e-15  -5.41487772e-15
  6.64000000e-06   2.05617440e-03   2.37909175e-03  -3.32659745e-04  -6.75119430e-15   5.11319081e-15  -5.16107778e-15
  6.72000000e-06  -1.55039141e-03  -1.62911751e-03  -1.51215834e-05   3.98770436e-15  -3.83145473e-15   3.92732707e-15
  6.80000000e-06  -4.41791297e-03  -4.71690724e-03  -3.42191141e-04   1.09526088e-14  -1.10469821e-14   1.08708767e-14
  6.88000000e-06  -4.29468100e-03  -4.52560100e-03  -6.76460654e-04   9.83551922e-15  -1.08600282e-14   1.02115875e-14
  6.96000000e-06  -4.17539904e-03  -4.33888805e-03  -1.01654775e-03   8.71728525e-15  -1.06399776e-14   9.60852779e-15
  7.04000000e-06  -4.04603889e-03  -4.15352946e-03  -1.38846344e-03   7.52901511e-15  -1.03514001e-14   9.02591798e-15
  7.12000000e-06  -3.92082193e-03  -3.97510134e-03  -1.69139598e-03   6.52923397e-15  -1.00547225e-14   8.49509939e-15
  7.20000000e-06  -3.79509506e-03  -3.79737932e-03  -2.04958630e-03   5.40384780e-15  -9.71985538e-15   8.00252311e-15
  7.28000000e-06  -3.66649633e-03  -3.62373082e-03  -2.40761971e-03   4.29585225e-15  -9.35665118e-15   7.54075016e-15
  7.36000000e-06  -3.53674662e-03  -3.45584281e-03  -2.75759647e-03   3.22812750e-15  -8.97693926e-15   7.10975018e-15
  7.44000000e-06  -3.41183964e-03  -3.28451479e-03  -3.15017170e-03   2.06121702e-15  -8.58963585e-15   6.72352052e-15
  7.52000000e-06  -3.29160403e-03  -3.13325957e-03  -3.48673857e-03   1.08154553e-15  -8.22640103e-15   6.37140689e-15
  7.60000000e-06  -3.17537698e-03  -2.98870179e-03  -3.84814004e-03   7.16282766e-17  -7.86816617e-15   6.05179524e-15
  7.68000000e-06  -3.05689922e-03  -2.84319513e-03  -4.23284107e-03  -9.84698659e-16  -7.50309015e-15   5.75095392e-15
  7.76000000e-06  -2.95411251e-03  -2.71548962e-03  -4.58385118e-03  -1.91138605e-15  -7.20233099e-15   5.49849973e-15
  7.84000000e-06  -2.84782763e-03  -2.59076047e-03  -4.97282469e-03  -2.90260893e-15  -6.89622995e-15   5.25508368e-15
  7.92000000e-06  -2.76200332e-03  -2.47832745e-03  -5.32459455e-03  -3.77301585e-15  -6.67869470e-15   5.06575186e-15
  8.00000000e-06  -2.67817848e-03  -2.37504671e-03  -5.69118985e-03  -4.63943364e-15  -6.48656547e-15   4.89021242e-15
  8.08000000e-06  -2.59698816e-03  -2.27635726e-03  -6.05107806e-03  -5.46948252e-15  -6.32931689e-15   4.72840831e-15
  8.16000000e-06  -2.52918173e-03  -2.20374719e-03  -6.40734836e-03  -6.20553589e-15  -6.24158094e-15   4.59625306e-15
  8.24000000e-06  -2.48292347e-03  -2.13577096e-03  -6.76471637e-03  -6.91742748e-15  -6.24944448e-15   4.51206280e-15
  8.32000000e-06  -2.43245100e-03  -2.07631072e-03  -7.16512166e-03  -7.67292682e-15  -6.27469330e-15   4.42312538e-15
  8.40000000e-06  -2.39593631e-03  -2.02683970e-03  -7.51360410e-03  -8.27998447e-15  -6.38592157e-15   4.36296009e-15
  8.48000000e-06  -2.38568448e-03  -1.99382491e-03  -7.84377363e-03  -8.78296122e-15  -6.61628737e-15   4.35314613e-15
  8.56000000e-06  -2.37799399e-03  -1.97266980e-03  -8.20611690e-03  -9.28621191e-15  -6.88985398e-15   4.34724040e-15
  8.64000000e-06  -2.38350425e-03  -1.96388026e-03  -8.53523559e-03  -9.66247746e-15  -7.24195579e-15   4.36460009e-15
  8.72000000e-06  -2.39862498e-03  -1.96243522e-03  -8.85530592e-03  -9.96922920e-15  -7.65958278e-15   4.39780145e-15
  8.80000000e-06  -2.43494630e-03  -1.97906816e-03  -9.16068939e-03  -1.01589786e-14  -8.17542490e-15   4.46650779e-15
  8.88000000e-06  -2.48179600e-03  -2.01076848e-03  -9.44636425e-03  -1.02276724e-14  -8.75240003e-15   4.55011531e-15
  8.96000000e-06  -2.53663176e-03  -2.04553311e-03  -9.74721848e-03  -1.02700362e-14  -9.38353164e-15   4.64190116e-15
  9.04000000e-06  -2.60289281e-03  -2.09294334e-03  -9.99184856e-03  -1.01301989e-14  -1.00656133e-14   4.74732779e-15
  9.12000000e-06  -2.68626133e-03  -2.14833026e-03  -1.01712788e-02  -9.80933686e-15  -1.08010250e-14   4.87201384e-15
  9.20000000e-06  -2.78250414e-03  -2.21865905e-03  -1.04219936e-02  -9.50655777e-15  -1.16012664e-14   5.00780304e-15
  9.28000000e-06  -2.88444969e-03  -2.28858779e-03  -1.06242726e-02  -9.07232902e-15  -1.24126457e-14   5.13692640e-15
  9.36000000e-06  -2.99768348e-03  -2.36973994e-03  -1.08554387e-02  -8.58746183e-15  -1.32717131e-14   5.26860336e-15
  9.44000000e-06  -3.12706929e-03  -2.45649174e-03  -1.10343779e-02  -7.94546617e-15  -1.41598974e-14   5.40399240e-15
  9.52000000e-06  -3.25166183e-03  -2.55210955e-03  -1.12073784e-02  -7.20568761e-15  -1.50181156e-14   5.51050687e-15
  9.60000000e-06  -3.39522512e-03  -2.65135058e-03  -1.13189014e-02  -6.30932639e-15  -1.58948775e-14   5.61578141e-15
  9.68000000e-06  -3.52839152e-03  -2.75296344e-03  -1.14672124e-02  -5.39589641e-15  -1.67283886e-14   5.67631218e-15
  9.76000000e-06  -3.66909123e-03  -2.84962755e-03  -1.15201815e-02  -4.32517747e-15  -1.75127107e-14   5.70947375e-15
  9.84000000e-06  -3.81913822e-03  -2.95325821e-03  -1.15737972e-02  -3.18579946e-15  -1.82882624e-14   5.71782694e-15
  9.92000000e-06  -3.96532523e-03  -3.05506013e-03  -1.15776424e-02  -1.95514815e-15  -1.89816970e-14   5.67844661e-15
  1.00000000e-05  -4.10139465e-03  -3.15317562e-03  -1.15649123e-02  -6.87766681e-16  -1.95828433e-14   5.58317653e-15
  1.00800000e-05  -4.24456935e-03  -3.24757132e-03  -1.15700217e-02   5.77671510e-16  -2.01648879e-14   5.44812677e-15
  1.01600000e-05  -4.39948437e-03  -3.36264207e-03  -1.15817574e-02   1.93706072e-15  -2.07355098e-14   5.28452007e-15
  1.02400000e-05  -4.54439348e-03  -3.46298416e-03  -1.15105123e-02   3.33382417e-15  -2.11727053e-14   5.05368769e-15
  1.03200000e-05  -4.67209885e-03  -3.56188800e-03  -1.14499409e-02   4.72464727e-15  -2.14968252e-14   4.75943636e-15
  1.04000000e-05  -4.81486152e-03  -3.64419376e-03  -1.13357207e-02   6.09169134e-15  -2.17910038e-14   4.41789200e-15
  1.04800000e-05  -4.94666402e-03  -3.73921933e-03  -1.12274611e-02   7.48957910e-15  -2.19918311e-14   4.02440481e-15
  1.05600000e-05  -5.07954405e-03  -3.82860190e-03  -1.11003800e-02   8.86121024e-15  -2.21318885e-14   3.57855160e-15
  1.06400000e-05  -5.19372548e-03  -3.90646204e-03  -1.09730883e-02   1.01692973e-14  -2.21520084e-14   3.07292171e-15
  1.07200000e-05  -5.30431914e-03  -3.98583099e-03  -1.08322790e-02   1.14580477e-14  -2.21025296e-14   2.52207369e-15
  1.08000000e-05  -5.42584136e-03  -4.07891015e-03  -1.06738892e-02   1.27649172e-14  -2.20357142e-14   1.93193710e-15
  1.08800000e-05  -5.53307011e-03  -4.16022817e-03  -1.05039143e-02   1.39912069e-14  -2.18690708e-14   1.29151812e-15
  1.09600000e-05  -5.62161254e-03  -4.23140497e-03  -1.03189081e-02   1.51340257e-14  -2.15909596e-14   6.08830391e-16
  1.10400000e-05  -5.70988035e-03  -4.29940957e-03  -1.01236065e-02   1.62116405e-14  -2.12735310e-14  -1.08943881e-16
  1.11200000e-05  -5.80442534e-03  -4.37608775e-03  -9.91344430e-03   1.72607736e-14  -2.09451594e-14  -8.60550206e-16
  1.12000000e-05  -5.88318611e-03  -4.44327158e-03  -9.70673180e-03   1.82157853e-14  -2.05323431e-14  -1.64175530e-15
  1.12800000e-05  -5.95884527e-03  -4.50743183e-03  -9.49027256e-03   1.90939230e-14  -2.00855821e-14  -2.44917528e-15
  1.13600000e-05  -6.02802974e-03  -4.57495044e-03  -9.27257139e-03   1.99178571e-14  -1.95968388e-14  -3.27965865e-15
  1.14400000e-05  -6.10803732e-03  -4.65385099e-03  -9.05193713e-03   2.07138685e-14  -1.91305242e-14  -4.14170716e-15
  1.15200000e-05  -6.17347397e-03  -4.71981440e-03  -8.81108373e-03   2.13858029e-14  -1.86069731e-14  -5.01677652e-15
  1.16000000e-05  -6.23077368e-03  -4.78967141e-03  -8.57905799e-03   2.20064853e-14  -1.80445034e-14  -5.90859598e-15
  1.16800000e-05  -6.29420832e-03  -4.85431857e-03  -8.35813574e-03   2.25460013e-14  -1.74937723e-14  -6.81837276e-15
  1.17600000e-05  -6.33728141e-03  -4.91238337e-03  -8.14405770e-03   2.29993822e-14  -1.68661498e-14  -7.72349183e-15
  1.18400000e-05  -6.36663159e-03  -4.97254181e-03  -7.94351739e-03   2.34030457e-14  -1.61827432e-14  -8.62706020e-15
  1.19200000e-05  -6.41116827e-03  -5.03630325e-03  -7.66490892e-03   2.36847589e-14  -1.56115107e-14  -9.55297355e-15
  1.20000000e-05  -6.46292418e-03  -5.11019540e-03  -7.46715488e-03   2.40019576e-14  -1.50094723e-14  -1.05021923e-14
  1.20800000e-05  -6.50459917e-03  -5.17804938e-03  -7.24397527e-03   2.42101136e-14  -1.44007845e-14  -1.14452505e-14
  1.21600000e-05  -6.55124252e-03  -5.25604214e-03  -7.03647872e-03   2.44008898e-14  -1.37995760e-14  -1.24103258e-14
  1.22400000e-05  -6.58231009e-03  -5.32897106e-03  -6.79794432e-03   2.44767773e-14  -1.31909520e-14  -1.33598530e-14
  1.23200000e-05  -6.62447093e-03  -5.40457814e-03  -6.49718096e-03   2.44230973e-14  -1.27109683e-14  -1.43281643e-14
  1.24000000e-05  -6.65743879e-03  -5.48507961e-03  -6.29419308e-03   2.44310559e-14  -1.21004651e-14  -1.52960424e-14
  1.24800000e-05  -6.68662722e-03  -5.56735259e-03  -6.16288553e-03   2.44689854e-14  -1.13849364e-14  -1.62636524e-14
  1.25600000e-05  -6.71354384e-03  -5.64408087e-03  -5.94920812e-03   2.43274892e-14  -1.07862333e-14  -1.72199879e-14
  1.26400000e-05  -6.74450750e-03  -5.73161483e-03  -5.81275169e-03   2.42565719e-14  -1.00885693e-14  -1.81970335e-14
  1.27200000e-05  -6.76738462e-03  -5.81136363e-03  -5.57052314e-03   2.39618559e-14  -9.54912581e-15  -1.91482290e-14
  1.28000000e-05  -6.78619243e-03  -5.89976375e-03  -5.35772101e-03   2.36682304e-14  -8.96714616e-15  -2.01042798e-14
  1.28800000e-05  -6.80992464e-03  -5.98645544e-03  -5.10262769e-03   2.32481800e-14  -8.49602978e-15  -2.10591987e-14
  1.29600000e-05  -6.82754230e-03  -6.08129386e-03  -4.95119619e-03   2.29372016e-14  -7.82773211e-15  -2.20152809e-14
  1.30400000e-05  -6.84482972e-03  -6.17078168e-03  -4.83211388e-03   2.26010824e-14  -7.09709348e-15  -2.29518486e-14
  1.31200000e-05  -6.85814517e-03  -6.26739896e-03  -4.65337697e-03   2.21351466e-14  -6.48611647e-15  -2.38869470e-14
  1.32000000e-05  -6.86998952e-03  -6.36105717e-03  -4.47535782e-03   2.16029305e-14  -5.88181623e-15  -2.48018910e-14
  1.32800000e-05  -6.87895344e-03  -6.46019859e-03  -4.30268935e-03   2.10324631e-14  -5.27130132e-15  -2.57112871e-14
  1.33600000e-05  -6.88437300e-03  -6.55853098e-03  -4.23922834e-03   2.05738059e-14  -4.40319774e-15  -2.65990025e-14
  1.34400000e-05  -6.88903451e-03  -6.66541891e-03  -4.04376468e-03   1.98673566e-14  -3.85644032e-15  -2.74897587e-14
  1.35200000e-05  -6.88810821e-03  -6.76685404e-03  -3.89659738e-03   1.91653520e-14  -3.19062275e-15  -2.83381959e-14
  1.36000000e-05  -6.89152095e-03  -6.87375854e-03  -3.78381328e-03   1.84716795e-14  -2.45276168e-15  -2.91870308e-14
  1.36800000e-05  -6.88353126e-03  -6.98374388e-03  -3.62053775e-03   1.76423682e-14  -1.83540123e-15  -3.00021236e-14
  1.37600000e-05  -6.88200395e-03  -7.09324059e-03  -3.55216344e-03   1.69073744e-14  -9.79441739e-16  -3.08007228e-14
  1.38400000e-05  -6.87115431e-03  -7.20011785e-03  -3.43078559e-03   1.60237789e-14  -2.59532351e-16  -3.15476414e-14
  1.39200000e-05  -6.85853590e-03  -7.30660544e-03  -3.37209993e-03   1.51865819e-14   6.33132333e-16  -3.22599471e-14
  1.40000000e-05  -6.84340387e-03  -7.41942494e-03  -3.31523871e-03   1.43027599e-14   1.53138253e-15  -3.29513346e-14
  1.40800000e-05  -6.81926393e-03  -7.53273203e-03  -3.27949352e-03   1.33942299e-14   2.49925144e-15  -3.35920713e-14
  1.41600000e-05  -6.80775235e-03  -7.65360624e-03  -3.19668289e-03   1.23595905e-14   3.30622874e-15  -3.42372416e-14
  1.42400000e-05  -6.77571692e-03  -7.76261926e-03  -3.19094770e-03   1.13812158e-14   4.35921811e-15  -3.47717535e-14
  1.43200000e-05  -6.74598777e-03  -7.87609262e-03  -3.14847630e-03   1.02902407e-14   5.28825790e-15  -3.52769520e-14
  1.44000000e-05  -6.71511228e-03  -7.98051359e-03  -3.10538308e-03   9.13959386e-15   6.20308107e-15  -3.57048289e-14
  1.44800000e-05  -6.67379060e-03  -8.09996280e-03  -3.06920975e-03   7.95514503e-15   7.12974382e-15  -3.61140622e-14
  1.45600000e-05  -6.63693606e-03  -8.21791826e-03  -3.04152586e-03   6.72845802e-15   8.06486829e-15  -3.64727374e-14
  1.46400000e-05  -6.59036971e-03  -8.32698556e-03  -2.98843287e-03   5.41257502e-15   8.89976717e-15  -3.67346727e-14
  1.47200000e-05  -6.55158665e-03  -8.44730944e-03  -3.02893068e-03   4.18303922e-15   1.00177622e-14  -3.69862148e-14
  1.48000000e-05  -6.49538370e-03  -8.55428453e-03  -3.01286587e-03   2.82217680e-15   1.09271778e-14  -3.71092887e-14
  1.48800000e-05  -6.45201614e-03  -8.67663819e-03  -3.07563018e-03   1.51724460e-15   1.20715718e-14  -3.72378798e-14
  1.49600000e-05  -6.39745572e-03  -8.79106528e-03  -3.12817698e-03   1.47973290e-16   1.31509898e-14  -3.72606355e-14
  1.50400000e-05  -6.34094378e-03  -8.90487817e-03  -3.17788796e-03  -1.27520479e-15   1.41875724e-14  -3.72110669e-14
  1.51200000e-05  -6.28409347e-03  -9.02400067e-03  -3.27913977e-03  -2.69034525e-15   1.53577532e-14  -3.71079010e-14
  1.52000000e-05  -6.23332770e-03  -9.14089132e-03  -3.34343524e-03  -4.20013761e-15   1.63724515e-14  -3.69314663e-14
  1.52800000e-05  -6.18086797e-03  -9.25760431e-03  -3.42766496e-03  -5.73382685e-15   1.74085960e-14  -3.66785750e-14
  1.53600000e-05  -6.12679186e-03  -9.36759569e-03  -3.54970883e-03  -7.27058752e-15   1.85195024e-14  -3.63234960e-14
  1.54400000e-05  -6.07133146e-03  -9.48611361e-03  -3.67075920e-03  -8.86755848e-15   1.95731516e-14  -3.59149826e-14
  1.55200000e-05  -6.01714085e-03  -9.60966436e-03  -3.78709165e-03  -1.05245365e-14   2.05569748e-14  -3.54409193e-14
  1.56000000e-05  -5.95802193e-03  -9.73107019e-03  -3.93919128e-03  -1.21981016e-14   2.15841993e-14  -3.48703048e-14
  1.56800000e-05  -5.90629158e-03  -9.84937957e-03  -4.06912300e-03  -1.39313224e-14   2.24864265e-14  -3.42075915e-14
  1.57600000e-05  -5.85054470e-03  -9.97650893e-03  -4.22405771e-03  -1.57065779e-14   2.33859252e-14  -3.34791485e-14
  1.58400000e-05  -5.80336449e-03  -1.01092183e-02  -4.39896163e-03  -1.75281205e-14   2.42817104e-14  -3.26774934e-14
  1.59200000e-05  -5.75891951e-03  -1.02368817e-02  -4.57778063e-03  -1.93849731e-14   2.51090818e-14  -3.17625967e-14
  1.60000000e-05  -5.71358140e-03  -1.03716558e-02  -4.79776654e-03  -2.12876861e-14   2.59582464e-14  -3.07645376e-14
  1.60800000e-05  -5.67559798e-03  -1.05120687e-02  -5.00237572e-03  -2.32541409e-14   2.66776376e-14  -2.96770999e-14
  1.61600000e-05  -5.63817637e-03  -1.06510350e-02  -5.20773988e-03  -2.52579038e-14   2.72923701e-14  -2.84736712e-14
  1.62400000e-05  -5.61071938e-03  -1.07938355e-02  -5.43643891e-03  -2.73052617e-14   2.78756194e-14  -2.71653362e-14
  1.63200000e-05  -5.58527848e-03  -1.09490567e-02  -5.67065875e-03  -2.94200018e-14   2.83514360e-14  -2.57646567e-14
  1.64000000e-05  -5.56053580e-03  -1.11017253e-02  -5.90982930e-03  -3.15580001e-14   2.87050448e-14  -2.42301640e-14
  1.64800000e-05  -5.54992249e-03  -1.12609313e-02  -6.14156784e-03  -3.37324174e-14   2.89369734e-14  -2.25748490e-14
  1.65600000e-05  -5.54190141e-03  -1.14238711e-02  -6.47541725e-03  -3.59727267e-14   2.92339599e-14  -2.07874922e-14
  1.66400000e-05  -5.54333944e-03  -1.15992519e-02  -6.75119764e-03  -3.82421838e-14   2.92604385e-14  -1.88721759e-14
  1.67200000e-05  -5.55025227e-03  -1.17741642e-02  -7.07074798e-03  -4.05365751e-14   2.91980663e-14  -1.68008549e-14
  1.68000000e-05  -5.56729088e-03  -1.19526727e-02  -7.41079482e-03  -4.28513181e-14   2.89930277e-14  -1.45704235e-14
  1.68800000e-05  -5.59213061e-03  -1.21288618e-02  -7.71938740e-03  -4.51111229e-14   2.85438724e-14  -1.21690216e-14
  1.69600000e-05  -5.62692691e-03  -1.23074524e-02  -8.05398757e-03  -4.73577437e-14   2.79340646e-14  -9.60004064e-15
  1.70400000e-05  -5.66548487e-03  -1.24893161e-02  -8.39061189e-03  -4.95542273e-14   2.70940797e-14  -6.86932040e-15
  1.71200000e-05  -5.71908397e-03  -1.26676315e-02  -8.72784876e-03  -5.16536116e-14   2.60478636e-14  -3.95898202e-15
  1.72000000e-05  -5.77679081e-03  -1.28424009e-02  -9.11079199e-03  -5.36896270e-14   2.47783401e-14  -8.84624966e-16
  1.72800000e-05  -5.85600683e-03  -1.30247983e-02  -9.47034775e-03  -5.55876750e-14   2.32725172e-14   2.36548449e-15
  1.73600000e-05  -5.94604006e-03  -1.32097717e-02  -9.84010064e-03  -5.73442208e-14   2.15084949e-14   5.77725058e-15
  1.74400000e-05  -6.04207073e-03  -1.33823693e-02  -1.02528712e-02  -5.89323287e-14   1.94546157e-14   9.33635506e-15
  1.75200000e-05  -6.14815965e-03  -1.35459606e-02  -1.06773473e-02  -6.02873785e-14   1.70938858e-14   1.30278917e-14
  1.76000000e-05  -6.26656408e-03  -1.36962499e-02  -1.10444109e-02  -6.12463635e-14   1.44561078e-14   1.68238756e-14
  1.76800000e-05  -6.38221603e-03  -1.38109371e-02  -1.14691778e-02  -6.18996121e-14   1.14578034e-14   2.06478354e-14
  1.77600000e-05  -6.50352493e-03  -1.39049763e-02  -1.18200302e-02  -6.20383534e-14   8.21138136e-15   2.44744649e-14
  1.78400000e-05  -6.64162913e-03  -1.39885665e-02  -1.22282286e-02  -6.18961000e-14   4.65929570e-15   2.82881589e-14
  1.79200000e-05  -6.78171485e-03  -1.40520946e-02  -1.26671104e-02  -6.13759217e-14   7.68918754e-16   3.20064377e-14
  1.80000000e-05  -6.93444966e-03  -1.41047424e-02  -1.29493183e-02  -6.01465760e-14  -3.12346052e-15   3.56110644e-14
  1.80800000e-05  -7.07965445e-03  -1.41088699e-02  -1.33207293e-02  -5.85435775e-14  -7.39604536e-15   3.89481783e-14
  1.81600000e-05  -7.22342110e-03  -1.40705906e-02  -1.36671814e-02  -5.63825088e-14  -1.18198681e-14   4.19682092e-14
  1.82400000e-05  -7.35569983e-03  -1.40009415e-02  -1.39759104e-02  -5.36831754e-14  -1.63289607e-14   4.46123458e-14
  1.83200000e-05  -7.48369448e-03  -1.38879935e-02  -1.42167282e-02  -5.04034141e-14  -2.07570511e-14   4.68094723e-14
  1.84000000e-05  -7.59333744e-03  -1.37459736e-02  -1.45077063e-02  -4.67985400e-14  -2.53610080e-14   4.85237871e-14
  1.84800000e-05  -7.69751460e-03  -1.35765528e-02  -1.46873617e-02  -4.26665954e-14  -2.96261929e-14   4.97467365e-14
  1.85600000e-05  -7.78715184e-03  -1.33688204e-02  -1.48820480e-02  -3.82342073e-14  -3.38432179e-14   5.04083495e-14
  1.86400000e-05  -7.85377736e-03  -1.31265142e-02  -1.49262404e-02  -3.33734060e-14  -3.74498697e-14   5.04945335e-14
  1.87200000e-05  -7.90092769e-03  -1.28470154e-02  -1.50284574e-02  -2.84142618e-14  -4.10179862e-14   5.00023195e-14
  1.88000000e-05  -7.92517452e-03  -1.25612246e-02  -1.50430990e-02  -2.32986471e-14  -4.40373302e-14   4.90463195e-14
  1.88800000e-05  -7.93096374e-03  -1.22446167e-02  -1.50500416e-02  -1.81575599e-14  -4.67201910e-14   4.75797875e-14
  1.89600000e-05  -7.91120159e-03  -1.19188450e-02  -1.49270694e-02  -1.30070421e-14  -4.86145632e-14   4.57109668e-14
  1.90400000e-05  -7.87048629e-03  -1.15714810e-02  -1.47961657e-02  -7.99331774e-15  -5.01158056e-14   4.34454035e-14
  1.91200000e-05  -7.80952700e-03  -1.12171378e-02  -1.46878999e-02  -3.19560565e-15  -5.13260210e-14   4.08967395e-14
  1.92000000e-05  -7.73381632e-03  -1.08611772e-02  -1.44263078e-02   1.37227485e-15  -5.16241569e-14   3.81307680e-14
  1.92800000e-05  -7.63676007e-03  -1.05102410e-02  -1.42138344e-02   5.64535173e-15  -5.17454217e-14   3.52293859e-14
  1.93600000e-05  -7.53039831e-03  -1.01629134e-02  -1.40036265e-02   9.61288350e-15  -5.15444826e-14   3.22383114e-14
  1.94400000e-05  -7.40622029e-03  -9.81416584e-03  -1.36742624e-02   1.31904327e-14  -5.06198178e-14   2.91862204e-14
  1.95200000e-05  -7.27521664e-03  -9.48373051e-03  -1.34419517e-02   1.64904912e-14  -4.97643186e-14   2.61851477e-14
  1.96000000e-05  -7.12842238e-03  -9.15947429e-03  -1.31180482e-02   1.93814694e-14  -4.83506406e-14   2.32280859e-14
  1.96800000e-05  -6.98171767e-03  -8.84897170e-03  -1.28316197e-02   2.19737845e-14  -4.68644595e-14   2.03627853e-14
  1.97600000e-05  -6.82854057e-03  -8.55335114e-03  -1.25379457e-02   2.42384863e-14  -4.51823979e-14   1.76222990e-14
  1.98400000e-05  -6.66857826e-03  -8.26205375e-03  -1.21735222e-02   2.60766387e-14  -4.31405036e-14   1.49944322e-14
  1.99200000e-05  -6.50711989e-03  -7.98669965e-03  -1.18434101e-02   2.76654545e-14  -4.11055857e-14   1.25196659e-14
  2.00000000e-05  -6.34053541e-03  -7.72571191e-03  -1.15615539e-02   2.90624009e-14  -3.91330133e-14   1.02113613e-14
  2.00800000e-05  -6.17986501e-03  -7.47818385e-03  -1.12945617e-02   3.02355802e-14  -3.71510927e-14   8.05439819e-15
  2.01600000e-05  -6.01246097e-03  -7.23850255e-03  -1.10652629e-02   3.12635985e-14  -3.52170642e-14   6.05025328e-15
  2.02400000e-05  -5.85566077e-03  -7.00843879e-03  -1.07510041e-02   3.18928752e-14  -3.30448350e-14   4.17066582e-15
  2.03200000e-05  -5.68939142e-03  -6.79408782e-03  -1.04383790e-02   3.23181794e-14  -3.08765548e-14   2.48192297e-15
  2.04000000e-05  -5.52499407e-03  -6.58328545e-03  -1.01516126e-02   3.26077592e-14  -2.87935615e-14   9.25819242e-16
  2.04800000e-05  -5.35849208e-03  -6.37618355e-03  -9.89907357e-03   3.28119394e-14  -2.68100423e-14  -4.92648829e-16
  2.05600000e-05  -5.20171670e-03  -6.18628894e-03  -9.74176672e-03   3.31398920e-14  -2.50575157e-14  -1.78317733e-15
  2.06400000e-05  -5.04053525e-03  -5.99663614e-03  -9.51823126e-03   3.31530265e-14  -2.31889330e-14  -2.94733379e-15
  2.07200000e-05  -4.87742972e-03  -5.80951738e-03  -9.19819217e-03   3.27555432e-14  -2.11921795e-14  -3.98410086e-15
  2.08000000e-05  -4.72750343e-03  -5.64208840e-03  -8.96770343e-03   3.25141152e-14  -1.94315285e-14  -4.91499191e-15
  2.08800000e-05  -4.57564609e-03  -5.47760220e-03  -8.71145459e-03   3.20885216e-14  -1.76892081e-14  -5.73168038e-15
  2.09600000e-05  -4.42631572e-03  -5.31537881e-03  -8.57099901e-03   3.19303453e-14  -1.61797534e-14  -6.45575518e-15
  2.10400000e-05  -4.27469932e-03  -5.15178271e-03  -8.44558155e-03   3.17481034e-14  -1.47211098e-14  -7.08934449e-15
  2.11200000e-05  -4.14110676e-03  -5.00280902e-03  -8.30611015e-03   3.14701194e-14  -1.32952673e-14  -7.68198833e-15
  2.12000000e-05  -3.99547002e-03  -4.84963553e-03  -8.14778085e-03   3.10642088e-14  -1.18873121e-14  -8.15767940e-15
  2.12800000e-05  -3.85906650e-03  -4.70671293e-03  -7.93050320e-03   3.04122282e-14  -1.04894064e-14  -8.57350214e-15
  2.13600000e-05  -3.72618428e-03  -4.55882208e-03  -7.77360689e-03   2.99052133e-14  -9.21498913e-15  -8.93058280e-15
  2.14400000e-05  -3.59143356e-03  -4.41279341e-03  -7.67322558e-03   2.95503023e-14  -8.02934900e-15  -9.21334688e-15
  2.15200000e-05  -3.45085198e-03  -4.27017579e-03  -7.45107023e-03   2.87425590e-14  -6.81609325e-15  -9.40541400e-15
  2.16000000e-05  -3.31846185e-03  -4.13266395e-03  -7.37693012e-03   2.84161461e-14  -5.74603381e-15  -9.56379806e-15
  2.16800000e-05  -3.18343919e-03  -3.98126753e-03  -7.32016015e-03   2.81158303e-14  -4.71836106e-15  -9.66098787e-15
  2.17600000e-05  -3.05468100e-03  -3.84437762e-03  -7.22093031e-03   2.76548538e-14  -3.71605225e-15  -9.72047167e-15
  2.18400000e-05  -2.92737191e-03  -3.70800832e-03  -7.08483906e-03   2.70442683e-14  -2.75262356e-15  -9.73372574e-15
  2.19200000e-05  -2.80311611e-03  -3.56915443e-03  -7.03758909e-03   2.67279565e-14  -1.84602146e-15  -9.70969303e-15
  2.20000000e-05  -2.67692842e-03  -3.43940299e-03  -6.90046418e-03   2.60848876e-14  -9.75726672e-16  -9.63289685e-15
  2.20800000e-05  -2.55039030e-03  -3.29933878e-03  -6.89953348e-03   2.59060008e-14  -1.33150903e-16  -9.51239721e-15
  2.21600000e-05  -2.43013154e-03  -3.16211957e-03  -6.73290214e-03   2.51328764e-14   6.42818639e-16  -9.37320394e-15
  2.22400000e-05  -2.31325522e-03  -3.02103339e-03  -6.78824462e-03   2.51344233e-14   1.44121190e-15  -9.20654581e-15
  2.23200000e-05  -2.19698874e-03  -2.88957551e-03  -6.72261318e-03   2.47043483e-14   2.18197242e-15  -9.01139895e-15
  2.24000000e-05  -2.08087452e-03  -2.75634218e-03  -6.65430309e-03   2.42580010e-14   2.88891604e-15  -8.78239186e-15
  2.24800000e-05  -1.96308081e-03  -2.62294491e-03  -6.56247716e-03   2.37251266e-14   3.54552363e-15  -8.51417116e-15
  2.25600000e-05  -1.84991742e-03  -2.48844551e-03  -6.59432294e-03   2.36198456e-14   4.25603597e-15  -8.23218365e-15
  2.26400000e-05  -1.73443028e-03  -2.34661801e-03  -6.55892842e-03   2.32736034e-14   4.90008787e-15  -7.90755343e-15
  2.27200000e-05  -1.62396844e-03  -2.21877030e-03  -6.51336854e-03   2.28910087e-14   5.51379853e-15  -7.58564909e-15
  2.28000000e-05  -1.51431025e-03  -2.08086610e-03  -6.46647031e-03   2.25002622e-14   6.09692368e-15  -7.23103289e-15
  2.28800000e-05  -1.40359655e-03  -1.94975769e-03  -6.46729127e-03   2.22704698e-14   6.70803894e-15  -6.85569942e-15
  2.29600000e-05  -1.29422032e-03  -1.81199018e-03  -6.39447508e-03   2.17869109e-14   7.21861290e-15  -6.45512229e-15
  2.30400000e-05  -1.18503213e-03  -1.67995664e-03  -6.50115624e-03   2.19040879e-14   7.92491583e-15  -6.04055055e-15
  2.31200000e-05  -1.08092484e-03  -1.53955281e-03  -6.48385976e-03   2.15963347e-14   8.47601665e-15  -5.61290514e-15
  2.32000000e-05  -9.74418261e-04  -1.39917186e-03  -6.50204202e-03   2.14004108e-14   9.06217920e-15  -5.15722555e-15
  2.32800000e-05  -8.72402751e-04  -1.25830380e-03  -6.48421898e-03   2.10804836e-14   9.58556626e-15  -4.69635995e-15
  2.33600000e-05  -7.67397242e-04  -1.11432811e-03  -6.50207767e-03   2.08703923e-14   1.01495693e-14  -4.20263079e-15
  2.34400000e-05  -6.65543956e-04  -9.72743386e-04  -6.48018964e-03   2.05261347e-14   1.06403456e-14  -3.70535000e-15
  2.35200000e-05  -5.63248704e-04  -8.33437700e-04  -6.56887863e-03   2.05212973e-14   1.13086109e-14  -3.19439861e-15
  2.36000000e-05  -4.59278490e-04  -6.82984476e-04  -6.65250361e-03   2.04823756e-14   1.19764962e-14  -2.64364765e-15
  2.36800000e-05  -3.58147316e-04  -5.46915099e-04  -6.65030374e-03   2.01621365e-14   1.24922003e-14  -2.11316484e-15
  2.37600000e-05  -2.57080325e-04  -3.94080847e-04  -6.75942964e-03   2.01645309e-14   1.32160165e-14  -1.53742012e-15
  2.38400000e-05  -1.64227600e-04  -2.52936865e-04  -6.82229396e-03   2.00040645e-14   1.38599956e-14  -9.95401752e-16
  2.39200000e-05  -6.90226209e-05  -1.07132684e-04  -6.88462730e-03   1.98198217e-14   1.45076029e-14  -4.24460811e-16
