       time             b_x              b_y              b_z              F_x              F_y              F_z
  0.00000000e+00   1.36208595e-01   8.98284986e-02  -7.94333390e-02  -3.17170196e-13   8.20274989e-13   3.83752773e-13
  8.00000000e-08  -9.12286882e-02  -6.05149702e-02  -5.98727464e-02   3.59770280e-13  -1.83494659e-13  -3.62722577e-13
  1.60000000e-07  -4.84690766e-02  -3.24184986e-02  -3.77061454e-02   1.76151837e-13   9.61089011e-15  -2.34696159e-13
  2.40000000e-07  -3.41814682e-02  -2.30588638e-02  -2.53516082e-02   1.01495049e-13   4.11842918e-14  -1.74305027e-13
  3.20000000e-07  -2.68935533e-02  -1.83122334e-02  -1.81916610e-02   6.26439292e-14   4.60661049e-14  -1.38980773e-13
  4.00000000e-07  -2.22050101e-02  -1.52583394e-02  -1.36076280e-02   3.95526139e-14   4.45525727e-14  -1.14499343e-13
  4.80000000e-07  -1.88596021e-02  -1.30828863e-02  -1.05105339e-02   2.49517799e-14   4.14381408e-14  -9.63520157e-14
  5.60000000e-07  -1.62555271e-02  -1.13965092e-02  -8.34231639e-03   1.53344406e-14   3.81925255e-14  -8.20552529e-14
  6.40000000e-07  -1.42280524e-02  -1.00899993e-02  -6.71577660e-03   8.76499918e-15   3.48246946e-14  -7.08912816e-14
  7.20000000e-07  -1.25413898e-02  -9.00364952e-03  -5.49751363e-03   4.22525535e-15   3.17786373e-14  -6.16850289e-14
  8.00000000e-07  -1.11279830e-02  -8.10146964e-03  -4.51551895e-03   1.00535832e-15   2.87826803e-14  -5.41177268e-14
  8.80000000e-07  -9.93094636e-03  -7.34249107e-03  -3.77089146e-03  -1.23809253e-15   2.62450745e-14  -4.78424788e-14
  9.60000000e-07  -8.89862441e-03  -6.69524301e-03  -3.13457238e-03  -2.85678276e-15   2.37320889e-14  -4.25801830e-14
  1.04000000e-06  -7.99484501e-03  -6.12907195e-03  -2.61915083e-03  -3.98574040e-15   2.14748287e-14  -3.80869220e-14
  1.12000000e-06  -7.20691054e-03  -5.63741716e-03  -2.17428796e-03  -4.78236773e-15   1.93313387e-14  -3.42699428e-14
  1.20000000e-06  -6.50456758e-03  -5.19949061e-03  -1.78810264e-03  -5.32166904e-15   1.73049145e-14  -3.09610776e-14
  1.28000000e-06  -5.87652752e-03  -4.81079278e-03  -1.44240205e-03  -5.67643648e-15   1.53584988e-14  -2.80981434e-14
  1.36000000e-06  -5.31614859e-03  -4.46345934e-03  -1.12221143e-03  -5.89488811e-15   1.34595892e-14  -2.56085684e-14
  1.44000000e-06  -4.79656284e-03  -4.14130411e-03  -8.36931294e-04  -5.98818736e-15   1.16593588e-14  -2.33737630e-14
  1.52000000e-06  -4.32150098e-03  -3.84728320e-03  -5.64736109e-04  -5.99979239e-15   9.87980313e-15  -2.13945800e-14
  1.60000000e-06  -3.89206137e-03  -3.57740365e-03  -2.99475357e-04  -5.94959147e-15   8.11646452e-15  -1.96333171e-14
  1.68000000e-06   3.46292742e-04   3.65048995e-04  -4.48905674e-05   6.46090461e-16  -3.69885505e-16   1.97614133e-15
  1.76000000e-06   5.11022233e-03   5.07050133e-03  -1.89438385e-04   8.55911157e-15  -7.59077741e-15   2.77130538e-14
  1.84000000e-06   5.31943969e-03   5.43570800e-03  -4.05507133e-04   8.62289674e-15  -6.20085034e-15   2.99944597e-14
  1.92000000e-06   5.00162487e-03   5.27339334e-03  -6.04838624e-04   7.85093071e-15  -4.08472063e-15   2.93087627e-14
  2.00000000e-06   4.70070025e-03   5.11738855e-03  -7.91641493e-04   7.13493542e-15  -2.13140244e-15   2.85886711e-14
  2.08000000e-06   4.41416849e-03   4.96948630e-03  -9.68981539e-04   6.47112634e-15  -3.16526373e-16   2.78557098e-14
  2.16000000e-06   4.13643847e-03   4.81918534e-03  -1.13759788e-03   5.84137289e-15   1.37467119e-15   2.70634073e-14
  2.24000000e-06   3.86961651e-03   4.67168060e-03  -1.30008047e-03   5.24920925e-15   2.95683040e-15   2.62489860e-14
  2.32000000e-06   3.61263214e-03   4.52436735e-03  -1.45657424e-03   4.68829544e-15   4.43574482e-15   2.54062064e-14
  2.40000000e-06   3.36250132e-03   4.37847824e-03  -1.60727557e-03   4.15675582e-15   5.81881041e-15   2.45475215e-14
  2.48000000e-06   3.11742353e-03   4.22623384e-03  -1.75369583e-03   3.64645693e-15   7.11840145e-15   2.36366986e-14
  2.56000000e-06   2.87807166e-03   4.06921755e-03  -1.88984602e-03   3.15656792e-15   8.30428566e-15   2.26879720e-14
  2.64000000e-06   2.64401130e-03   3.90405578e-03  -2.02432299e-03   2.68718324e-15   9.42568010e-15   2.16879046e-14
  2.72000000e-06   2.41153284e-03   3.73131658e-03  -2.15175675e-03   2.23733047e-15   1.04583008e-14   2.06429593e-14
  2.80000000e-06   2.18247517e-03   3.55410438e-03  -2.27425714e-03   1.80892092e-15   1.14148931e-14   1.95745880e-14
  2.88000000e-06   1.95150706e-03   3.35877795e-03  -2.39495485e-03   1.39733459e-15   1.23167127e-14   1.84120429e-14
  2.96000000e-06   1.72326745e-03   3.15420403e-03  -2.50782970e-03   1.00619988e-15   1.31317007e-14   1.72077134e-14
  3.04000000e-06   1.49581211e-03   2.93374467e-03  -2.61719605e-03   6.34929413e-16   1.38864671e-14   1.59289113e-14
  3.12000000e-06   1.26849705e-03   2.69695274e-03  -2.71904865e-03   2.84508682e-16   1.45621144e-14   1.45765074e-14
  3.20000000e-06   1.03980748e-03   2.44350430e-03  -2.81825528e-03  -4.44082359e-17   1.51881069e-14   1.31521189e-14
  3.28000000e-06   8.11656969e-04   2.16959651e-03  -2.91065507e-03  -3.51756777e-16   1.57448554e-14   1.16380941e-14
  3.36000000e-06   5.79853062e-04   1.87488693e-03  -3.00008563e-03  -6.38229070e-16   1.62567892e-14   1.00362344e-14
  3.44000000e-06   3.49579472e-04   1.55611075e-03  -3.08527389e-03  -9.04812304e-16   1.67207243e-14   8.33086334e-15
  3.52000000e-06   1.18026065e-04   1.21372326e-03  -3.16491235e-03  -1.15329455e-15   1.71338826e-14   6.52772362e-15
  3.60000000e-06  -1.14800540e-04   8.43977550e-04  -3.24679956e-03  -1.38989512e-15   1.75430652e-14   4.60931253e-15
  3.68000000e-06  -3.48866761e-04   4.42127668e-04  -3.32245229e-03  -1.61664694e-15   1.79074013e-14   2.55273853e-15
  3.76000000e-06  -5.81240998e-04   1.47398558e-05  -3.40277286e-03  -1.84694583e-15   1.82915305e-14   3.94717842e-16
  3.84000000e-06  -8.14831324e-04  -4.46811331e-04  -3.48500616e-03  -2.08982551e-15   1.86859268e-14  -1.90709233e-15
  3.92000000e-06  -1.04743663e-03  -9.44159790e-04  -3.57078561e-03  -2.35988075e-15   1.91056160e-14  -4.35952492e-15
  4.00000000e-06  -1.27946991e-03  -1.47275811e-03  -3.66751972e-03  -2.68053753e-15   1.95964741e-14  -6.93416836e-15
  4.08000000e-06  -1.50671995e-03  -2.04522686e-03  -3.77359100e-03  -3.07229698e-15   2.01560247e-14  -9.69754058e-15
  4.16000000e-06  -1.73359466e-03  -2.65274259e-03  -3.89188848e-03  -3.56522984e-15   2.08053001e-14  -1.25929719e-14
  4.24000000e-06  -1.95254852e-03  -3.30557735e-03  -4.03169450e-03  -4.20091281e-15   2.15989200e-14  -1.56744056e-14
  4.32000000e-06  -2.16781537e-03  -3.99719618e-03  -4.19648291e-03  -5.02359010e-15   2.25590640e-14  -1.88926752e-14
  4.40000000e-06  -2.37602304e-03  -4.74367102e-03  -4.38711180e-03  -6.08411896e-15   2.36919704e-14  -2.23224096e-14
  4.48000000e-06  -2.57539536e-03  -5.53461217e-03  -4.61955350e-03  -7.45742032e-15   2.50804558e-14  -2.58909850e-14
  4.56000000e-06  -2.76716129e-03  -6.37575840e-03  -4.89563271e-03  -9.21604142e-15   2.67287869e-14  -2.96006712e-14
  4.64000000e-06  -2.94592399e-03  -7.26801111e-03  -5.22671930e-03  -1.14553954e-14   2.86824632e-14  -3.34278019e-14
  4.72000000e-06  -3.11434948e-03  -8.21647566e-03  -5.62546669e-03  -1.42907409e-14   3.09869397e-14  -3.73474925e-14
  4.80000000e-06  -3.26679587e-03  -9.22247998e-03  -6.10235434e-03  -1.78497857e-14   3.36585026e-14  -4.13124585e-14
  4.88000000e-06  -3.40607340e-03  -1.02803864e-02  -6.67938697e-03  -2.22918172e-14   3.67570861e-14  -4.52061670e-14
  4.96000000e-06  -3.52710171e-03  -1.13972970e-02  -7.36931029e-03  -2.77907404e-14   4.02616174e-14  -4.89669762e-14
  5.04000000e-06  -3.63135925e-03  -1.25718565e-02  -8.18525029e-03  -3.45324650e-14   4.41215318e-14  -5.24467508e-14
  5.12000000e-06  -3.71457560e-03  -1.37991484e-02  -9.15720264e-03  -4.27501122e-14   4.83088663e-14  -5.54560941e-14
  5.20000000e-06  -3.78411956e-03  -1.50806381e-02  -1.03157585e-02  -5.27077804e-14   5.27396168e-14  -5.77654598e-14
  5.28000000e-06  -3.83150713e-03  -1.64010650e-02  -1.16868176e-02  -6.46385418e-14   5.71817000e-14  -5.90560891e-14
  5.36000000e-06  -3.86662952e-03  -1.77270643e-02  -1.33086899e-02  -7.87500980e-14   6.13556753e-14  -5.88456530e-14
  5.44000000e-06  -3.88157082e-03  -1.90921252e-02  -1.52029335e-02  -9.53093629e-14   6.47052247e-14  -5.69238961e-14
  5.52000000e-06  -3.89137844e-03  -2.04194203e-02  -1.74287215e-02  -1.14369644e-13   6.66456794e-14  -5.25460557e-14
  5.60000000e-06  -3.89967027e-03  -2.16964331e-02  -2.00065031e-02  -1.35852156e-13   6.61569022e-14  -4.52647913e-14
  5.68000000e-06  -3.91707691e-03  -2.28623671e-02  -2.29767779e-02  -1.59369867e-13   6.20055387e-14  -3.45274418e-14
  5.76000000e-06  -3.94582914e-03  -2.38427052e-02  -2.63571406e-02  -1.84028361e-13   5.25714979e-14  -2.00060493e-14
  5.84000000e-06  -4.00473485e-03  -2.45709149e-02  -3.01355382e-02  -2.08305471e-13   3.60446803e-14  -1.70704070e-15
  5.92000000e-06  -4.09402396e-03  -2.49687394e-02  -3.42620210e-02  -2.29821287e-13   1.05975859e-14   1.97386340e-14
  6.00000000e-06  -4.21995669e-03  -2.49709596e-02  -3.86212847e-02  -2.45249769e-13  -2.50328672e-14   4.29824675e-14
  6.08000000e-06  -4.38108457e-03  -2.45238920e-02  -4.30060626e-02  -2.50386348e-13  -7.07400358e-14   6.58461760e-14
  6.16000000e-06  -4.55109434e-03  -2.36049241e-02  -4.71458719e-02  -2.40962227e-13  -1.24200056e-13   8.54449087e-14
  6.24000000e-06  -4.73070853e-03  -2.23668772e-02  -5.06420167e-02  -2.13891885e-13  -1.79915134e-13   9.94431145e-14
  6.32000000e-06  -4.89698922e-03  -2.09110241e-02  -5.31415567e-02  -1.68793604e-13  -2.30120544e-13   1.06105975e-13
  6.40000000e-06  -5.03890889e-03  -1.94077527e-02  -5.43220957e-02  -1.09251030e-13  -2.66353186e-13   1.05294589e-13
  6.48000000e-06  -5.15748811e-03  -1.80158887e-02  -5.40933688e-02  -4.27049162e-14  -2.82858309e-13   9.82781073e-14
  6.56000000e-06  -5.25743441e-03  -1.68190388e-02  -5.25131312e-02   2.19361613e-14  -2.78216178e-13   8.69116099e-14
  6.64000000e-06  -5.30474814e-03  -1.57354114e-02  -4.98491977e-02   7.70161293e-14  -2.55894438e-13   7.25799663e-14
  6.72000000e-06  -5.30800347e-03  -1.48120343e-02  -4.65059759e-02   1.18228054e-13  -2.22341071e-13   5.73209915e-14
  6.80000000e-06  -5.22661870e-03  -1.38961257e-02  -4.28179394e-02   1.44836003e-13  -1.83924063e-13   4.20111143e-14
  6.88000000e-06  -5.06368300e-03  -1.30014381e-02  -3.91082513e-02   1.58748550e-13  -1.45827860e-13   2.79255536e-14
  6.96000000e-06  -4.82006616e-03  -1.20732983e-02  -3.55597420e-02   1.62864818e-13  -1.11060387e-13   1.56313279e-14
  7.04000000e-06  -4.50377776e-03  -1.10927830e-02  -3.22948633e-02   1.60232368e-13  -8.10480526e-14   5.49305577e-15
  7.12000000e-06  -4.14238094e-03  -1.01113813e-02  -2.93867611e-02   1.53538999e-13  -5.60992503e-14  -2.34037738e-15
  7.20000000e-06  -3.75299918e-03  -9.12819572e-03  -2.68339121e-02   1.44654989e-13  -3.57983517e-14  -8.05382731e-15
  7.28000000e-06  -3.35514916e-03  -8.16497502e-03  -2.46203216e-02   1.34899851e-13  -1.94930876e-14  -1.19189568e-14
  7.36000000e-06  -2.95420667e-03  -7.21130432e-03  -2.27228179e-02   1.25130404e-13  -6.47360702e-15  -1.42138148e-14
  7.44000000e-06  -2.56463127e-03  -6.29022321e-03  -2.11153325e-02   1.15880466e-13   3.93031549e-15  -1.52454728e-14
  7.52000000e-06  -2.19693936e-03  -5.40959395e-03  -1.97576556e-02   1.07364777e-13   1.23022988e-14  -1.53066918e-14
  7.60000000e-06  -1.84929082e-03  -4.55561218e-03  -1.86276404e-02   9.97261771e-14   1.91329061e-14  -1.45796676e-14
  7.68000000e-06  -1.53278719e-03  -3.75630515e-03  -1.76873336e-02   9.29177410e-14   2.48023323e-14  -1.33196024e-14
  7.76000000e-06  -1.24220305e-03  -3.00309470e-03  -1.69216142e-02   8.69327607e-14   2.96330048e-14  -1.16406660e-14
  7.84000000e-06  -9.80586489e-04  -2.28856717e-03  -1.63062211e-02   8.16694044e-14   3.38661875e-14  -9.66434582e-15
  7.92000000e-06  -7.45766056e-04  -1.60617690e-03  -1.58227966e-02   7.70271495e-14   3.76931874e-14  -7.45671979e-15
  8.00000000e-06  -5.37635251e-04  -9.73874317e-04  -1.54590578e-02   7.29150012e-14   4.12713442e-14  -5.13580958e-15
  8.08000000e-06  -3.60213591e-04  -3.93544115e-04  -1.51988647e-02   6.92121456e-14   4.47086334e-14  -2.79797050e-15
  8.16000000e-06  -2.06445264e-04   1.56232506e-04  -1.50339224e-02   6.58303908e-14   4.81015238e-14  -4.04109497e-16
  8.24000000e-06  -7.45214307e-05   6.67544196e-04  -1.49489418e-02   6.26464039e-14   5.14970159e-14   1.98730016e-15
  8.32000000e-06   3.35634371e-05   1.13274984e-03  -1.49314080e-02   5.95524741e-14   5.49234640e-14   4.30055430e-15
  8.40000000e-06   1.21274886e-04   1.56395276e-03  -1.49787488e-02   5.64853547e-14   5.84240042e-14   6.55746610e-15
  8.48000000e-06   1.86879039e-04   1.94782116e-03  -1.50710123e-02   5.33184686e-14   6.19570197e-14   8.66864783e-15
  8.56000000e-06   2.37988213e-04   2.29587335e-03  -1.52045851e-02   4.99986655e-14   6.55242202e-14   1.06766744e-14
  8.64000000e-06   2.69094464e-04   2.60959858e-03  -1.53689567e-02   4.64536517e-14   6.90862379e-14   1.25439724e-14
  8.72000000e-06   2.86162932e-04   2.88510313e-03  -1.55543021e-02   4.26279836e-14   7.25907697e-14   1.42488171e-14
  8.80000000e-06   2.91675450e-04   3.13831139e-03  -1.57474805e-02   3.84699132e-14   7.59571453e-14   1.58500214e-14
  8.88000000e-06   2.81938801e-04   3.34758367e-03  -1.59382737e-02   3.39593901e-14   7.91059419e-14   1.72156806e-14
  8.96000000e-06   2.64873092e-04   3.52221110e-03  -1.61142193e-02   2.90879862e-14   8.19405847e-14   1.83885211e-14
  9.04000000e-06   2.37148021e-04   3.68175856e-03  -1.62708887e-02   2.38788059e-14   8.43977998e-14   1.94454735e-14
  9.12000000e-06   2.06209987e-04   3.81348268e-03  -1.64002449e-02   1.83704662e-14   8.64009658e-14   2.03214502e-14
  9.20000000e-06   1.67132516e-04   3.92617395e-03  -1.64941147e-02   1.26135381e-14   8.78705794e-14   2.10440704e-14
  9.28000000e-06   1.24338779e-04   4.01012082e-03  -1.65341575e-02   6.68205690e-15   8.86828464e-14   2.15589919e-14
  9.36000000e-06   7.87438536e-05   4.08417237e-03  -1.65302456e-02   6.67448498e-16   8.88733148e-14   2.19613491e-14
  9.44000000e-06   3.10381239e-05   4.12507568e-03  -1.64673835e-02  -5.31873340e-15   8.83575945e-14   2.21235318e-14
  9.52000000e-06  -1.76114811e-05   4.15262613e-03  -1.63491865e-02  -1.11782993e-14   8.71663860e-14   2.21519449e-14
  9.60000000e-06  -6.45203249e-05   4.14139987e-03  -1.61662734e-02  -1.67770457e-14   8.52776189e-14   2.19129772e-14
  9.68000000e-06  -1.07066386e-04   4.10754178e-03  -1.59307413e-02  -2.20317743e-14   8.27985046e-14   2.14966255e-14
  9.76000000e-06  -1.50530632e-04   4.02619148e-03  -1.56346679e-02  -2.68136251e-14   7.97352137e-14   2.07913281e-14
  9.84000000e-06  -1.80947569e-04   3.90133379e-03  -1.52905199e-02  -3.10574183e-14   7.62302471e-14   1.98174690e-14
  9.92000000e-06  -2.03822153e-04   3.73568078e-03  -1.49022222e-02  -3.47075288e-14   7.23664172e-14   1.86154785e-14
  1.00000000e-05  -2.14627200e-04   3.49959393e-03  -1.44724184e-02  -3.76815286e-14   6.82338141e-14   1.70585258e-14
  1.00800000e-05  -2.10191609e-04   3.20523407e-03  -1.40196970e-02  -4.00056993e-14   6.39939426e-14   1.52303168e-14
  1.01600000e-05  -1.86872463e-04   2.83477874e-03  -1.35508423e-02  -4.16651939e-14   5.97437673e-14   1.30727253e-14
  1.02400000e-05  -1.41424727e-04   2.40291111e-03  -1.30752455e-02  -4.27177985e-14   5.55804466e-14   1.06763751e-14
  1.03200000e-05  -7.14951866e-05   1.88877407e-03  -1.26013260e-02  -4.31833721e-14   5.15844702e-14   7.97684408e-15
  1.04000000e-05   2.36489581e-05   1.30373322e-03  -1.21431769e-02  -4.31655996e-14   4.78409688e-14   5.05230543e-15
  1.04800000e-05   1.50165717e-04   6.40425780e-04  -1.17084960e-02  -4.27351145e-14   4.44008179e-14   1.88052157e-15
  1.05600000e-05   3.08704332e-04  -1.00936965e-04  -1.13018107e-02  -4.19733386e-14   4.12814781e-14  -1.51517124e-15
  1.06400000e-05   5.00678377e-04  -9.13213651e-04  -1.09310694e-02  -4.09940895e-14   3.85010417e-14  -5.09415218e-15
  1.07200000e-05   7.33535543e-04  -1.80255194e-03  -1.06018746e-02  -3.98894595e-14   3.60663146e-14  -8.89198802e-15
  1.08000000e-05   1.00494334e-03  -2.76121146e-03  -1.03182976e-02  -3.87754614e-14   3.39515040e-14  -1.28620466e-14
  1.08800000e-05   1.31948931e-03  -3.79862009e-03  -1.00879248e-02  -3.77626939e-14   3.21424462e-14  -1.70425945e-14
  1.09600000e-05   1.67997105e-03  -4.90053515e-03  -9.91050888e-03  -3.69714789e-14   3.05863655e-14  -2.13914922e-14
  1.10400000e-05   2.09246409e-03  -6.08290469e-03  -9.79582492e-03  -3.65299579e-14   2.92529126e-14  -2.59682371e-14
  1.11200000e-05   2.55739652e-03  -7.34684362e-03  -9.75250531e-03  -3.65958288e-14   2.80843802e-14  -3.07532870e-14
  1.12000000e-05   3.08218242e-03  -8.68456824e-03  -9.77825251e-03  -3.72961742e-14   2.69869142e-14  -3.57245132e-14
  1.12800000e-05   3.67069595e-03  -1.01107497e-02  -9.89860434e-03  -3.88756479e-14   2.59096090e-14  -4.08811426e-14
  1.13600000e-05   4.33334612e-03  -1.16305539e-02  -1.01124202e-02  -4.14801079e-14   2.47122958e-14  -4.61971857e-14
  1.14400000e-05   5.07455063e-03  -1.32512229e-02  -1.04437750e-02  -4.53877768e-14   2.32707367e-14  -5.15798444e-14
  1.15200000e-05   5.89820646e-03  -1.49856320e-02  -1.09283520e-02  -5.09470285e-14   2.14277177e-14  -5.68799382e-14
  1.16000000e-05   6.81885057e-03  -1.68302938e-02  -1.15860144e-02  -5.84351780e-14   1.89299428e-14  -6.18898974e-14
  1.16800000e-05   7.83492937e-03  -1.88070021e-02  -1.24645332e-02  -6.82440038e-14   1.54751517e-14  -6.62462162e-14
  1.17600000e-05   8.95007202e-03  -2.09112260e-02  -1.36147299e-02  -8.07289653e-14   1.06435825e-14  -6.94174924e-14
  1.18400000e-05   1.01856455e-02  -2.31806586e-02  -1.50731289e-02  -9.60627834e-14   3.83802437e-15  -7.08167093e-14
  1.19200000e-05   1.15241954e-02  -2.56252016e-02  -1.69471467e-02  -1.14576459e-13  -5.66162050e-15  -6.93521666e-14
  1.20000000e-05   1.29510151e-02  -2.82187836e-02  -1.93111495e-02  -1.35984612e-13  -1.88523657e-14  -6.36496520e-14
  1.20800000e-05   1.44574055e-02  -3.09946070e-02  -2.22371360e-02  -1.59387573e-13  -3.69705322e-14  -5.20950031e-14
  1.21600000e-05   1.59981468e-02  -3.39509408e-02  -2.58456633e-02  -1.83088229e-13  -6.14311784e-14  -3.26331756e-14
  1.22400000e-05   1.75213797e-02  -3.70769146e-02  -3.01760330e-02  -2.03481161e-13  -9.35471829e-14  -3.20883056e-15
  1.23200000e-05   1.89647175e-02  -4.03854106e-02  -3.52169822e-02  -2.14899984e-13  -1.33891174e-13   3.78150676e-14
  1.24000000e-05   2.02215305e-02  -4.38445324e-02  -4.08727292e-02  -2.09334338e-13  -1.81124638e-13   9.07271041e-14
  1.24800000e-05   2.12418715e-02  -4.74912613e-02  -4.67468099e-02  -1.76907739e-13  -2.29773483e-13   1.53045333e-13
  1.25600000e-05   2.20300366e-02  -5.15272964e-02  -5.21897510e-02  -1.09308255e-13  -2.68552636e-13   2.19003275e-13
  1.26400000e-05   2.25636171e-02  -5.60125509e-02  -5.63511988e-02  -4.57995901e-15  -2.81113845e-13   2.77590601e-13
  1.27200000e-05   2.29344433e-02  -6.09949404e-02  -5.82005569e-02   1.27591718e-13  -2.51070604e-13   3.13403901e-13
  1.28000000e-05   2.32403136e-02  -6.64263206e-02  -5.69110890e-02   2.65115775e-13  -1.72879511e-13   3.10047196e-13
  1.28800000e-05   2.35935856e-02  -7.18572129e-02  -5.22028749e-02   3.80042305e-13  -6.04095854e-14   2.54917475e-13
  1.29600000e-05   2.40653249e-02  -7.66457121e-02  -4.47050255e-02   4.49777340e-13   5.53057462e-14   1.47300878e-13
  1.30400000e-05   2.47580175e-02  -8.01412932e-02  -3.55343522e-02   4.63497225e-13   1.42271688e-13   2.06660051e-15
  1.31200000e-05   2.57365347e-02  -8.20349353e-02  -2.61223051e-02   4.22733841e-13   1.81805439e-13  -1.54453951e-13
  1.32000000e-05   2.70396972e-02  -8.24589681e-02  -1.76810626e-02   3.37143961e-13   1.73728369e-13  -2.94619820e-13
  1.32800000e-05   2.85796251e-02  -8.17533835e-02  -1.12669123e-02   2.19624928e-13   1.31537920e-13  -3.97346836e-13
  1.33600000e-05   3.02241319e-02  -8.02593431e-02  -7.67607971e-03   8.37026586e-14   7.46391765e-14  -4.50835741e-13
  1.34400000e-05   3.18128338e-02  -7.83283700e-02  -7.05810473e-03  -5.57946530e-14   1.81181313e-14  -4.52550626e-13
  1.35200000e-05   3.31158433e-02  -7.60548149e-02  -9.31073439e-03  -1.83615972e-13  -3.02034902e-14  -4.06356441e-13
  1.36000000e-05   3.38846422e-02  -7.35285232e-02  -1.39333489e-02  -2.85039043e-13  -7.03257514e-14  -3.22068829e-13
  1.36800000e-05   3.38800083e-02  -7.05135348e-02  -2.02752315e-02  -3.47394746e-13  -1.05767911e-13  -2.12656887e-13
  1.37600000e-05   3.29452645e-02  -6.69540663e-02  -2.75091159e-02  -3.63449650e-13  -1.39850418e-13  -9.48918427e-14
  1.38400000e-05   3.10646721e-02  -6.26995847e-02  -3.47016865e-02  -3.32401307e-13  -1.72502686e-13   1.41177332e-14
  1.39200000e-05   2.84067377e-02  -5.79317412e-02  -4.10165481e-02  -2.62709800e-13  -1.99587962e-13   9.99535545e-14
  1.40000000e-05   2.52334487e-02  -5.27653474e-02  -4.58485868e-02  -1.68555696e-13  -2.14799907e-13   1.54437699e-13
  1.40800000e-05   2.18856906e-02  -4.74621852e-02  -4.87568528e-02  -6.78233125e-14  -2.13138102e-13   1.77034397e-13
  1.41600000e-05   1.86739373e-02  -4.23131258e-02  -4.97548517e-02   2.33463221e-14  -1.93982939e-13   1.73731646e-13
  1.42400000e-05   1.57792885e-02  -3.74697392e-02  -4.90218197e-02   9.43344911e-14  -1.60929449e-13   1.53370798e-13
  1.43200000e-05   1.33030009e-02  -3.30801042e-02  -4.70015176e-02   1.41325052e-13  -1.20605094e-13   1.24882699e-13
  1.44000000e-05   1.12382072e-02  -2.91129339e-02  -4.41635944e-02   1.66272873e-13  -7.95068820e-14   9.47225346e-14
  1.44800000e-05   9.54346738e-03  -2.55523054e-02  -4.09309249e-02   1.74015607e-13  -4.23110200e-14   6.69874033e-14
  1.45600000e-05   8.13990914e-03  -2.23636308e-02  -3.76505767e-02   1.70240887e-13  -1.13270377e-14   4.35334380e-14
  1.46400000e-05   6.98802643e-03  -1.94994279e-02  -3.44916004e-02   1.59559977e-13   1.29651987e-14   2.49972564e-14
  1.47200000e-05   6.03396344e-03  -1.69145860e-02  -3.15872232e-02   1.45616339e-13   3.11805380e-14   1.11196154e-14
  1.48000000e-05   5.22084644e-03  -1.45893957e-02  -2.89929692e-02   1.30741928e-13   4.44283155e-14   1.18653776e-15
  1.48800000e-05   4.51434278e-03  -1.24806571e-02  -2.67385519e-02   1.16416025e-13   5.38985765e-14  -5.50320778e-15
  1.49600000e-05   3.91552437e-03  -1.06093021e-02  -2.47613791e-02   1.03050162e-13   6.04745513e-14  -9.61567449e-15
  1.50400000e-05   3.38035455e-03  -8.92338954e-03  -2.30657898e-02   9.11034370e-14   6.50521911e-14  -1.18150788e-14
  1.51200000e-05   2.90279971e-03  -7.42074292e-03  -2.16153907e-02   8.05589001e-14   6.82219197e-14  -1.26026394e-14
  1.52000000e-05   2.47703897e-03  -6.07401097e-03  -2.03663881e-02   7.12768333e-14   7.03795046e-14  -1.23208095e-14
  1.52800000e-05   2.08780396e-03  -4.87413146e-03  -1.93030683e-02   6.31479179e-14   7.18918440e-14  -1.13230613e-14
  1.53600000e-05   1.73305494e-03  -3.81414992e-03  -1.83914876e-02   5.59568967e-14   7.29421049e-14  -9.85432781e-15
  1.54400000e-05   1.40541427e-03  -2.87583545e-03  -1.76026185e-02   4.95259450e-14   7.36489993e-14  -8.07822616e-15
  1.55200000e-05   1.10103697e-03  -2.04389463e-03  -1.69187873e-02   4.37228787e-14   7.41118848e-14  -6.10778867e-15
  1.56000000e-05   8.24329755e-04  -1.32297004e-03  -1.63215704e-02   3.83984149e-14   7.43705002e-14  -4.08888274e-15
  1.56800000e-05   5.62261061e-04  -6.91293231e-04  -1.57963270e-02   3.34679934e-14   7.44705922e-14  -2.06777606e-15
  1.57600000e-05   3.25465244e-04  -1.36527054e-04  -1.53288648e-02   2.88531652e-14   7.44024815e-14  -5.00525723e-17
  1.58400000e-05   1.02137001e-04   3.43588373e-04  -1.49077991e-02   2.44842874e-14   7.41824187e-14   1.87747152e-15
  1.59200000e-05  -1.07324073e-04   7.57013524e-04  -1.45241521e-02   2.03192257e-14   7.38077436e-14   3.69678845e-15
  1.60000000e-05  -3.02837304e-04   1.11457832e-03  -1.41711007e-02   1.63348988e-14   7.32780607e-14   5.41435153e-15
  1.60800000e-05  -4.83194900e-04   1.41741119e-03  -1.38388044e-02   1.25022118e-14   7.25694343e-14   6.99624913e-15
  1.61600000e-05  -6.51038160e-04   1.67574826e-03  -1.35360509e-02   8.82616192e-15   7.17556959e-14   8.45876801e-15
  1.62400000e-05  -8.10889011e-04   1.89459465e-03  -1.32390417e-02   5.28916061e-15   7.07399570e-14   9.79939668e-15
  1.63200000e-05  -9.61864370e-04   2.08207595e-03  -1.29602827e-02   1.90162758e-15   6.96057699e-14   1.10410702e-14
  1.64000000e-05  -1.10229965e-03   2.23855714e-03  -1.26943366e-02  -1.34417926e-15   6.83406635e-14   1.21681167e-14
  1.64800000e-05  -1.23780811e-03   2.37095598e-03  -1.24398784e-02  -4.44447225e-15   6.69611195e-14   1.32045720e-14
  1.65600000e-05  -1.35971434e-03   2.47319447e-03  -1.21963702e-02  -7.40989014e-15   6.54699013e-14   1.41021574e-14
  1.66400000e-05  -1.47808098e-03   2.56285595e-03  -1.19631855e-02  -1.02253043e-14   6.38898091e-14   1.49503830e-14
  1.67200000e-05  -1.59199876e-03   2.63235943e-03  -1.17417482e-02  -1.29059332e-14   6.22402553e-14   1.57033646e-14
  1.68000000e-05  -1.69979602e-03   2.68981793e-03  -1.15344212e-02  -1.54545146e-14   6.05433485e-14   1.63961506e-14
  1.68800000e-05  -1.80237364e-03   2.73068944e-03  -1.13389552e-02  -1.78801435e-14   5.87986922e-14   1.70022426e-14
  1.69600000e-05  -1.89760585e-03   2.75959108e-03  -1.11572442e-02  -2.01894090e-14   5.70233493e-14   1.75377237e-14
  1.70400000e-05  -1.99074847e-03   2.77875345e-03  -1.09902122e-02  -2.23920546e-14   5.52335138e-14   1.80212413e-14
  1.71200000e-05  -2.08004430e-03   2.78866105e-03  -1.08387824e-02  -2.44998831e-14   5.34377265e-14   1.84504625e-14
  1.72000000e-05  -2.16246655e-03   2.79100856e-03  -1.07030105e-02  -2.65221903e-14   5.16385759e-14   1.88243352e-14
  1.72800000e-05  -2.24258694e-03   2.78683904e-03  -1.05829521e-02  -2.84688005e-14   4.98420083e-14   1.91577372e-14
  1.73600000e-05  -2.31579250e-03   2.77240578e-03  -1.04827029e-02  -3.03638435e-14   4.80653890e-14   1.94199077e-14
  1.74400000e-05  -2.38402490e-03   2.74900034e-03  -1.04037292e-02  -3.22227093e-14   4.63149221e-14   1.96217600e-14
  1.75200000e-05  -2.45497352e-03   2.72636965e-03  -1.03386659e-02  -3.40287158e-14   4.45587497e-14   1.98307230e-14
  1.76000000e-05  -2.51238136e-03   2.69217135e-03  -1.02924786e-02  -3.58107075e-14   4.28107592e-14   1.99392257e-14
  1.76800000e-05  -2.57069819e-03   2.65568099e-03  -1.02671852e-02  -3.75823869e-14   4.10785804e-14   2.00351484e-14
  1.77600000e-05  -2.62235102e-03   2.61159700e-03  -1.02633422e-02  -3.93561779e-14   3.93560079e-14   2.00702405e-14
  1.78400000e-05  -2.66620465e-03   2.56255966e-03  -1.02790110e-02  -4.11320369e-14   3.76286589e-14   2.00497998e-14
  1.79200000e-05  -2.71149856e-03   2.51036866e-03  -1.03112694e-02  -4.29043903e-14   3.58781887e-14   2.00171934e-14
  1.80000000e-05  -2.74750478e-03   2.45477452e-03  -1.03678500e-02  -4.47110946e-14   3.41229572e-14   1.99277683e-14
  1.80800000e-05  -2.77423449e-03   2.38550942e-03  -1.04392753e-02  -4.65140165e-14   3.23219981e-14   1.97470815e-14
  1.81600000e-05  -2.80173440e-03   2.32318708e-03  -1.05288141e-02  -4.83340330e-14   3.04743022e-14   1.95859313e-14
  1.82400000e-05  -2.81782245e-03   2.24925568e-03  -1.06392817e-02  -5.01805691e-14   2.85807175e-14   1.93326279e-14
  1.83200000e-05  -2.82621917e-03   2.17578225e-03  -1.07686460e-02  -5.20493886e-14   2.66220073e-14   1.90392246e-14
  1.84000000e-05  -2.82694183e-03   2.09480475e-03  -1.09157496e-02  -5.39304305e-14   2.45833026e-14   1.86845079e-14
  1.84800000e-05  -2.82088818e-03   2.00930778e-03  -1.10772530e-02  -5.58053560e-14   2.24448851e-14   1.82824525e-14
  1.85600000e-05  -2.80677024e-03   1.92029533e-03  -1.12536648e-02  -5.76720409e-14   2.01982630e-14   1.78305292e-14
  1.86400000e-05  -2.78042890e-03   1.82651989e-03  -1.14496904e-02  -5.95471448e-14   1.78436303e-14   1.73068739e-14
  1.87200000e-05  -2.74636326e-03   1.72979045e-03  -1.16539210e-02  -6.13662433e-14   1.53462567e-14   1.67394137e-14
  1.88000000e-05  -2.69811368e-03   1.62574672e-03  -1.18792860e-02  -6.31819724e-14   1.27220287e-14   1.60914504e-14
  1.88800000e-05  -2.63165293e-03   1.51617416e-03  -1.21108636e-02  -6.49069107e-14   9.94497002e-15   1.53490926e-14
  1.89600000e-05  -2.54979731e-03   1.40305262e-03  -1.23603377e-02  -6.65907148e-14   7.01823580e-15   1.45335657e-14
  1.90400000e-05  -2.44944615e-03   1.28164912e-03  -1.26184015e-02  -6.81649585e-14   3.92853372e-15   1.36309973e-14
  1.91200000e-05  -2.32889620e-03   1.15347113e-03  -1.28922673e-02  -6.96527165e-14   6.75257107e-16   1.26426821e-14
  1.92000000e-05  -2.18463241e-03   1.01819226e-03  -1.31793408e-02  -7.10218863e-14  -2.74672527e-15   1.15605190e-14
  1.92800000e-05  -2.00631473e-03   8.72770634e-04  -1.34786305e-02  -7.22440343e-14  -6.33115210e-15   1.03436789e-14
  1.93600000e-05  -1.79710218e-03   7.19358471e-04  -1.37952029e-02  -7.33271928e-14  -1.00889460e-14   9.02624562e-15
  1.94400000e-05  -1.55180797e-03   5.56412953e-04  -1.41343197e-02  -7.42734226e-14  -1.40280494e-14   7.60225486e-15
  1.95200000e-05  -1.26365022e-03   3.81026781e-04  -1.44953818e-02  -7.50491634e-14  -1.81533009e-14   6.06531092e-15
  1.96000000e-05  -9.20976792e-04   1.95627622e-04  -1.48857178e-02  -7.56649765e-14  -2.24740729e-14   4.38602552e-15
  1.96800000e-05  -5.28751426e-04  -4.57025250e-06  -1.53046544e-02  -7.60759456e-14  -2.70167299e-14   2.63637041e-15
  1.97600000e-05  -6.89722612e-05  -2.17488810e-04  -1.57734574e-02  -7.63476168e-14  -3.18226688e-14   7.72623389e-16
  1.98400000e-05   4.60345517e-04  -4.51475674e-04  -1.62919440e-02  -7.64127251e-14  -3.69320536e-14  -1.13567366e-15
  1.99200000e-05   1.06920864e-03  -6.97885991e-04  -1.68781528e-02  -7.62993606e-14  -4.24226625e-14  -3.07935082e-15
  2.00000000e-05   1.76309864e-03  -9.65524758e-04  -1.75445229e-02  -7.59620002e-14  -4.83838040e-14  -4.97093818e-15
  2.00800000e-05   2.55616639e-03  -1.25787204e-03  -1.83014528e-02  -7.53238958e-14  -5.49002950e-14  -6.74716190e-15
  2.01600000e-05   3.45272405e-03  -1.57184930e-03  -1.91813004e-02  -7.43698809e-14  -6.21518776e-14  -8.29376984e-15
  2.02400000e-05   4.46686543e-03  -1.91242112e-03  -2.01976313e-02  -7.29369563e-14  -7.02611327e-14  -9.47787845e-15
  2.03200000e-05   5.60479191e-03  -2.28649104e-03  -2.13793383e-02  -7.08495192e-14  -7.94107307e-14  -1.00809897e-14
  2.04000000e-05   6.89217508e-03  -2.70453167e-03  -2.27579068e-02  -6.78378610e-14  -8.97591661e-14  -9.87761791e-15
  2.04800000e-05   8.32752294e-03  -3.16561484e-03  -2.43602115e-02  -6.35068767e-14  -1.01433741e-13  -8.52844875e-15
  2.05600000e-05   9.92355586e-03  -3.68362758e-03  -2.62262670e-02  -5.73325513e-14  -1.14508341e-13  -5.61027962e-15
  2.06400000e-05   1.17096043e-02  -4.28544528e-03  -2.83651732e-02  -4.85323948e-14  -1.28721844e-13  -5.87506392e-16
  2.07200000e-05   1.36738742e-02  -4.96883659e-03  -3.08162864e-02  -3.62549305e-14  -1.43720025e-13   7.08638146e-15
  2.08000000e-05   1.58493594e-02  -5.77375417e-03  -3.35773524e-02  -1.93968204e-14  -1.58463363e-13   1.80925917e-14
  2.08800000e-05   1.82539962e-02  -6.72920148e-03  -3.66055869e-02   3.13712885e-15  -1.71107275e-13   3.30190162e-14
  2.09600000e-05   2.09515330e-02  -7.89341331e-03  -3.98292636e-02   3.21767388e-14  -1.78842022e-13   5.23691832e-14
  2.10400000e-05   2.39000608e-02  -9.28692503e-03  -4.30884899e-02   6.77061117e-14  -1.77775435e-13   7.58710118e-14
  2.11200000e-05   2.71866335e-02  -1.09875585e-02  -4.61039362e-02   1.08222315e-13  -1.62835584e-13   1.02623904e-13
  2.12000000e-05   3.08380265e-02  -1.30340565e-02  -4.85207949e-02   1.50067948e-13  -1.29213878e-13   1.30088148e-13
  2.12800000e-05   3.48506248e-02  -1.54627000e-02  -4.99266114e-02   1.87592787e-13  -7.39815368e-14   1.53859434e-13
  2.13600000e-05   3.91718558e-02  -1.82261623e-02  -4.98981074e-02   2.14173559e-13   1.81689208e-15   1.67470496e-13
  2.14400000e-05   4.36891964e-02  -2.12094051e-02  -4.81514033e-02   2.24746400e-13   9.15784685e-14   1.63581210e-13
  2.15200000e-05   4.81214514e-02  -2.41696563e-02  -4.45859090e-02   2.17746160e-13   1.83165605e-13   1.35720268e-13
  2.16000000e-05   5.22544936e-02  -2.68476987e-02  -3.94474540e-02   1.96384825e-13   2.62174669e-13   8.17087729e-14
  2.16800000e-05   5.58994251e-02  -2.89593232e-02  -3.31915058e-02   1.66444922e-13   3.15705557e-13   4.86739505e-15
  2.17600000e-05   5.89437957e-02  -3.03191807e-02  -2.63786564e-02   1.33863944e-13   3.35422800e-13  -8.64068106e-14
  2.18400000e-05   6.12765932e-02  -3.08087475e-02  -1.97384895e-02   1.02058209e-13   3.18589506e-13  -1.80437532e-13
  2.19200000e-05   6.30456513e-02  -3.05349566e-02  -1.38071829e-02   7.20255604e-14   2.68838227e-13  -2.65663552e-13
  2.20000000e-05   6.43681380e-02  -2.96171158e-02  -9.21831617e-03   4.14932365e-14   1.93626657e-13  -3.32362299e-13
  2.20800000e-05   6.52831039e-02  -2.82433191e-02  -6.38559720e-03   7.70924101e-15   1.02248366e-13  -3.73426317e-13
  2.21600000e-05   6.59742728e-02  -2.66175326e-02  -5.49011915e-03  -3.02785173e-14   4.52025792e-15  -3.85769637e-13
  2.22400000e-05   6.63862916e-02  -2.48915697e-02  -6.65999042e-03  -7.10434092e-14  -9.09148881e-14  -3.68363024e-13
  2.23200000e-05   6.63919420e-02  -2.31839616e-02  -9.72403148e-03  -1.09109397e-13  -1.77045046e-13  -3.22847493e-13
  2.24000000e-05   6.58109789e-02  -2.15806421e-02  -1.44716030e-02  -1.37167810e-13  -2.48190063e-13  -2.53672444e-13
  2.24800000e-05   6.44728125e-02  -2.01261654e-02  -2.04483700e-02  -1.47082874e-13  -3.00292405e-13  -1.68185138e-13
  2.25600000e-05   6.22277011e-02  -1.88459812e-02  -2.70784521e-02  -1.33140585e-13  -3.30203675e-13  -7.61498584e-14
  2.26400000e-05   5.89765360e-02  -1.77169190e-02  -3.37626913e-02  -9.42990723e-14  -3.35555085e-13   1.13607541e-14
  2.27200000e-05   5.48696595e-02  -1.67228623e-02  -3.98402875e-02  -3.54653174e-14  -3.16206287e-13   8.38825349e-14
  2.28000000e-05   4.99837184e-02  -1.57582263e-02  -4.47907997e-02   3.35619074e-14  -2.73493511e-13   1.33673022e-13
  2.28800000e-05   4.48094522e-02  -1.48287252e-02  -4.81597292e-02   9.97582604e-14  -2.13431088e-13   1.58535442e-13
  2.29600000e-05   3.95376675e-02  -1.38430161e-02  -4.98042023e-02   1.52115535e-13  -1.43279585e-13   1.60583137e-13
  2.30400000e-05   3.45803661e-02  -1.28342489e-02  -4.97444296e-02   1.83619924e-13  -7.26066314e-14   1.46378114e-13
  2.31200000e-05   3.00643185e-02  -1.17971797e-02  -4.83193684e-02   1.93884766e-13  -9.10157389e-15   1.22857282e-13
  2.32000000e-05   2.60706852e-02  -1.07492587e-02  -4.59150449e-02   1.86788664e-13   4.22152827e-14   9.61760024e-14
  2.32800000e-05   2.25812788e-02  -9.70643003e-03  -4.29433968e-02   1.68293830e-13   7.97287640e-14   7.04743561e-14
  2.33600000e-05   1.95231980e-02  -8.68537723e-03  -3.97215147e-02   1.43986743e-13   1.04341312e-13   4.79548187e-14
  2.34400000e-05   1.68463133e-02  -7.69587958e-03  -3.65363116e-02   1.18319821e-13   1.18506837e-13   2.95935299e-14
  2.35200000e-05   1.44979486e-02  -6.75355103e-03  -3.35411319e-02   9.39136749e-14   1.24971983e-13   1.54303370e-14
  2.36000000e-05   1.24089359e-02  -5.86035042e-03  -3.07994430e-02   7.20439151e-14   1.26162471e-13   5.02061155e-15
  2.36800000e-05   1.05505669e-02  -5.03123798e-03  -2.83709239e-02   5.32196697e-14   1.24149437e-13  -2.22508351e-15
  2.37600000e-05   8.89051438e-03  -4.26577453e-03  -2.62414968e-02   3.73361338e-14   1.20286472e-13  -6.90423786e-15
  2.38400000e-05   7.39180847e-03  -3.55910222e-03  -2.44022747e-02   2.40946622e-14   1.15584102e-13  -9.55945747e-15
  2.39200000e-05   6.06716389e-03  -2.93394866e-03  -2.28249688e-02   1.30489798e-14   1.10587568e-13  -1.07464747e-14
  2.40000000e-05   4.85875024e-03  -2.36689961e-03  -2.14786229e-02   3.81345074e-15   1.05687595e-13  -1.07839000e-14
  2.40800000e-05   3.78186769e-03  -1.86283965e-03  -2.03479883e-02  -3.99450402e-15   1.01094460e-13  -9.99752170e-15
  2.41600000e-05   2.81455564e-03  -1.42007797e-03  -1.94058207e-02  -1.07100348e-14   9.68886412e-14  -8.64345890e-15
  2.42400000e-05   1.94749077e-03  -1.03696539e-03  -1.86181242e-02  -1.66020820e-14   9.30188781e-14  -6.91744008e-15
  2.43200000e-05   1.15447112e-03  -6.93466340e-04  -1.79824018e-02  -2.18798245e-14   8.95709457e-14  -4.85886493e-15
  2.44000000e-05   4.60840746e-04  -4.04465173e-04  -1.74709032e-02  -2.67431787e-14   8.63868840e-14  -2.70534568e-15
  2.44800000e-05  -1.62376904e-04  -1.59354986e-04  -1.70711327e-02  -3.13246420e-14   8.34468616e-14  -4.81003527e-16
  2.45600000e-05  -7.19225036e-04   4.71142381e-05  -1.67703437e-02  -3.57319392e-14   8.06783628e-14   1.75908171e-15
  2.46400000e-05  -1.20909610e-03   2.16102737e-04  -1.65551498e-02  -4.00473516e-14   7.79906055e-14   3.94288670e-15
  2.47200000e-05  -1.63321543e-03   3.50410556e-04  -1.64177303e-02  -4.43361766e-14   7.53181254e-14   6.01805438e-15
  2.48000000e-05  -2.00069383e-03   4.56844462e-04  -1.63495281e-02  -4.86353196e-14   7.26017000e-14   7.98017334e-15
  2.48800000e-05  -2.31601859e-03   5.37478530e-04  -1.63340735e-02  -5.29428425e-14   6.97434949e-14   9.80173368e-15
  2.49600000e-05  -2.57481566e-03   5.92507502e-04  -1.63678594e-02  -5.72775798e-14   6.66931209e-14   1.14245473e-14
  2.50400000e-05  -2.79602219e-03   6.27824666e-04  -1.64424026e-02  -6.16214257e-14   6.34146919e-14   1.29000723e-14
  2.51200000e-05  -2.97294058e-03   6.44000347e-04  -1.65485189e-02  -6.59449802e-14   5.98404116e-14   1.41757552e-14
  2.52000000e-05  -3.10995387e-03   6.45064980e-04  -1.66810119e-02  -7.02164427e-14   5.59397644e-14   1.52541513e-14
  2.52800000e-05  -3.22494954e-03   6.33116774e-04  -1.68285259e-02  -7.43689154e-14   5.16873985e-14   1.61963181e-14
  2.53600000e-05  -3.30820090e-03   6.10707412e-04  -1.69815299e-02  -7.83310578e-14   4.70423858e-14   1.69515945e-14
  2.54400000e-05  -3.36931532e-03   5.81665258e-04  -1.71440018e-02  -8.20857597e-14   4.20325313e-14   1.75584251e-14
  2.55200000e-05  -3.41661252e-03   5.45920719e-04  -1.73059708e-02  -8.55525513e-14   3.66538744e-14   1.80463743e-14
  2.56000000e-05  -3.44463754e-03   5.01984309e-04  -1.74592834e-02  -8.86551730e-14   3.09074869e-14   1.83799073e-14
  2.56800000e-05  -3.46534878e-03   4.57781832e-04  -1.76057523e-02  -9.13579728e-14   2.48393759e-14   1.86279035e-14
  2.57600000e-05  -3.48702774e-03   4.11019969e-04  -1.77403007e-02  -9.36021333e-14   1.84866232e-14   1.88267162e-14
  2.58400000e-05  -3.50264257e-03   3.61682714e-04  -1.78597006e-02  -9.53389829e-14   1.18841835e-14   1.89385417e-14
  2.59200000e-05  -3.52242395e-03   3.13438099e-04  -1.79655727e-02  -9.65473330e-14   5.09140266e-15   1.90184016e-14
  2.60000000e-05  -3.53791423e-03   2.61718149e-04  -1.80520523e-02  -9.71774911e-14  -1.84491193e-15   1.90184903e-14
  2.60800000e-05  -3.54839775e-03   2.07956079e-04  -1.81219198e-02  -9.72278594e-14  -8.86401604e-15   1.89361720e-14
  2.61600000e-05  -3.57722073e-03   1.59740184e-04  -1.81817240e-02  -9.67215343e-14  -1.59026846e-14   1.88900668e-14
  2.62400000e-05  -3.60058404e-03   1.07795994e-04  -1.82293873e-02  -9.56484786e-14  -2.29193122e-14   1.87565149e-14
  2.63200000e-05  -3.62682133e-03   5.55667102e-05  -1.82692698e-02  -9.40317377e-14  -2.98641556e-14   1.85763779e-14
  2.64000000e-05  -3.65306782e-03   4.21765493e-06  -1.83048512e-02  -9.18942945e-14  -3.66979474e-14   1.83307314e-14
  2.64800000e-05  -3.68041124e-03  -4.68598819e-05  -1.83487977e-02  -8.93051475e-14  -4.34103768e-14   1.80237353e-14
  2.65600000e-05  -3.69596173e-03  -9.79005932e-05  -1.84011297e-02  -8.62670335e-14  -4.99767827e-14   1.75930726e-14
  2.66400000e-05  -3.71746351e-03  -1.49429787e-04  -1.84728224e-02  -8.28309165e-14  -5.64046076e-14   1.71251275e-14
  2.67200000e-05  -3.71684257e-03  -1.94613396e-04  -1.85815794e-02  -7.90637859e-14  -6.27410497e-14   1.64721140e-14
  2.68000000e-05  -3.71343032e-03  -2.39930703e-04  -1.87264853e-02  -7.49369336e-14  -6.89835571e-14   1.57437101e-14
  2.68800000e-05  -3.70845763e-03  -2.86430924e-04  -1.89186217e-02  -7.04588269e-14  -7.51748590e-14   1.49496080e-14
  2.69600000e-05  -3.68279575e-03  -3.26290135e-04  -1.91774276e-02  -6.56463020e-14  -8.13948480e-14   1.39914624e-14
  2.70400000e-05  -3.63807682e-03  -3.63320671e-04  -1.95139723e-02  -6.04514246e-14  -8.77000140e-14   1.29030702e-14
  2.71200000e-05  -3.59800617e-03  -3.94571255e-04  -1.99431210e-02  -5.48082257e-14  -9.41692770e-14   1.17512612e-14
  2.72000000e-05  -3.54492382e-03  -4.20296887e-04  -2.04765477e-02  -4.86034466e-14  -1.00847420e-13   1.04842562e-14
  2.72800000e-05  -3.48538654e-03  -4.41015290e-04  -2.11382108e-02  -4.17065723e-14  -1.07831448e-13   9.12654555e-15
  2.73600000e-05  -3.42048560e-03  -4.59053290e-04  -2.19407579e-02  -3.39057398e-14  -1.15136452e-13   7.69471421e-15
  2.74400000e-05  -3.36117972e-03  -4.71091345e-04  -2.29039915e-02  -2.49497379e-14  -1.22775926e-13   6.18666093e-15
  2.75200000e-05  -3.30476600e-03  -4.84966420e-04  -2.40481995e-02  -1.45164933e-14  -1.30699442e-13   4.63063582e-15
  2.76000000e-05  -3.28759321e-03  -4.93900219e-04  -2.53874458e-02  -2.22315804e-15  -1.38754916e-13   2.98730022e-15
  2.76800000e-05  -3.30257509e-03  -5.06084978e-04  -2.69508315e-02   1.23752859e-14  -1.46726426e-13   1.23876434e-15
  2.77600000e-05  -3.37389965e-03  -5.23013034e-04  -2.87348326e-02   2.97520552e-14  -1.54073408e-13  -6.88991250e-16
  2.78400000e-05  -3.50602885e-03  -5.41007847e-04  -3.07473582e-02   5.03452534e-14  -1.60100793e-13  -2.92370243e-15
  2.79200000e-05  -3.71733698e-03  -5.64016665e-04  -3.29831045e-02   7.44846001e-14  -1.63810914e-13  -5.59353875e-15
  2.80000000e-05  -4.00084552e-03  -5.91151213e-04  -3.53954771e-02   1.02169695e-13  -1.63749536e-13  -8.81368057e-15
  2.80800000e-05  -4.43707237e-03  -6.15093532e-04  -3.78992697e-02   1.32812488e-13  -1.58193439e-13  -1.29816449e-14
  2.81600000e-05  -4.91866884e-03  -6.26051949e-04  -4.04120584e-02   1.65175938e-13  -1.45417111e-13  -1.78512826e-14
  2.82400000e-05  -5.44374372e-03  -6.12364159e-04  -4.27640054e-02   1.96906252e-13  -1.23854731e-13  -2.32920880e-14
  2.83200000e-05  -5.97456072e-03  -5.65065183e-04  -4.47465664e-02   2.24664743e-13  -9.28652108e-14  -2.88245189e-14
  2.84000000e-05  -6.40597507e-03  -4.69866622e-04  -4.61905545e-02   2.44893540e-13  -5.34523670e-14  -3.34195258e-14
  2.84800000e-05  -6.66472461e-03  -3.34988827e-04  -4.69297147e-02   2.54370467e-13  -8.36208481e-15  -3.60647390e-14
  2.85600000e-05  -6.73047985e-03  -1.90339468e-04  -4.68451338e-02   2.51205144e-13   3.81544361e-14  -3.62469549e-14
  2.86400000e-05  -6.60851643e-03  -3.37310968e-05  -4.59624420e-02   2.35893759e-13   8.13757596e-14  -3.39767125e-14
  2.87200000e-05  -6.32376822e-03   1.01607383e-04  -4.43827447e-02   2.10818537e-13   1.17429053e-13  -2.97691347e-14
  2.88000000e-05  -5.93240506e-03   2.00163954e-04  -4.23186032e-02   1.79735134e-13   1.44261091e-13  -2.45137048e-14
  2.88800000e-05  -5.50872718e-03   2.71148928e-04  -3.99435026e-02   1.46199007e-13   1.61525196e-13  -1.90662563e-14
  2.89600000e-05  -5.11048371e-03   3.13943520e-04  -3.74510607e-02   1.13234561e-13   1.70326701e-13  -1.40239130e-14
  2.90400000e-05  -4.77414846e-03   3.32748768e-04  -3.49879987e-02   8.27946267e-14   1.72442229e-13  -9.65742290e-15
  2.91200000e-05  -4.52473985e-03   3.43713165e-04  -3.26367727e-02   5.58382928e-14   1.69668821e-13  -5.95452077e-15
  2.92000000e-05  -4.34766351e-03   3.42577967e-04  -3.04806007e-02   3.26789481e-14   1.63758460e-13  -2.82071311e-15
  2.92800000e-05  -4.22197342e-03   3.35724729e-04  -2.85494651e-02   1.31213356e-14   1.55998960e-13  -1.05964222e-16
  2.93600000e-05  -4.14818693e-03   3.24691042e-04  -2.68469576e-02  -3.25820676e-15   1.47302442e-13   2.28493057e-15
  2.94400000e-05  -4.13670620e-03   3.12539993e-04  -2.53606192e-02  -1.69514540e-14   1.38264881e-13   4.46899539e-15
  2.95200000e-05  -4.13192529e-03   2.91721428e-04  -2.40895655e-02  -2.84577000e-14   1.29295856e-13   6.44691838e-15
  2.96000000e-05  -4.14536856e-03   2.70647911e-04  -2.30043030e-02  -3.81975220e-14   1.20556171e-13   8.30153746e-15
  2.96800000e-05  -4.16613604e-03   2.42522430e-04  -2.20916402e-02  -4.65488503e-14   1.12167386e-13   1.00097570e-14
  2.97600000e-05  -4.18041933e-03   2.09761470e-04  -2.13271147e-02  -5.37971154e-14   1.04116713e-13   1.15690368e-14
  2.98400000e-05  -4.20294357e-03   1.71455764e-04  -2.06894747e-02  -6.01620778e-14   9.63803749e-14   1.30202817e-14
  2.99200000e-05  -4.20552908e-03   1.27810475e-04  -2.01680714e-02  -6.58341169e-14   8.89251177e-14   1.42915428e-14
  3.00000000e-05  -4.20608814e-03   8.30100834e-05  -1.97348749e-02  -7.08952829e-14   8.16534539e-14   1.54533469e-14
  3.00800000e-05  -4.19685589e-03   3.45256398e-05  -1.93869865e-02  -7.54714689e-14   7.45507733e-14   1.64706770e-14
  3.01600000e-05  -4.16834235e-03  -1.68936874e-05  -1.91030917e-02  -7.95859515e-14   6.75268483e-14   1.73061366e-14
  3.02400000e-05  -4.14926736e-03  -6.94787543e-05  -1.88625222e-02  -8.32250043e-14   6.05222299e-14   1.80844205e-14
  3.03200000e-05  -4.11268611e-03  -1.23152418e-04  -1.86662537e-02  -8.64450079e-14   5.35354280e-14   1.86929939e-14
  3.04000000e-05  -4.07959954e-03  -1.78514872e-04  -1.84993284e-02  -8.92183220e-14   4.65336381e-14   1.92259996e-14
  3.04800000e-05  -4.03753455e-03  -2.34899239e-04  -1.83522541e-02  -9.15255106e-14   3.95050109e-14   1.96301617e-14
  3.05600000e-05  -3.99611996e-03  -2.90555599e-04  -1.82156726e-02  -9.33382361e-14   3.24535067e-14   1.99587053e-14
  3.06400000e-05  -3.95491279e-03  -3.47814334e-04  -1.80876243e-02  -9.46606840e-14   2.54038412e-14   2.02093390e-14
  3.07200000e-05  -3.91203824e-03  -4.03428912e-04  -1.79611837e-02  -9.54698664e-14   1.83781472e-14   2.03810338e-14
  3.08000000e-05  -3.87607946e-03  -4.59175581e-04  -1.78326820e-02  -9.57594321e-14   1.14085185e-14   2.05203375e-14
  3.08800000e-05  -3.84893733e-03  -5.16719456e-04  -1.76985140e-02  -9.55243639e-14   4.53107827e-15   2.06416197e-14
  3.09600000e-05  -3.82062203e-03  -5.72654743e-04  -1.75579696e-02  -9.47796435e-14  -2.21092795e-15   2.06962024e-14
  3.10400000e-05  -3.79949443e-03  -6.28161640e-04  -1.74086932e-02  -9.35334192e-14  -8.78048212e-15   2.07307500e-14
  3.11200000e-05  -3.77253321e-03  -6.83667568e-04  -1.72531273e-02  -9.18235742e-14  -1.51330542e-14   2.06776114e-14
  3.12000000e-05  -3.75824242e-03  -7.40299182e-04  -1.70924027e-02  -8.96831210e-14  -2.12457622e-14   2.06395283e-14
  3.12800000e-05  -3.73519413e-03  -7.92586657e-04  -1.69269749e-02  -8.71472718e-14  -2.70788398e-14   2.04983057e-14
  3.13600000e-05  -3.71114735e-03  -8.42347354e-04  -1.67602842e-02  -8.42646923e-14  -3.26165959e-14   2.02975790e-14
  3.14400000e-05  -3.68711842e-03  -8.91201159e-04  -1.65969354e-02  -8.10880936e-14  -3.78518544e-14   2.00467744e-14
  3.15200000e-05  -3.65038837e-03  -9.35564753e-04  -1.64379873e-02  -7.76551716e-14  -4.27654228e-14   1.96788908e-14
  3.16000000e-05  -3.60225104e-03  -9.74977192e-04  -1.62883998e-02  -7.40175490e-14  -4.73641120e-14   1.92043862e-14
  3.16800000e-05  -3.53983765e-03  -1.00524007e-03  -1.61548281e-02  -7.02334516e-14  -5.16638291e-14   1.86043184e-14
  3.17600000e-05  -3.45104054e-03  -1.02754459e-03  -1.60341118e-02  -6.63073728e-14  -5.56458837e-14   1.78374744e-14
  3.18400000e-05  -3.34457754e-03  -1.04013269e-03  -1.59421639e-02  -6.23222281e-14  -5.93792261e-14   1.69490039e-14
  3.19200000e-05  -3.21744328e-03  -1.03748477e-03  -1.58781260e-02  -5.82851004e-14  -6.28739840e-14   1.59187429e-14
  3.20000000e-05  -3.05689806e-03  -1.01662659e-03  -1.58516503e-02  -5.42336164e-14  -6.61671479e-14   1.47021865e-14
  3.20800000e-05  -2.85912493e-03  -9.80684010e-04  -1.58642709e-02  -5.01563516e-14  -6.92785012e-14   1.33219860e-14
  3.21600000e-05  -2.63809429e-03  -9.24678346e-04  -1.59212507e-02  -4.60575339e-14  -7.22673891e-14   1.18287320e-14
  3.22400000e-05  -2.36899455e-03  -8.43028510e-04  -1.60350743e-02  -4.19491385e-14  -7.51734128e-14   1.01496637e-14
  3.23200000e-05  -2.05864108e-03  -7.32894869e-04  -1.62058214e-02  -3.77902705e-14  -7.80260606e-14   8.32919848e-15
  3.24000000e-05  -1.70684951e-03  -5.93636069e-04  -1.64526309e-02  -3.35673234e-14  -8.09317408e-14   6.40252433e-15
  3.24800000e-05  -1.30586068e-03  -4.23800068e-04  -1.67763105e-02  -2.92025815e-14  -8.38984932e-14   4.39254448e-15
  3.25600000e-05  -8.53171766e-04  -2.17262868e-04  -1.71891096e-02  -2.46318209e-14  -8.69896386e-14   2.32209773e-15
  3.26400000e-05  -3.45224008e-04   2.81532119e-05  -1.77007018e-02  -1.97542603e-14  -9.02465673e-14   2.41736979e-16
  3.27200000e-05   2.22858486e-04   3.17356273e-04  -1.83267199e-02  -1.44507348e-14  -9.37252379e-14  -1.79872674e-15
  3.28000000e-05   8.61664513e-04   6.58144213e-04  -1.90787120e-02  -8.56922994e-15  -9.74319100e-14  -3.74805432e-15
  3.28800000e-05   1.56595923e-03   1.04789638e-03  -1.99780076e-02  -1.90817201e-15  -1.01418362e-13  -5.46921676e-15
  3.29600000e-05   2.34919407e-03   1.49263137e-03  -2.10441447e-02   5.76862268e-15  -1.05654092e-13  -6.84993377e-15
  3.30400000e-05   3.22322563e-03   2.00159766e-03  -2.22957519e-02   1.47381694e-14  -1.10042750e-13  -7.74842066e-15
  3.31200000e-05   4.19819449e-03   2.57572621e-03  -2.37572121e-02   2.53344705e-14  -1.14429306e-13  -7.92936171e-15
  3.32000000e-05   5.27331690e-03   3.21535864e-03  -2.54629666e-02   3.79502322e-14  -1.18594442e-13  -7.11621969e-15
  3.32800000e-05   6.48214539e-03   3.92691758e-03  -2.74369009e-02   5.29746961e-14  -1.22034604e-13  -4.95063741e-15
  3.33600000e-05   7.82633517e-03   4.71046362e-03  -2.96923785e-02   7.07462110e-14  -1.24004039e-13  -1.02494162e-15
  3.34400000e-05   9.35354366e-03   5.57200621e-03  -3.22656416e-02   9.15318635e-14  -1.23493760e-13   5.20799447e-15
  3.35200000e-05   1.10764827e-02   6.51155323e-03  -3.51222836e-02   1.15134877e-13  -1.18889386e-13   1.42682895e-14
  3.36000000e-05   1.29984934e-02   7.50297585e-03  -3.82512837e-02   1.40960466e-13  -1.08378246e-13   2.66426179e-14
  3.36800000e-05   1.52186282e-02   8.56926050e-03  -4.15305832e-02   1.67138903e-13  -8.94582702e-14   4.27885541e-14
  3.37600000e-05   1.77695300e-02   9.70302216e-03  -4.48073303e-02   1.90616543e-13  -5.99401350e-14   6.26139942e-14
  3.38400000e-05   2.06796327e-02   1.08595836e-02  -4.78105196e-02   2.06742528e-13  -1.83802410e-14   8.52481381e-14
  3.39200000e-05   2.40697782e-02   1.20877372e-02  -5.01948906e-02   2.09653848e-13   3.49971137e-14   1.08962435e-13
  3.40000000e-05   2.79102314e-02   1.33413878e-02  -5.15715958e-02   1.94014429e-13   9.69846331e-14   1.30088998e-13
  3.40800000e-05   3.21462377e-02   1.46007906e-02  -5.15725623e-02   1.57000177e-13   1.61560009e-13   1.43600949e-13
  3.41600000e-05   3.66012533e-02   1.58294401e-02  -4.99971365e-02   1.00764376e-13   2.20927937e-13   1.43713590e-13
  3.42400000e-05   4.09684500e-02   1.69868636e-02  -4.68161880e-02   3.26620866e-14   2.67477757e-13   1.25634391e-13
  3.43200000e-05   4.49599174e-02   1.80721458e-02  -4.22498760e-02  -3.64662000e-14   2.96234423e-13   8.79073427e-14
  3.44000000e-05   4.82885519e-02   1.90937244e-02  -3.66664877e-02  -9.56653477e-14   3.05317486e-13   3.30030748e-14
  3.44800000e-05   5.07711363e-02   2.00710425e-02  -3.06045419e-02  -1.36917836e-13   2.95831475e-13  -3.31267164e-14
  3.45600000e-05   5.23787104e-02   2.10467074e-02  -2.44824183e-02  -1.56817422e-13   2.70588772e-13  -1.02885735e-13
  3.46400000e-05   5.31046732e-02   2.20098981e-02  -1.87832128e-02  -1.56116227e-13   2.32684515e-13  -1.68721870e-13
  3.47200000e-05   5.31111798e-02   2.29778313e-02  -1.39289797e-02  -1.39156460e-13   1.85439738e-13  -2.24694183e-13
  3.48000000e-05   5.25734589e-02   2.39480780e-02  -1.00831566e-02  -1.11195032e-13   1.31725593e-13  -2.66913702e-13
  3.48800000e-05   5.16630606e-02   2.49005346e-02  -7.43516894e-03  -7.79335339e-14   7.40726375e-14  -2.93448155e-13
  3.49600000e-05   5.04659614e-02   2.57877320e-02  -6.13752014e-03  -4.44549151e-14   1.47342501e-14  -3.03623791e-13
  3.50400000e-05   4.90999369e-02   2.65788869e-02  -6.11601783e-03  -1.36323911e-14  -4.34637726e-14  -2.98326181e-13
  3.51200000e-05   4.76097211e-02   2.72006043e-02  -7.28642766e-03   1.30751170e-14  -9.76480844e-14  -2.79092077e-13
  3.52000000e-05   4.59722025e-02   2.75770766e-02  -9.55588881e-03   3.53570941e-14  -1.44868253e-13  -2.47972688e-13
  3.52800000e-05   4.41736269e-02   2.76410254e-02  -1.26726056e-02   5.43670100e-14  -1.82146769e-13  -2.07781693e-13
  3.53600000e-05   4.21714303e-02   2.73191000e-02  -1.64118364e-02   7.12109007e-14  -2.07078826e-13  -1.61721185e-13
  3.54400000e-05   3.99254203e-02   2.65601489e-02  -2.05246711e-02   8.67706864e-14  -2.18046179e-13  -1.13374915e-13
  3.55200000e-05   3.73980717e-02   2.53356039e-02  -2.47819629e-02   1.01266415e-13  -2.14463821e-13  -6.64354875e-14
  3.56000000e-05   3.45849808e-02   2.36565736e-02  -2.89765472e-02   1.14281011e-13  -1.96997089e-13  -2.44290523e-14
  3.56800000e-05   3.15075731e-02   2.15899205e-02  -3.27966878e-02   1.24944265e-13  -1.67514674e-13   9.75897520e-15
  3.57600000e-05   2.82193963e-02   1.92372687e-02  -3.60458831e-02   1.31866972e-13  -1.29121850e-13   3.43244364e-14
  3.58400000e-05   2.47496855e-02   1.66717370e-02  -3.86038507e-02   1.33475641e-13  -8.54067406e-14   4.86894801e-14
  3.59200000e-05   2.12111445e-02   1.40596580e-02  -4.03544149e-02   1.29059548e-13  -4.05912294e-14   5.36942965e-14
  3.60000000e-05   1.76892655e-02   1.14957216e-02  -4.13274521e-02   1.18439124e-13   1.74121095e-15   5.11794818e-14
  3.60800000e-05   1.42827779e-02   9.09068723e-03  -4.15079502e-02   1.02303825e-13   3.85877500e-14   4.36536126e-14
  3.61600000e-05   1.10650864e-02   6.90017386e-03  -4.10296656e-02   8.20426467e-14   6.83160630e-14   3.36147436e-14
  3.62400000e-05   8.08982519e-03   4.96249570e-03  -4.00120021e-02   5.93793525e-14   9.03416523e-14   2.32102518e-14
  3.63200000e-05   5.40379002e-03   3.28435760e-03  -3.86015472e-02   3.60294748e-14   1.04983067e-13   1.39760629e-14
  3.64000000e-05   3.02138948e-03   1.85662009e-03  -3.69366245e-02   1.34277226e-14   1.13205598e-13   6.78865953e-15
  3.64800000e-05   9.37985919e-04   6.49164986e-04  -3.51415008e-02  -7.44121605e-15   1.16265140e-13   1.94913422e-15
  3.65600000e-05  -8.66586161e-04  -3.66931352e-04  -3.32944790e-02  -2.59813984e-14   1.15368472e-13  -5.95209471e-16
  3.66400000e-05  -2.39522270e-03  -1.21446863e-03  -3.14891408e-02  -4.19352491e-14   1.11614068e-13  -1.11490892e-15
  3.67200000e-05  -3.69653163e-03  -1.93632693e-03  -2.97518122e-02  -5.53540878e-14   1.05920692e-13  -1.60982914e-17
  3.68000000e-05  -4.79354260e-03  -2.55392378e-03  -2.81069325e-02  -6.63666276e-14   9.89446905e-14   2.32803985e-15
  3.68800000e-05  -5.68918332e-03  -3.08022447e-03  -2.65820041e-02  -7.51966063e-14   9.11213935e-14   5.53505795e-15
  3.69600000e-05  -6.46177080e-03  -3.54988650e-03  -2.51697520e-02  -8.21498242e-14   8.29946909e-14   9.38474094e-15
  3.70400000e-05  -7.08637934e-03  -3.96402269e-03  -2.38756107e-02  -8.74406527e-14   7.46274153e-14   1.35624957e-14
  3.71200000e-05  -7.58252710e-03  -4.32684697e-03  -2.26976352e-02  -9.12845318e-14   6.61885638e-14   1.78776179e-14
  3.72000000e-05  -7.97453738e-03  -4.65343828e-03  -2.16132449e-02  -9.38598687e-14   5.77994916e-14   2.21865189e-14
  3.72800000e-05  -8.27231716e-03  -4.94516193e-03  -2.06322118e-02  -9.53803288e-14   4.95449732e-14   2.63669461e-14
  3.73600000e-05  -8.50427473e-03  -5.21752832e-03  -1.97305565e-02  -9.59816889e-14   4.15217591e-14   3.03901056e-14
  3.74400000e-05  -8.69580852e-03  -5.48288100e-03  -1.89108128e-02  -9.58612441e-14   3.38228612e-14   3.42737410e-14
  3.75200000e-05  -8.85201211e-03  -5.74381974e-03  -1.81619215e-02  -9.51091427e-14   2.64380629e-14   3.79944278e-14
  3.76000000e-05  -8.94581550e-03  -5.98360476e-03  -1.74908250e-02  -9.38011037e-14   1.92465404e-14   4.13910536e-14
  3.76800000e-05  -9.01313354e-03  -6.21904886e-03  -1.68774251e-02  -9.20039581e-14   1.23571098e-14   4.45799335e-14
  3.77600000e-05  -9.04425120e-03  -6.44527527e-03  -1.63244850e-02  -8.97902586e-14   5.71363704e-15   4.74906065e-14
  3.78400000e-05  -9.06626872e-03  -6.67348650e-03  -1.58245247e-02  -8.72286527e-14  -6.24607412e-16   5.02388999e-14
  3.79200000e-05  -9.07275048e-03  -6.90113053e-03  -1.53801458e-02  -8.43744175e-14  -6.71580323e-15   5.27858891e-14
  3.80000000e-05  -9.05796543e-03  -7.12628792e-03  -1.49912155e-02  -8.12646324e-14  -1.26117264e-14   5.50967348e-14
  3.80800000e-05  -9.04185273e-03  -7.35628275e-03  -1.46423851e-02  -7.78841081e-14  -1.82580785e-14   5.72671880e-14
  3.81600000e-05  -9.01221855e-03  -7.58492785e-03  -1.43485559e-02  -7.43050628e-14  -2.37515901e-14   5.92259993e-14
  3.82400000e-05  -8.96774514e-03  -7.81241428e-03  -1.41041292e-02  -7.05207282e-14  -2.91092843e-14   6.09626935e-14
  3.83200000e-05  -8.91617362e-03  -8.04069406e-03  -1.39032473e-02  -6.65215383e-14  -3.43208846e-14   6.25092325e-14
  3.84000000e-05  -8.86755540e-03  -8.27845989e-03  -1.37480979e-02  -6.23304982e-14  -3.94028502e-14   6.39298661e-14
  3.84800000e-05  -8.81027735e-03  -8.52192152e-03  -1.36370023e-02  -5.79271694e-14  -4.43873504e-14   6.51624109e-14
  3.85600000e-05  -8.74539280e-03  -8.76275087e-03  -1.35810247e-02  -5.33306755e-14  -4.93310242e-14   6.61712355e-14
  3.86400000e-05  -8.68429082e-03  -9.01601950e-03  -1.35617703e-02  -4.84721966e-14  -5.41617772e-14   6.70465779e-14
  3.87200000e-05  -8.61988167e-03  -9.27708075e-03  -1.35956435e-02  -4.33764422e-14  -5.89617162e-14   6.77343741e-14
  3.88000000e-05  -8.55434890e-03  -9.54374385e-03  -1.36813629e-02  -3.80040814e-14  -6.37278112e-14   6.82170398e-14
  3.88800000e-05  -8.48572740e-03  -9.81074839e-03  -1.38083895e-02  -3.22946116e-14  -6.84029450e-14   6.84458789e-14
  3.89600000e-05  -8.41390440e-03  -1.00877999e-02  -1.39890011e-02  -2.62428429e-14  -7.30283225e-14   6.84466225e-14
  3.90400000e-05  -8.34872695e-03  -1.03756644e-02  -1.42234698e-02  -1.97998739e-14  -7.75885232e-14   6.82207809e-14
  3.91200000e-05  -8.28413792e-03  -1.06741935e-02  -1.45162276e-02  -1.29202563e-14  -8.20714118e-14   6.77227816e-14
  3.92000000e-05  -8.22515403e-03  -1.09817171e-02  -1.48704392e-02  -5.55194917e-15  -8.64535357e-14   6.69162421e-14
  3.92800000e-05  -8.16489037e-03  -1.12991125e-02  -1.52879570e-02   2.36561253e-15  -9.06754767e-14   6.57535497e-14
  3.93600000e-05  -8.12073185e-03  -1.16433439e-02  -1.57688187e-02   1.09256652e-14  -9.46865215e-14   6.42878427e-14
  3.94400000e-05  -8.08068964e-03  -1.19935536e-02  -1.63194013e-02   2.01544561e-14  -9.84031655e-14   6.23394027e-14
  3.95200000e-05  -8.05335201e-03  -1.23617731e-02  -1.69625348e-02   3.01405943e-14  -1.01831696e-13   5.99018669e-14
  3.96000000e-05  -8.03796176e-03  -1.27484503e-02  -1.76931011e-02   4.09672155e-14  -1.04787117e-13   5.68911263e-14
  3.96800000e-05  -8.03613550e-03  -1.31449163e-02  -1.85242594e-02   5.26827464e-14  -1.07139087e-13   5.31718234e-14
  3.97600000e-05  -8.04730737e-03  -1.35513791e-02  -1.94715216e-02   6.53590370e-14  -1.08708252e-13   4.86445016e-14
  3.98400000e-05  -8.08371253e-03  -1.39765148e-02  -2.05485864e-02   7.90827587e-14  -1.09279069e-13   4.32174853e-14
  3.99200000e-05  -8.15143553e-03  -1.44259673e-02  -2.17685425e-02   9.39133654e-14  -1.08541120e-13   3.67632286e-14
  4.00000000e-05  -8.25375556e-03  -1.48887094e-02  -2.31550316e-02   1.09838264e-13  -1.06119175e-13   2.90822054e-14
  4.00800000e-05  -8.38586670e-03  -1.53493664e-02  -2.47231357e-02   1.26735974e-13  -1.01464821e-13   2.00067552e-14
  4.01600000e-05  -8.55344673e-03  -1.57975316e-02  -2.64924050e-02   1.44399309e-13  -9.39611726e-14   9.40808486e-15
  4.02400000e-05  -8.75652392e-03  -1.62164890e-02  -2.84816176e-02   1.62440593e-13  -8.28505567e-14  -2.76914720e-15
  4.03200000e-05  -9.00172261e-03  -1.65974109e-02  -3.06711636e-02   1.80134358e-13  -6.72503698e-14  -1.64759808e-14
  4.04000000e-05  -9.29451593e-03  -1.69258222e-02  -3.30362934e-02   1.96400221e-13  -4.63318732e-14  -3.15180618e-14
  4.04800000e-05  -9.62815985e-03  -1.71809864e-02  -3.55525416e-02   2.09796126e-13  -1.94199754e-14  -4.74311041e-14
  4.05600000e-05  -9.96649306e-03  -1.72893980e-02  -3.81197008e-02   2.18081753e-13   1.37761201e-14  -6.32662653e-14
  4.06400000e-05  -1.02659479e-02  -1.71828867e-02  -4.06233090e-02   2.18879204e-13   5.26512469e-14  -7.75836088e-14
  4.07200000e-05  -1.04826761e-02  -1.68085645e-02  -4.28290379e-02   2.09682888e-13   9.51048280e-14  -8.86457789e-14
  4.08000000e-05  -1.05365356e-02  -1.61099424e-02  -4.46030481e-02   1.89338648e-13   1.37946309e-13  -9.45513968e-14
  4.08800000e-05  -1.04010921e-02  -1.51385259e-02  -4.56592385e-02   1.57900058e-13   1.76324112e-13  -9.44304003e-14
  4.09600000e-05  -1.00356314e-02  -1.38892806e-02  -4.59609906e-02   1.17894647e-13   2.06150299e-13  -8.80404560e-14
  4.10400000e-05  -9.42490470e-03  -1.24368402e-02  -4.54548173e-02   7.32052563e-14   2.24225045e-13  -7.65288220e-14
  4.11200000e-05  -8.62048397e-03  -1.08868671e-02  -4.41953142e-02   2.84195475e-14   2.29455276e-13  -6.20662936e-14
  4.12000000e-05  -7.71657176e-03  -9.38005066e-03  -4.23601588e-02  -1.24310910e-14   2.23199807e-13  -4.71598820e-14
  4.12800000e-05  -6.79526663e-03  -8.00853461e-03  -4.00896637e-02  -4.67046234e-14   2.07948535e-13  -3.36244444e-14
  4.13600000e-05  -5.90012528e-03  -6.78587977e-03  -3.76301923e-02  -7.34148713e-14   1.87274110e-13  -2.22603874e-14
  4.14400000e-05  -5.08427827e-03  -5.74961033e-03  -3.51172690e-02  -9.27367819e-14   1.63994217e-13  -1.34236874e-14
  4.15200000e-05  -4.39342280e-03  -4.91285819e-03  -3.26612357e-02  -1.05586011e-13   1.40310689e-13  -6.90244937e-15
  4.16000000e-05  -3.79946941e-03  -4.23087557e-03  -3.03385024e-02  -1.13202084e-13   1.17699775e-13  -2.23693471e-15
  4.16800000e-05  -3.33761612e-03  -3.71925043e-03  -2.81797526e-02  -1.16763090e-13   9.69269136e-14   1.03673393e-15
  4.17600000e-05  -2.95796548e-03  -3.31506577e-03  -2.62213389e-02  -1.17437167e-13   7.84113917e-14   3.33454238e-15
  4.18400000e-05  -2.65291715e-03  -3.00310850e-03  -2.44530035e-02  -1.16055191e-13   6.21519855e-14   4.95790427e-15
  4.19200000e-05  -2.42599743e-03  -2.78513269e-03  -2.28746481e-02  -1.13323637e-13   4.80418438e-14   6.16927276e-15
  4.20000000e-05  -2.24730225e-03  -2.62499390e-03  -2.14670766e-02  -1.09718262e-13   3.58598442e-14   7.10102394e-15
  4.20800000e-05  -2.10713269e-03  -2.51291119e-03  -2.02181730e-02  -1.05613273e-13   2.53738982e-14   7.85327275e-15
  4.21600000e-05  -2.00598233e-03  -2.44850191e-03  -1.91088074e-02  -1.01238045e-13   1.63416416e-14   8.53371875e-15
  4.22400000e-05  -1.92354466e-03  -2.40577333e-03  -1.81303075e-02  -9.68030264e-14   8.55495814e-15   9.13518175e-15
  4.23200000e-05  -1.85611587e-03  -2.38369081e-03  -1.72693709e-02  -9.24241385e-14   1.81415585e-15   9.68335934e-15
  4.24000000e-05  -1.80323096e-03  -2.38355044e-03  -1.65089987e-02  -8.81463078e-14  -4.05585241e-15   1.02135498e-14
  4.24800000e-05  -1.76570678e-03  -2.40549588e-03  -1.58469488e-02  -8.40568860e-14  -9.20626161e-15   1.07632984e-14
  4.25600000e-05  -1.72933120e-03  -2.43087946e-03  -1.52646070e-02  -8.01365077e-14  -1.37545349e-14   1.12690867e-14
  4.26400000e-05  -1.69667154e-03  -2.46531081e-03  -1.47593567e-02  -7.64205336e-14  -1.78121723e-14   1.17602067e-14
  4.27200000e-05  -1.67151985e-03  -2.50903683e-03  -1.43243144e-02  -7.29067664e-14  -2.14746244e-14   1.22690500e-14
  4.28000000e-05  -1.64321216e-03  -2.55092129e-03  -1.39551743e-02  -6.96014647e-14  -2.48177292e-14   1.27320550e-14
  4.28800000e-05  -1.61544391e-03  -2.59814952e-03  -1.36465161e-02  -6.64850110e-14  -2.79113523e-14   1.31843668e-14
  4.29600000e-05  -1.59002980e-03  -2.65099652e-03  -1.33894540e-02  -6.35170918e-14  -3.08045981e-14   1.36418521e-14
  4.30400000e-05  -1.56512716e-03  -2.70516529e-03  -1.31831960e-02  -6.06967194e-14  -3.35491325e-14   1.40902124e-14
  4.31200000e-05  -1.53841533e-03  -2.76091326e-03  -1.30298115e-02  -5.80264269e-14  -3.61993298e-14   1.45214652e-14
  4.32000000e-05  -1.50680243e-03  -2.81100925e-03  -1.29188271e-02  -5.54541232e-14  -3.87676665e-14   1.49034177e-14
  4.32800000e-05  -1.48154142e-03  -2.87004040e-03  -1.28501638e-02  -5.29534832e-14  -4.12996091e-14   1.53293241e-14
  4.33600000e-05  -1.45176177e-03  -2.92798474e-03  -1.28210176e-02  -5.05056112e-14  -4.38068309e-14   1.57232330e-14
  4.34400000e-05  -1.41987519e-03  -2.98399978e-03  -1.28295166e-02  -4.80858617e-14  -4.63111938e-14   1.60932419e-14
  4.35200000e-05  -1.38749951e-03  -3.04096184e-03  -1.28667226e-02  -4.56378851e-14  -4.88018112e-14   1.64553940e-14
  4.36000000e-05  -1.35446655e-03  -3.09994780e-03  -1.29353620e-02  -4.31535527e-14  -5.13015064e-14   1.68129842e-14
  4.36800000e-05  -1.32113697e-03  -3.15459459e-03  -1.30345846e-02  -4.06168210e-14  -5.38190986e-14   1.71419211e-14
  4.37600000e-05  -1.28644327e-03  -3.20955372e-03  -1.31555727e-02  -3.79722650e-14  -5.63236263e-14   1.74544183e-14
  4.38400000e-05  -1.24978419e-03  -3.27233278e-03  -1.33031548e-02  -3.52057162e-14  -5.88357821e-14   1.77799784e-14
  4.39200000e-05  -1.21439953e-03  -3.33519664e-03  -1.34596094e-02  -3.22589215e-14  -6.12795373e-14   1.80952150e-14
  4.40000000e-05  -1.17656243e-03  -3.39654017e-03  -1.36292316e-02  -2.91367080e-14  -6.36582402e-14   1.83795340e-14
  4.40800000e-05  -1.14006324e-03  -3.46004721e-03  -1.38118378e-02  -2.58235249e-14  -6.59649677e-14   1.86566305e-14
  4.41600000e-05  -1.10476153e-03  -3.53162713e-03  -1.39893908e-02  -2.22632775e-14  -6.81004282e-14   1.89501412e-14
  4.42400000e-05  -1.06618742e-03  -3.59930461e-03  -1.41606782e-02  -1.84825470e-14  -7.00292371e-14   1.91913417e-14
  4.43200000e-05  -1.02602879e-03  -3.67077183e-03  -1.43261655e-02  -1.44823265e-14  -7.17351568e-14   1.94178042e-14
  4.44000000e-05  -9.89196516e-04  -3.75460858e-03  -1.44734112e-02  -1.02457807e-14  -7.31449115e-14   1.96750854e-14
  4.44800000e-05  -9.49900974e-04  -3.83480062e-03  -1.45903140e-02  -5.82299277e-15  -7.41660160e-14   1.98723038e-14
  4.45600000e-05  -9.05260756e-04  -3.90532137e-03  -1.46704595e-02  -1.27074668e-15  -7.47420498e-14   1.99749764e-14
  4.46400000e-05  -8.63715168e-04  -3.98848206e-03  -1.47124271e-02   3.40109488e-15  -7.48702664e-14   2.00973732e-14
  4.47200000e-05  -8.19119053e-04  -4.05469417e-03  -1.47003284e-02   8.06854791e-15  -7.44536506e-14   2.00864685e-14
  4.48000000e-05  -7.68210710e-04  -4.10837974e-03  -1.46260576e-02   1.26557458e-14  -7.34504239e-14   1.99670999e-14
  4.48800000e-05  -7.15053836e-04  -4.14938012e-03  -1.44850590e-02   1.70717959e-14  -7.18645115e-14   1.97435111e-14
  4.49600000e-05  -6.57536743e-04  -4.14874792e-03  -1.42718181e-02   2.11483375e-14  -6.96966260e-14   1.92861149e-14
  4.50400000e-05  -5.94974204e-04  -4.12780347e-03  -1.39796540e-02   2.48364074e-14  -6.69581532e-14   1.87138448e-14
  4.51200000e-05  -5.23465707e-04  -4.04211280e-03  -1.36068727e-02   2.79264549e-14  -6.36903473e-14   1.78457631e-14
  4.52000000e-05  -4.48286382e-04  -3.90692229e-03  -1.31513591e-02   3.03683490e-14  -5.99658734e-14   1.67791244e-14
  4.52800000e-05  -3.66096790e-04  -3.68860082e-03  -1.26223234e-02   3.20132156e-14  -5.58927336e-14   1.54049331e-14
  4.53600000e-05  -2.81900263e-04  -3.38910162e-03  -1.20163057e-02   3.28041303e-14  -5.15472711e-14   1.37689113e-14
  4.54400000e-05  -1.92868599e-04  -2.99021371e-03  -1.13396803e-02   3.26641069e-14  -4.70236243e-14   1.18443203e-14
  4.55200000e-05  -1.06652015e-04  -2.50398620e-03  -1.06172184e-02   3.16665897e-14  -4.25098082e-14   9.70750183e-15
  4.56000000e-05  -2.05187285e-05  -1.91215957e-03  -9.84440023e-03   2.97602774e-14  -3.80289582e-14   7.32465072e-15
  4.56800000e-05   6.25524362e-05  -1.21084170e-03  -9.03929436e-03   2.70050174e-14  -3.36945958e-14   4.70037257e-15
  4.57600000e-05   1.36908107e-04  -4.13786911e-04  -8.20516192e-03   2.34952201e-14  -2.95525270e-14   1.88236809e-15
  4.58400000e-05   2.02148368e-04   4.95492954e-04  -7.34981944e-03   1.92622562e-14  -2.56331869e-14  -1.19829200e-15
  4.59200000e-05   2.52634141e-04   1.47677436e-03  -6.48509546e-03   1.45294811e-14  -2.19796657e-14  -4.43915804e-15
  4.60000000e-05   2.86878035e-04   2.55178788e-03  -5.60565456e-03   9.29785830e-15  -1.85473824e-14  -7.96724698e-15
  4.60800000e-05   2.99977721e-04   3.69338075e-03  -4.71829385e-03   3.75528700e-15  -1.53332530e-14  -1.17637944e-14
  4.61600000e-05   2.91995465e-04   4.89925877e-03  -3.82195682e-03  -1.99880875e-15  -1.22814560e-14  -1.58959604e-14
  4.62400000e-05   2.59165830e-04   6.16269226e-03  -2.91215353e-03  -7.85381915e-15  -9.32695219e-15  -2.04366209e-14
  4.63200000e-05   1.92968107e-04   7.46063447e-03  -1.99299153e-03  -1.36175428e-14  -6.43889803e-15  -2.54220930e-14
  4.64000000e-05   9.62470972e-05   8.79955144e-03  -1.06966085e-03  -1.91631687e-14  -3.55305323e-15  -3.09534317e-14
  4.64800000e-05   3.80808291e-05  -2.56732227e-03  -1.26513087e-04   6.77189713e-15  -3.61855801e-16   9.38147933e-15
  4.65600000e-05   3.85279840e-04  -2.28475277e-02  -1.29232398e-03   6.53572819e-14  -3.43428530e-15   8.02010740e-14
  4.66400000e-05   7.33599264e-04  -2.49011503e-02  -3.07479192e-03   8.43726644e-14  -7.55468655e-15   8.13115540e-14
  4.67200000e-05   1.10520448e-03  -2.69455172e-02  -5.21975649e-03   1.05919626e-13  -1.10041268e-14   7.92325726e-14
  4.68000000e-05   1.48414134e-03  -2.89427237e-02  -7.79440581e-03   1.29768043e-13  -1.30318989e-14   7.31002182e-14
  4.68800000e-05   1.84055393e-03  -3.08498709e-02  -1.07756421e-02   1.55071455e-13  -1.24205971e-14   6.20465292e-14
  4.69600000e-05   2.15630903e-03  -3.26296340e-02  -1.42118498e-02   1.80837663e-13  -7.82932221e-15   4.54134973e-14
  4.70400000e-05   2.38437519e-03  -3.41966219e-02  -1.81178071e-02   2.05256051e-13   2.26825808e-15   2.27312648e-14
  4.71200000e-05   2.50625221e-03  -3.54986510e-02  -2.24199896e-02   2.25749340e-13   1.95823873e-14  -5.77000943e-15
  4.72000000e-05   2.47238224e-03  -3.64496640e-02  -2.70765984e-02   2.39120529e-13   4.52888345e-14  -3.91321478e-14
  4.72800000e-05   2.27512726e-03  -3.69900545e-02  -3.18765620e-02   2.41358398e-13   7.96585226e-14  -7.52104954e-14
  4.73600000e-05   1.90148079e-03  -3.70704586e-02  -3.66312006e-02   2.28763959e-13   1.21246199e-13  -1.10825249e-13
  4.74400000e-05   1.34749406e-03  -3.66643199e-02  -4.09653410e-02   1.98374078e-13   1.65925785e-13  -1.41979733e-13
  4.75200000e-05   7.01753511e-04  -3.58620534e-02  -4.44465730e-02   1.50090900e-13   2.07190861e-13  -1.64803773e-13
  4.76000000e-05  -1.90069181e-05  -3.47049977e-02  -4.68435488e-02   8.75241332e-14   2.37985120e-13  -1.76351639e-13
  4.76800000e-05  -7.38889152e-04  -3.32677110e-02  -4.77455148e-02   1.77583642e-14   2.51421089e-13  -1.75457855e-13
  4.77600000e-05  -1.39260070e-03  -3.16481695e-02  -4.72590450e-02  -4.98711358e-14   2.45996630e-13  -1.63268057e-13
  4.78400000e-05  -1.93485364e-03  -2.99243360e-02  -4.53796503e-02  -1.06726533e-13   2.23237886e-13  -1.42657452e-13
  4.79200000e-05  -2.34249489e-03  -2.81649587e-02  -4.25825722e-02  -1.48001724e-13   1.89688362e-13  -1.17321978e-13
  4.80000000e-05  -2.59963150e-03  -2.63320297e-02  -3.91560674e-02  -1.72431755e-13   1.51490660e-13  -9.04278131e-14
  4.80800000e-05  -2.71893006e-03  -2.45252420e-02  -3.54589902e-02  -1.82108982e-13   1.14129682e-13  -6.49741146e-14
  4.81600000e-05  -2.72536443e-03  -2.26704215e-02  -3.18314165e-02  -1.80801854e-13   8.11575301e-14  -4.23205945e-14
  4.82400000e-05  -2.64394648e-03  -2.08141598e-02  -2.83836575e-02  -1.71988133e-13   5.37753259e-14  -2.34135014e-14
  4.83200000e-05  -2.48273773e-03  -1.89684441e-02  -2.53237077e-02  -1.59352957e-13   3.22285553e-14  -8.51747123e-15
  4.84000000e-05  -2.27755025e-03  -1.71422098e-02  -2.26041919e-02  -1.44807696e-13   1.57110953e-14   2.67578294e-15
  4.84800000e-05  -2.03223424e-03  -1.53443948e-02  -2.02531787e-02  -1.30035018e-13   3.34926556e-15   1.05104076e-14
  4.85600000e-05  -1.78426331e-03  -1.35826587e-02  -1.82809277e-02  -1.16138206e-13  -5.76118121e-15   1.56159087e-14
  4.86400000e-05  -1.52843675e-03  -1.18587895e-02  -1.66262662e-02  -1.03462401e-13  -1.24696126e-14   1.84052296e-14
  4.87200000e-05  -1.27356736e-03  -1.01748657e-02  -1.52232824e-02  -9.20624917e-14  -1.73941423e-14   1.93276876e-14
  4.88000000e-05  -1.03836773e-03  -8.52452273e-03  -1.41001053e-02  -8.22811404e-14  -2.10957972e-14   1.88133122e-14
  4.88800000e-05  -8.17780001e-04  -6.90614766e-03  -1.32022282e-02  -7.39235379e-14  -2.39702620e-14   1.71179710e-14
  4.89600000e-05  -6.20182843e-04  -5.31562118e-03  -1.24927258e-02  -6.68094929e-14  -2.62866133e-14   1.45015413e-14
  4.90400000e-05  -4.36695504e-04  -3.74867928e-03  -1.19588176e-02  -6.08280570e-14  -2.83008601e-14   1.10925838e-14
  4.91200000e-05  -2.81863175e-04  -2.19691087e-03  -1.15700443e-02  -5.57443480e-14  -3.01404765e-14   7.08106360e-15
  4.92000000e-05  -1.55537170e-04  -6.39516032e-04  -1.13582289e-02  -5.15717247e-14  -3.20662610e-14   2.51167750e-15
  4.92800000e-05  -5.45376518e-05   9.48245663e-04  -1.12590438e-02  -4.78620184e-14  -3.40438189e-14  -2.63535892e-15
  4.93600000e-05   2.10584602e-05   2.52529861e-03  -1.11969729e-02  -4.42136723e-14  -3.59158046e-14  -8.18339061e-15
  4.94400000e-05   6.44085604e-05   4.13589216e-03  -1.12282093e-02  -4.06824496e-14  -3.78938908e-14  -1.41915189e-14
  4.95200000e-05   8.11225860e-05   5.82566040e-03  -1.13874079e-02  -3.71726369e-14  -4.01555017e-14  -2.08078835e-14
  4.96000000e-05   6.20384484e-05   7.56786943e-03  -1.15315819e-02  -3.29683152e-14  -4.21943454e-14  -2.78683881e-14
  4.96800000e-05   8.35313218e-06   9.43473760e-03  -1.17619522e-02  -2.81586299e-14  -4.43433830e-14  -3.55896190e-14
  4.97600000e-05  -8.65122046e-05   1.14503772e-02  -1.19390182e-02  -2.19544865e-14  -4.60066704e-14  -4.39646200e-14
  4.98400000e-05  -2.25482082e-04   1.36645565e-02  -1.20599557e-02  -1.40153294e-14  -4.70402775e-14  -5.30370377e-14
  4.99200000e-05  -4.21529734e-04   1.61321386e-02  -1.21089727e-02  -3.86470089e-15  -4.72039981e-14  -6.27528337e-14
  5.00000000e-05  -6.84357502e-04   1.89546371e-02  -1.18329497e-02   9.83968999e-15  -4.52655172e-14  -7.30777484e-14
  5.00800000e-05  -1.01921437e-03   2.22414071e-02  -1.10751010e-02   2.81793784e-14  -4.03875131e-14  -8.37009025e-14
  5.01600000e-05  -1.45349602e-03   2.61400572e-02  -9.45709532e-03   5.30333190e-14  -3.10147233e-14  -9.38777004e-14
  5.02400000e-05  -1.97318896e-03   3.05348398e-02  -6.58482722e-03   8.55436471e-14  -1.62813515e-14  -1.01132834e-13
  5.03200000e-05  -1.31646441e-03   1.78070929e-02  -1.44495548e-03   6.25001701e-14   4.13108828e-16  -5.18514120e-14
  5.04000000e-05   3.31277109e-03  -4.06072121e-02  -5.79665867e-03  -1.55218034e-13  -3.11747160e-14   1.29680999e-13
  5.04800000e-05   3.85591239e-03  -4.24877075e-02  -1.42412480e-02  -1.55786512e-13  -6.81124157e-14   1.61028111e-13
  5.05600000e-05   4.30129246e-03  -4.23821531e-02  -2.22598802e-02  -1.37459989e-13  -1.11209187e-13   1.85177510e-13
  5.06400000e-05   4.64193443e-03  -4.09188675e-02  -2.84774884e-02  -1.01334380e-13  -1.50063830e-13   1.99106549e-13
  5.07200000e-05   4.93316235e-03  -3.90623424e-02  -3.20925838e-02  -5.30997334e-14  -1.74423590e-13   2.04142004e-13
  5.08000000e-05   5.42186598e-03  -3.87826635e-02  -3.34158861e-02   1.06285774e-17  -1.80953990e-13   2.10017934e-13
  5.08800000e-05   6.06343860e-03  -3.96012989e-02  -3.21663088e-02   5.39101025e-14  -1.65873157e-13   2.14375640e-13
  5.09600000e-05   6.84894605e-03  -4.12957185e-02  -2.83450871e-02   1.03338495e-13  -1.30626452e-13   2.15277974e-13
  5.10400000e-05   7.68069573e-03  -4.32262020e-02  -2.20001442e-02   1.43398283e-13  -8.06132019e-14   2.08453230e-13
  5.11200000e-05   8.32567063e-03  -4.42317295e-02  -1.33219998e-02   1.68830144e-13  -2.51343552e-14   1.88962635e-13
  5.12000000e-05   8.23635970e-03  -4.18253876e-02  -3.55822493e-03   1.71264461e-13   2.08377982e-14   1.51493155e-13
  5.12800000e-05  -7.67458613e-03   3.76877194e-02  -4.78898279e-03  -1.35968988e-13  -4.55800885e-14  -1.40803153e-13
  5.13600000e-05  -6.90126145e-03   3.25828223e-02  -9.90829765e-03  -8.74186081e-14  -6.03287061e-14  -1.37498982e-13
  5.14400000e-05  -6.15274063e-03   2.78848096e-02  -1.22467897e-02  -4.99467988e-14  -6.67661979e-14  -1.26927387e-13
  5.15200000e-05  -5.46052339e-03   2.38224086e-02  -1.31727739e-02  -2.20710468e-14  -6.78390251e-14  -1.13534895e-13
  5.16000000e-05  -4.89845086e-03   2.05757550e-02  -1.31245107e-02  -2.82188998e-15  -6.49135032e-14  -1.00713960e-13
  5.16800000e-05  -4.41399580e-03   1.78880719e-02  -1.26497407e-02   1.05389978e-14  -6.01646563e-14  -8.87566643e-14
  5.17600000e-05  -3.98295927e-03   1.56045465e-02  -1.19559824e-02   1.95971350e-14  -5.45944605e-14  -7.77833520e-14
  5.18400000e-05  -3.57836510e-03   1.36333545e-02  -1.11945840e-02   2.55838036e-14  -4.89545224e-14  -6.77972982e-14
  5.19200000e-05  -3.20662120e-03   1.19180820e-02  -1.03678037e-02   2.90979331e-14  -4.33667052e-14  -5.88508440e-14
  5.20000000e-05  -2.83716453e-03   1.03535604e-02  -9.59862313e-03   3.11011227e-14  -3.83483190e-14  -5.05573177e-14
  5.20800000e-05  -2.47797450e-03   8.93785732e-03  -8.86747522e-03   3.18785038e-14  -3.38381946e-14  -4.30150709e-14
  5.21600000e-05  -2.11517445e-03   7.62805204e-03  -8.19801509e-03   3.18383158e-14  -2.99021654e-14  -3.60378534e-14
  5.22400000e-05  -1.75474821e-03   6.40249685e-03  -7.58690104e-03   3.12085667e-14  -2.64975917e-14  -2.95791289e-14
  5.23200000e-05  -1.38527668e-03   5.24149035e-03  -7.03571488e-03   3.01879352e-14  -2.35898915e-14  -2.35178421e-14
  5.24000000e-05  -1.01346404e-03   4.14777103e-03  -6.58176671e-03   2.91003435e-14  -2.12519699e-14  -1.78736898e-14
  5.24800000e-05  -6.35527268e-04   3.09766562e-03  -6.14505365e-03   2.77298646e-14  -1.91736846e-14  -1.25331288e-14
  5.25600000e-05  -2.44280639e-04   2.09540429e-03  -5.81168698e-03   2.65632165e-14  -1.75844815e-14  -7.45660900e-15
  5.26400000e-05   1.54499242e-04   1.13578827e-03  -5.49499950e-03   2.53066755e-14  -1.61687755e-14  -2.63047220e-15
  5.27200000e-05   5.62441711e-04   2.03911727e-04  -5.25719741e-03   2.43150363e-14  -1.50699170e-14   2.01682702e-15
  5.28000000e-05   9.82952377e-04  -6.97233786e-04  -5.09188146e-03   2.36330813e-14  -1.42174994e-14   6.50901139e-15
  5.28800000e-05   1.42736693e-03  -1.57208482e-03  -4.94798628e-03   2.30796668e-14  -1.34319289e-14   1.09255123e-14
  5.29600000e-05   1.88584171e-03  -2.43553946e-03  -4.83856812e-03   2.27632591e-14  -1.27089990e-14   1.52692223e-14
  5.30400000e-05   2.35926965e-03  -3.27453506e-03  -4.83361136e-03   2.30710937e-14  -1.21814218e-14   1.95132411e-14
  5.31200000e-05   2.85765317e-03  -4.11014331e-03  -4.84599673e-03   2.36314015e-14  -1.15784220e-14   2.37555511e-14
  5.32000000e-05   3.37153509e-03  -4.92942179e-03  -4.92454390e-03   2.47227190e-14  -1.09721082e-14   2.79091154e-14
  5.32800000e-05   3.91458635e-03  -5.73718170e-03  -5.06556757e-03   2.63678034e-14  -1.02947473e-14   3.20362677e-14
  5.33600000e-05   4.48117086e-03  -6.53661089e-03  -5.25238339e-03   2.85238171e-14  -9.44390234e-15   3.60886095e-14
  5.34400000e-05   5.08304924e-03  -7.34032889e-03  -5.54229722e-03   3.15185121e-14  -8.45884265e-15   4.01098727e-14
  5.35200000e-05   5.71454394e-03  -8.13559481e-03  -5.89616591e-03   3.51825030e-14  -7.17250576e-15   4.39954648e-14
  5.36000000e-05   6.38181245e-03  -8.93172432e-03  -6.36586073e-03   3.98092138e-14  -5.56880012e-15   4.77223641e-14
  5.36800000e-05   7.07572261e-03  -9.72557743e-03  -6.96240638e-03   4.54695222e-14  -3.53349175e-15   5.11453877e-14
  5.37600000e-05   7.80948118e-03  -1.05266859e-02  -7.67413840e-03   5.21125641e-14  -8.74715511e-16   5.42314879e-14
  5.38400000e-05   8.57079061e-03  -1.13244819e-02  -8.53657868e-03   5.98809684e-14   2.53614099e-15   5.67565506e-14
  5.39200000e-05   9.36963787e-03  -1.21158776e-02  -9.59916722e-03   6.89532770e-14   6.90287780e-15   5.85918341e-14
  5.40000000e-05   1.01808373e-02  -1.29017353e-02  -1.08176818e-02   7.89782360e-14   1.25162875e-14   5.94011502e-14
  5.40800000e-05   1.10141756e-02  -1.36891465e-02  -1.23078357e-02   9.03466517e-14   1.96587276e-14   5.89854057e-14
  5.41600000e-05   1.18606746e-02  -1.44536918e-02  -1.41346464e-02   1.02992968e-13   2.87767497e-14   5.69972381e-14
  5.42400000e-05   1.26862941e-02  -1.51796725e-02  -1.61865456e-02   1.15814365e-13   4.03187933e-14   5.29593546e-14
  5.43200000e-05   1.34789800e-02  -1.58858936e-02  -1.86373938e-02   1.28950856e-13   5.48629320e-14   4.64968072e-14
  5.44000000e-05   1.41883240e-02  -1.65170984e-02  -2.14763774e-02   1.41118753e-13   7.29469893e-14   3.71275828e-14
  5.44800000e-05   1.48301021e-02  -1.70957036e-02  -2.47983674e-02   1.51290992e-13   9.54106613e-14   2.47011612e-14
  5.45600000e-05   1.53077743e-02  -1.75629832e-02  -2.85545633e-02   1.57074533e-13   1.22426287e-13   8.90543068e-15
  5.46400000e-05   1.55945775e-02  -1.79007437e-02  -3.25759208e-02   1.55401927e-13   1.53469278e-13  -9.93945235e-15
  5.47200000e-05   1.56402498e-02  -1.80866436e-02  -3.71584545e-02   1.44326718e-13   1.88685862e-13  -3.10935437e-14
  5.48000000e-05   1.54010064e-02  -1.80648433e-02  -4.18861478e-02   1.19603646e-13   2.24876961e-13  -5.30091847e-14
  5.48800000e-05   1.48706584e-02  -1.78275342e-02  -4.65469583e-02   7.90556129e-14   2.57848666e-13  -7.34999027e-14
  5.49600000e-05   1.40397735e-02  -1.73452008e-02  -5.08019066e-02   2.25858790e-14   2.81431334e-13  -8.98466745e-14
  5.50400000e-05   1.30060871e-02  -1.66626885e-02  -5.42880525e-02  -4.59301086e-14   2.89143718e-13  -9.97509110e-14
  5.51200000e-05   1.18064301e-02  -1.57672285e-02  -5.65131595e-02  -1.18484247e-13   2.75262875e-13  -1.01551721e-13
  5.52000000e-05   1.05715958e-02  -1.47761480e-02  -5.70159015e-02  -1.83352505e-13   2.38451813e-13  -9.57930629e-14
  5.52800000e-05   9.34753271e-03  -1.36470455e-02  -5.59523800e-02  -2.31234451e-13   1.84767295e-13  -8.36961589e-14
  5.53600000e-05   8.22278522e-03  -1.25075384e-02  -5.36058517e-02  -2.57330757e-13   1.23508973e-13  -6.82904694e-14
  5.54400000e-05   7.22428635e-03  -1.14116099e-02  -4.99610227e-02  -2.60361114e-13   6.34037876e-14  -5.21298883e-14
  5.55200000e-05   6.34050817e-03  -1.03036553e-02  -4.59859394e-02  -2.47960567e-13   1.22250845e-14  -3.69277887e-14
  5.56000000e-05   5.57879868e-03  -9.25437607e-03  -4.17192055e-02  -2.24657206e-13  -2.74567370e-14  -2.39511358e-14
  5.56800000e-05   4.93243158e-03  -8.29344640e-03  -3.77173973e-02  -1.97553658e-13  -5.57296799e-14  -1.35807035e-14
  5.57600000e-05   4.37313088e-03  -7.40016381e-03  -3.39479646e-02  -1.69532564e-13  -7.41741363e-14  -5.67006991e-15
  5.58400000e-05   3.89028946e-03  -6.58275460e-03  -3.05315371e-02  -1.43160739e-13  -8.50025843e-14   8.56307196e-17
  5.59200000e-05   3.46814057e-03  -5.83271026e-03  -2.75009339e-02  -1.19619235e-13  -9.03391804e-14   4.07498675e-15
  5.60000000e-05   3.09378749e-03  -5.13454583e-03  -2.48118442e-02  -9.91042180e-14  -9.18252547e-14   6.64495503e-15
  5.60800000e-05   2.76472876e-03  -4.52547931e-03  -2.25803618e-02  -8.21176973e-14  -9.12974212e-14   8.24306681e-15
  5.61600000e-05   2.47785996e-03  -3.97109507e-03  -2.06337332e-02  -6.77490567e-14  -8.92520183e-14   9.04129045e-15
  5.62400000e-05   2.21472371e-03  -3.46398595e-03  -1.88615870e-02  -5.54629075e-14  -8.59508312e-14   9.27267974e-15
  5.63200000e-05   1.97723728e-03  -3.00743935e-03  -1.74184586e-02  -4.54830413e-14  -8.26664562e-14   9.11008212e-15
  5.64000000e-05   1.77209435e-03  -2.62012760e-03  -1.60984011e-02  -3.69629153e-14  -7.88819668e-14   8.76975568e-15
  5.64800000e-05   1.58418031e-03  -2.27077316e-03  -1.50156741e-02  -2.99636796e-14  -7.54557797e-14   8.24971874e-15
  5.65600000e-05   1.40556935e-03  -1.96586745e-03  -1.40749396e-02  -2.40709325e-14  -7.21454333e-14   7.67285665e-15
  5.66400000e-05   1.24558339e-03  -1.68356742e-03  -1.32010262e-02  -1.89932103e-14  -6.87261771e-14   6.97275534e-15
  5.67200000e-05   1.09761598e-03  -1.43626482e-03  -1.24112049e-02  -1.46548246e-14  -6.53969815e-14   6.27191437e-15
  5.68000000e-05   9.78820239e-04  -1.21888057e-03  -1.18436463e-02  -1.10888958e-14  -6.29771972e-14   5.56481045e-15
  5.68800000e-05   8.53561813e-04  -1.03345833e-03  -1.11284324e-02  -7.81992342e-15  -5.95713517e-14   4.93238578e-15
  5.69600000e-05   7.43514092e-04  -8.69911188e-04  -1.05356511e-02  -5.06261600e-15  -5.66597895e-14   4.32102944e-15
  5.70400000e-05   6.36884919e-04  -7.31341919e-04  -1.00214196e-02  -2.69584120e-15  -5.40511542e-14   3.77321135e-15
  5.71200000e-05   5.47278778e-04  -6.00745276e-04  -9.64313959e-03  -6.51166055e-16  -5.20827805e-14   3.20768093e-15
  5.72000000e-05   4.74302851e-04  -4.90522102e-04  -9.24917724e-03   1.15870454e-15  -4.99544559e-14   2.70871029e-15
  5.72800000e-05   3.99297081e-04  -3.94666349e-04  -8.90724239e-03   2.75058237e-15  -4.80544573e-14   2.25252394e-15
  5.73600000e-05   3.27180287e-04  -3.12512513e-04  -8.51551406e-03   4.14265286e-15  -4.58423898e-14   1.84154646e-15
  5.74400000e-05   2.61863571e-04  -2.36596595e-04  -8.21798284e-03   5.39794521e-15  -4.41050789e-14   1.44179380e-15
  5.75200000e-05   1.97616593e-04  -1.72675912e-04  -7.97847962e-03   6.55527019e-15  -4.26531183e-14   1.08549457e-15
  5.76000000e-05   1.43610421e-04  -1.20931196e-04  -7.78360667e-03   7.63823552e-15  -4.14141860e-14   7.84366107e-16
  5.76800000e-05   9.33814383e-05  -6.93889449e-05  -7.58690018e-03   8.61260797e-15  -4.01467261e-14   4.73183593e-16
  5.77600000e-05   4.50242509e-05  -2.79802605e-05  -7.44492844e-03   9.56517035e-15  -3.91524033e-14   2.04993115e-16
  5.78400000e-05  -7.06030121e-06   9.18887388e-06  -7.35091811e-03   1.05205594e-14  -3.83931687e-14  -5.80972739e-17
  5.79200000e-05  -5.14593123e-05   4.93576451e-05  -7.23644860e-03   1.13889277e-14  -3.75081686e-14  -3.36820089e-16
  5.80000000e-05  -8.95058617e-05   6.92710166e-05  -7.18811289e-03   1.23307457e-14  -3.69438210e-14  -5.09564904e-16
  5.80800000e-05  -1.19198818e-04   1.04104842e-04  -7.15448850e-03   1.32696241e-14  -3.64289860e-14  -7.51158845e-16
  5.81600000e-05  -1.59162985e-04   1.23580340e-04  -7.23780992e-03   1.44274221e-14  -3.64822766e-14  -9.40174415e-16
  5.82400000e-05  -1.97525939e-04   1.42155554e-04  -7.31420468e-03   1.55906635e-14  -3.64605037e-14  -1.12966808e-15
  5.83200000e-05  -2.29122483e-04   1.66713786e-04  -7.38327142e-03   1.67608368e-14  -3.63558902e-14  -1.34104682e-15
  5.84000000e-05  -2.59223502e-04   1.73105272e-04  -7.53512488e-03   1.81590627e-14  -3.66062742e-14  -1.46566846e-15
  5.84800000e-05  -2.88212950e-04   1.92681817e-04  -7.78532761e-03   1.98572699e-14  -3.72614472e-14  -1.65731313e-15
  5.85600000e-05  -3.14245141e-04   1.98918375e-04  -7.93763264e-03   2.13745550e-14  -3.73714786e-14  -1.78273857e-15
  5.86400000e-05  -3.38507095e-04   2.10848318e-04  -8.28148184e-03   2.34993121e-14  -3.82808987e-14  -1.93517867e-15
  5.87200000e-05  -3.52726631e-04   2.17692604e-04  -8.56379397e-03   2.55634331e-14  -3.87814480e-14  -2.03873869e-15
  5.88000000e-05  -3.71770982e-04   2.25768067e-04  -8.91645913e-03   2.79658205e-14  -3.94554269e-14  -2.16505854e-15
  5.88800000e-05  -3.85615163e-04   2.25478127e-04  -9.48784952e-03   3.12286663e-14  -4.09000253e-14  -2.24121476e-15
  5.89600000e-05  -3.95779582e-04   2.25487637e-04  -9.96232407e-03   3.43727914e-14  -4.16876575e-14  -2.30910983e-15
  5.90400000e-05  -3.92616508e-04   2.18667916e-04  -1.05313813e-02   3.80427157e-14  -4.26002784e-14  -2.30278551e-15
  5.91200000e-05  -3.95677718e-04   2.10608828e-04  -1.10318235e-02   4.16628523e-14  -4.29360509e-14  -2.31401216e-15
  5.92000000e-05  -3.91515779e-04   2.08172999e-04  -1.16714337e-02   4.60114829e-14  -4.34616418e-14  -2.31863218e-15
  5.92800000e-05  -3.83982193e-04   2.02077330e-04  -1.23089835e-02   5.05706542e-14  -4.35644243e-14  -2.29276555e-15
  5.93600000e-05  -3.65490573e-04   1.88847532e-04  -1.28314595e-02   5.48456406e-14  -4.28157761e-14  -2.19236310e-15
  5.94400000e-05  -3.52113782e-04   1.77776085e-04  -1.34597891e-02   5.97258435e-14  -4.19480858e-14  -2.11650115e-15
  5.95200000e-05  -3.30145979e-04   1.62947445e-04  -1.41503114e-02   6.50375101e-14  -4.07111564e-14  -1.98622141e-15
  5.96000000e-05  -3.06573505e-04   1.47931230e-04  -1.47472179e-02   7.00261689e-14  -3.86100947e-14  -1.84304640e-15
  5.96800000e-05  -2.80235225e-04   1.33534570e-04  -1.53685306e-02   7.51783151e-14  -3.59552698e-14  -1.68323727e-15
  5.97600000e-05  -2.58331069e-04   1.15208892e-04  -1.59241837e-02   7.99951823e-14  -3.25091130e-14  -1.53292504e-15
  5.98400000e-05  -2.33138319e-04   1.00252878e-04  -1.64299880e-02   8.44576067e-14  -2.83614054e-14  -1.37149320e-15
  5.99200000e-05  -2.08393889e-04   9.07537486e-05  -1.70028695e-02   8.91047838e-14  -2.36875075e-14  -1.21853682e-15
  6.00000000e-05  -1.86963621e-04   7.95414560e-05  -1.75004733e-02   9.31245759e-14  -1.82671232e-14  -1.07790807e-15
  6.00800000e-05  -1.61205589e-04   6.55341538e-05  -1.78715714e-02   9.61471013e-14  -1.21644480e-14  -9.11874872e-16
  6.01600000e-05  -1.41906610e-04   5.57404716e-05  -1.83039492e-02   9.91018994e-14  -5.59857235e-15  -7.85365034e-16
  6.02400000e-05  -1.21839868e-04   4.48395463e-05  -1.86551391e-02   1.01155853e-13   1.45559756e-15  -6.57167304e-16
  6.03200000e-05  -1.02759588e-04   3.87581779e-05  -1.88849145e-02   1.02032769e-13   8.82503234e-15  -5.37084937e-16
  6.04000000e-05  -8.07070155e-05   3.06632097e-05  -1.91395383e-02   1.02484823e-13   1.64485042e-14  -4.05802905e-16
  6.04800000e-05  -6.34174118e-05   1.94836570e-05  -1.91982835e-02   1.01311744e-13   2.40068974e-14  -3.10297870e-16
  6.05600000e-05  -4.76195289e-05   1.25986894e-05  -1.92465076e-02   9.95214535e-14   3.14763289e-14  -2.25630766e-16
  6.06400000e-05  -2.91179476e-05   7.35694342e-06  -1.91834893e-02   9.66183412e-14   3.85913446e-14  -1.31853670e-16
  6.07200000e-05  -6.59582539e-06   2.28717120e-06  -1.92019980e-02   9.36125794e-14   4.56334044e-14  -2.67201788e-17
  6.08000000e-05   1.21919652e-05  -3.07017302e-06  -1.90299519e-02   8.92195001e-14   5.18897013e-14   4.87889138e-17
  6.08800000e-05   2.95907405e-05  -7.44854492e-06  -1.88137984e-02   8.42628336e-14   5.75518305e-14   1.09745103e-16
  6.09600000e-05   4.44966156e-05  -1.10034940e-05  -1.85615421e-02   7.88548049e-14   6.25889440e-14   1.51931066e-16
  6.10400000e-05   5.37168069e-05  -1.28067604e-05  -1.83533036e-02   7.34045434e-14   6.72408319e-14   1.67921837e-16
  6.11200000e-05   5.87187569e-05  -1.06295469e-05  -1.80409968e-02   6.73776820e-14   7.09613609e-14   1.77487234e-16
  6.12000000e-05   5.94387134e-05  -9.26820042e-06  -1.77914049e-02   6.14863494e-14   7.43747687e-14   1.66673136e-16
  6.12800000e-05   4.83416890e-05  -6.29543787e-06  -1.76132177e-02   5.57487970e-14   7.75781668e-14   1.25281054e-16
  6.13600000e-05   2.80730760e-05   3.12690440e-06  -1.74647442e-02   4.99915614e-14   8.04568995e-14   9.47622199e-17
  6.14400000e-05   1.31047478e-05   9.26620073e-06  -1.73777871e-02   4.42885824e-14   8.31950439e-14   7.77597674e-17
  6.15200000e-05  -2.84201138e-05   2.22531433e-05  -1.76369752e-02   3.91912552e-14   8.72504946e-14   4.69342288e-17
  6.16000000e-05  -9.04081571e-05   3.98751734e-05  -1.77688144e-02   3.34582822e-14   9.03580214e-14   3.25367876e-17
  6.16800000e-05  -1.60679499e-04   5.59672701e-05  -1.81644225e-02   2.77885472e-14   9.44867920e-14   4.53148439e-17
  6.17600000e-05  -2.46414255e-04   7.87150662e-05  -1.87634195e-02   2.17462286e-14   9.93718372e-14   1.31291635e-16
  6.18400000e-05  -3.38256024e-04   1.11582758e-04  -1.95705128e-02   1.50245962e-14   1.05016409e-13   3.39074423e-16
  6.19200000e-05  -4.63700554e-04   1.47019317e-04  -2.05556766e-02   7.27071562e-15   1.11170749e-13   6.31106095e-16
  6.20000000e-05  -5.97881822e-04   1.85927192e-04  -2.17269799e-02  -1.84730984e-15   1.17723371e-13   1.05824412e-15
  6.20800000e-05  -7.60544844e-04   2.38367771e-04  -2.31019006e-02  -1.27017982e-14   1.24519234e-13   1.70296202e-15
  6.21600000e-05  -9.34284638e-04   2.96783556e-04  -2.47069345e-02  -2.57210410e-14   1.31341078e-13   2.55032228e-15
  6.22400000e-05  -1.14286529e-03   3.67415900e-04  -2.65898413e-02  -4.14173865e-14   1.37917884e-13   3.68590831e-15
  6.23200000e-05  -1.35170009e-03   4.49000793e-04  -2.83038077e-02  -5.92504016e-14   1.41328888e-13   5.07159877e-15
  6.24000000e-05  -1.62227961e-03   5.66481410e-04  -3.01703994e-02  -7.96147696e-14   1.42577780e-13   6.95798144e-15
  6.24800000e-05  -1.88105244e-03   6.86732426e-04  -3.18715193e-02  -1.01405494e-13   1.39484589e-13   8.99039798e-15
  6.25600000e-05  -2.17006280e-03   8.27742779e-04  -3.34467817e-02  -1.23923728e-13   1.31798400e-13   1.13020574e-14
  6.26400000e-05  -2.45520455e-03   9.89029614e-04  -3.46135760e-02  -1.44978597e-13   1.18366383e-13   1.36657354e-14
  6.27200000e-05  -2.73783859e-03   1.16693581e-03  -3.53721243e-02  -1.63112816e-13   9.98081364e-14   1.59177957e-14
  6.28000000e-05  -3.02648883e-03   1.35929583e-03  -3.55053295e-02  -1.75943891e-13   7.67385119e-14   1.79354077e-14
  6.28800000e-05  -3.27686469e-03   1.54921801e-03  -3.51101509e-02  -1.82819005e-13   5.13221898e-14   1.93272426e-14
  6.29600000e-05  -3.49276440e-03   1.74388836e-03  -3.41997496e-02  -1.83365163e-13   2.54931494e-14   2.00267115e-14
  6.30400000e-05  -3.66786061e-03   1.91229872e-03  -3.28399492e-02  -1.78021293e-13   1.22201324e-15   1.99541766e-14
  6.31200000e-05  -3.79359291e-03   2.06782304e-03  -3.10317820e-02  -1.67403721e-13  -1.99344137e-14   1.91365333e-14
  6.32000000e-05  -3.84976839e-03   2.18177467e-03  -2.89795452e-02  -1.53473145e-13  -3.69850385e-14   1.76035558e-14
  6.32800000e-05  -3.85693401e-03   2.25923779e-03  -2.69261004e-02  -1.38419467e-13  -4.99048742e-14   1.56401322e-14
  6.33600000e-05  -3.82051708e-03   2.29923303e-03  -2.47264305e-02  -1.22268620e-13  -5.86391243e-14   1.34392361e-14
  6.34400000e-05  -3.72929339e-03   2.30257532e-03  -2.26364496e-02  -1.06888146e-13  -6.40115448e-14   1.10982887e-14
  6.35200000e-05  -3.58853705e-03   2.26923410e-03  -2.07238732e-02  -9.28892458e-14  -6.68437473e-14   8.76536867e-15
  6.36000000e-05  -3.41069167e-03   2.20512582e-03  -1.89294316e-02  -8.01626790e-14  -6.75612775e-14   6.57331222e-15
  6.36800000e-05  -3.19316898e-03   2.10720841e-03  -1.72642522e-02  -6.88165053e-14  -6.66871267e-14   4.58861784e-15
  6.37600000e-05  -2.95714416e-03   1.98959841e-03  -1.57404285e-02  -5.88773672e-14  -6.47366713e-14   2.87850387e-15
  6.38400000e-05  -2.68459805e-03   1.84348895e-03  -1.45175347e-02  -5.07801673e-14  -6.27265081e-14   1.42508449e-15
  6.39200000e-05  -2.39303762e-03   1.68176926e-03  -1.33347395e-02  -4.34938581e-14  -5.99511282e-14   2.44359803e-16
  6.40000000e-05  -2.08290608e-03   1.49961354e-03  -1.23662730e-02  -3.74781148e-14  -5.73646720e-14  -6.43803143e-16
  6.40800000e-05  -1.75756954e-03   1.30667578e-03  -1.16446955e-02  -3.26564266e-14  -5.53454162e-14  -1.28149117e-15
  6.41600000e-05  -1.40431053e-03   1.10375673e-03  -1.09698180e-02  -2.83371949e-14  -5.31308116e-14  -1.71828461e-15
  6.42400000e-05  -1.03430746e-03   8.88618797e-04  -1.03902747e-02  -2.45860360e-14  -5.10433183e-14  -1.91799853e-15
  6.43200000e-05  -6.51910833e-04   6.65094617e-04  -1.00279773e-02  -2.15730377e-14  -4.97669645e-14  -1.89829341e-15
  6.44000000e-05  -2.44046229e-04   4.32466505e-04  -9.68107264e-03  -1.87782451e-14  -4.83712408e-14  -1.68743508e-15
  6.44800000e-05   1.84537453e-04   1.94540613e-04  -9.45946351e-03  -1.63684973e-14  -4.74430154e-14  -1.29501996e-15
  6.45600000e-05   6.40031784e-04  -5.89057196e-05  -9.43607660e-03  -1.43408369e-14  -4.73936858e-14  -6.76852524e-16
  6.46400000e-05   1.11738955e-03  -3.21643228e-04  -9.44657952e-03  -1.23579054e-14  -4.74210444e-14   1.52866284e-16
  6.47200000e-05   1.62113171e-03  -5.96230107e-04  -9.56716515e-03  -1.04777030e-14  -4.79172553e-14   1.21080524e-15
  6.48000000e-05   2.15190436e-03  -8.84327332e-04  -9.80283167e-03  -8.62293609e-15  -4.89140645e-14   2.51971177e-15
  6.48800000e-05   2.72109543e-03  -1.18919476e-03  -1.00785589e-02  -6.63541215e-15  -5.00018905e-14   4.10836476e-15
  6.49600000e-05   3.31074608e-03  -1.49800475e-03  -1.05688018e-02  -4.58785700e-15  -5.20996213e-14   5.94733931e-15
  6.50400000e-05   3.93073878e-03  -1.82358188e-03  -1.11747876e-02  -2.25540308e-15  -5.46505422e-14   8.12492740e-15
  6.51200000e-05   4.57186331e-03  -2.14758559e-03  -1.18405075e-02   4.67377503e-16  -5.73215243e-14   1.05772211e-14
  6.52000000e-05   5.24096601e-03  -2.48358730e-03  -1.26759339e-02   3.68907156e-15  -6.06201020e-14   1.34025324e-14
  6.52800000e-05   5.88185817e-03  -2.80695397e-03  -1.37337728e-02   7.59228910e-15  -6.48015903e-14   1.64959660e-14
  6.53600000e-05   6.49879950e-03  -3.10501670e-03  -1.49293980e-02   1.23682913e-14  -6.92915443e-14   1.97952019e-14
  6.54400000e-05   7.05219065e-03  -3.36843543e-03  -1.64002404e-02   1.83310248e-14  -7.46957691e-14   2.32241569e-14
  6.55200000e-05   7.47478110e-03  -3.56489986e-03  -1.81997636e-02   2.58672360e-14  -8.11493337e-14   2.65190903e-14
  6.56000000e-05   7.69799947e-03  -3.65639347e-03  -2.02746435e-02   3.52938075e-14  -8.81738326e-14   2.93021151e-14
  6.56800000e-05   7.59884269e-03  -3.58208110e-03  -2.25844485e-02   4.68643646e-14  -9.53960184e-14   3.08987491e-14
  6.57600000e-05   7.03567881e-03  -3.28867851e-03  -2.52859024e-02   6.12265500e-14  -1.03332514e-13   3.04753909e-14
  6.58400000e-05   5.83522266e-03  -2.69726298e-03  -2.82776592e-02   7.85582541e-14  -1.11159426e-13   2.68137862e-14
  6.59200000e-05   3.89954003e-03  -1.78219539e-03  -3.13007347e-02   9.84405580e-14  -1.17173723e-13   1.89356375e-14
