       time             b_x              b_y              b_z              F_x              F_y              F_z
  0.00000000e+00   2.79471728e-04   2.33269272e-04  -8.00037389e-03   1.55399814e-14   2.79724946e-14   1.35845013e-15
  8.00000000e-08   5.98652382e-04   5.01833756e-04  -8.10562864e-03   1.44552812e-14   2.92821488e-14   2.88052417e-15
  1.60000000e-07   9.40659889e-04   7.91923436e-04  -8.20185736e-03   1.32489802e-14   3.05809844e-14   4.47222877e-15
  2.40000000e-07   1.29544299e-03   1.09556942e-03  -8.28343615e-03   1.19203006e-14   3.18340037e-14   6.07458424e-15
  3.20000000e-07   1.66403302e-03   1.41456686e-03  -8.35008528e-03   1.04651377e-14   3.30418131e-14   7.68305788e-15
  4.00000000e-07   2.05204738e-03   1.75352670e-03  -8.38995188e-03   8.85920539e-15   3.41703589e-14   9.30853321e-15
  4.80000000e-07   2.43688849e-03   2.09299786e-03  -8.41303215e-03   7.15093023e-15   3.52209318e-14   1.08335916e-14
  5.60000000e-07   2.82457398e-03   2.44118560e-03  -8.41240352e-03   5.32295468e-15   3.61776558e-14   1.22856032e-14
  6.40000000e-07   3.20887663e-03   2.78948655e-03  -8.38255708e-03   3.39153577e-15   3.70097636e-14   1.36141343e-14
  7.20000000e-07   3.58586270e-03   3.13594168e-03  -8.32859825e-03   1.37699572e-15   3.77294575e-14   1.47990205e-14
  8.00000000e-07   3.95195752e-03   3.47618413e-03  -8.25421060e-03  -6.98175186e-16   3.83441014e-14   1.58139893e-14
  8.80000000e-07   4.30017973e-03   3.80782816e-03  -8.15088972e-03  -2.82152671e-15   3.88082540e-14   1.66413846e-14
  9.60000000e-07   4.62864912e-03   4.12486236e-03  -8.03189095e-03  -4.95686250e-15   3.91667369e-14   1.72579312e-14
  1.04000000e-06   4.93536104e-03   4.43010557e-03  -7.88886464e-03  -7.09689488e-15   3.93827825e-14   1.76760728e-14
  1.12000000e-06   5.21470774e-03   4.71810763e-03  -7.71699692e-03  -9.21096346e-15   3.94257085e-14   1.78803044e-14
  1.20000000e-06   5.46885566e-03   4.98759291e-03  -7.53164327e-03  -1.12732252e-14   3.93552730e-14   1.78761041e-14
  1.28000000e-06   5.69969332e-03   5.23969796e-03  -7.32775687e-03  -1.32674481e-14   3.91559252e-14   1.76786483e-14
  1.36000000e-06   5.89537151e-03   5.46401659e-03  -7.10248735e-03  -1.51489874e-14   3.87904400e-14   1.72675702e-14
  1.44000000e-06   6.07179516e-03   5.66939714e-03  -6.86373192e-03  -1.69200145e-14   3.83233034e-14   1.66870102e-14
  1.52000000e-06   6.22060023e-03   5.85493430e-03  -6.60882501e-03  -1.85600325e-14   3.77269822e-14   1.59535863e-14
  1.60000000e-06   6.33927844e-03   6.01552979e-03  -6.33466788e-03  -2.00364754e-14   3.69867767e-14   1.50723388e-14
  1.68000000e-06   6.43439236e-03   6.15344124e-03  -6.04543690e-03  -2.13407672e-14   3.61363392e-14   1.40681264e-14
  1.76000000e-06   6.50253735e-03   6.26473901e-03  -5.73972025e-03  -2.24467819e-14   3.51666641e-14   1.29534075e-14
  1.84000000e-06   6.54386903e-03   6.35082921e-03  -5.41703193e-03  -2.33438243e-14   3.40819332e-14   1.17572887e-14
  1.92000000e-06   6.55837973e-03   6.40882477e-03  -5.08318318e-03  -2.40205005e-14   3.29056418e-14   1.04955747e-14
  2.00000000e-06   6.54633541e-03   6.43835836e-03  -4.73471665e-03  -2.44635857e-14   3.16336642e-14   9.19210849e-15
  2.08000000e-06   6.51641303e-03   6.44389480e-03  -4.37767104e-03  -2.46883686e-14   3.03136025e-14   7.87132217e-15
  2.16000000e-06   6.45618770e-03   6.41547476e-03  -4.01004820e-03  -2.46625771e-14   2.89111661e-14   6.54671189e-15
  2.24000000e-06   6.37502788e-03   6.36231400e-03  -3.63553119e-03  -2.44179298e-14   2.74677548e-14   5.25191413e-15
  2.32000000e-06   6.27275299e-03   6.28213927e-03  -3.25681391e-03  -2.39564572e-14   2.59945155e-14   4.00029851e-15
  2.40000000e-06   6.14681077e-03   6.17287013e-03  -2.86688215e-03  -2.32639839e-14   2.44706928e-14   2.80970800e-15
  2.48000000e-06   6.00614132e-03   6.04212993e-03  -2.48253376e-03  -2.24025625e-14   2.29661527e-14   1.69646133e-15
  2.56000000e-06   5.84662097e-03   5.88858918e-03  -2.09658312e-03  -2.13642255e-14   2.14526322e-14   6.75961288e-16
  2.64000000e-06   5.67352173e-03   5.71556338e-03  -1.70821195e-03  -2.01664040e-14   1.99445681e-14  -2.45922753e-16
  2.72000000e-06   5.48584471e-03   5.52443911e-03  -1.32668521e-03  -1.88450034e-14   1.84590536e-14  -1.05891345e-15
  2.80000000e-06   5.28722098e-03   5.31473177e-03  -9.44625067e-04  -1.73933389e-14   1.69888391e-14  -1.76927721e-15
  2.88000000e-06   5.07713372e-03   5.09382181e-03  -5.67544168e-04  -1.58566570e-14   1.55417691e-14  -2.35993205e-15
  2.96000000e-06   4.48612363e-03   4.48778000e-03  -1.90826991e-04  -1.31767418e-14   1.30603076e-14  -2.62387090e-15
  3.04000000e-06  -1.54350983e-03  -1.54647327e-03  -1.96819495e-04   3.87279232e-15  -3.98594900e-15   9.47419186e-16
  3.12000000e-06  -1.65914449e-03  -1.63977354e-03  -6.07728272e-04   3.11434277e-15  -3.52512328e-15   1.00910104e-15
  3.20000000e-06  -1.37825698e-03  -1.35081544e-03  -9.78520878e-04   1.38014400e-15  -2.01224977e-15   8.33896324e-16
  3.28000000e-06  -1.09465879e-03  -1.06208523e-03  -1.38573070e-03  -4.47201471e-16  -4.21326121e-16   6.76190019e-16
  3.36000000e-06  -8.07747858e-04  -7.70148990e-04  -1.80752910e-03  -2.32916618e-15   1.19852484e-15   5.30191355e-16
  3.44000000e-06  -5.22111319e-04  -4.83590819e-04  -2.19119012e-03  -4.11680546e-15   2.72265959e-15   3.80057187e-16
  3.52000000e-06  -2.37157434e-04  -1.99113117e-04  -2.61372151e-03  -6.01844361e-15   4.29233651e-15   2.19096847e-16
  3.60000000e-06   4.54443449e-05   8.46763081e-05  -3.03876841e-03  -7.95434784e-15   5.82216381e-15   4.32804321e-17
  3.68000000e-06   3.20222760e-04   3.59373613e-04  -3.50928303e-03  -1.00181793e-14   7.36379734e-15  -1.60059640e-16
  3.76000000e-06   5.93117926e-04   6.24384981e-04  -3.94995141e-03  -1.20227420e-14   8.78243764e-15  -4.17038463e-16
  3.84000000e-06   8.50311807e-04   8.64558852e-04  -4.34909575e-03  -1.38962989e-14   1.00113846e-14  -7.26761623e-16
  3.92000000e-06   1.08331592e-03   1.10076115e-03  -4.90631812e-03  -1.62306527e-14   1.13586635e-14  -1.03534846e-15
  4.00000000e-06   1.30711246e-03   1.31629160e-03  -5.42581462e-03  -1.84710808e-14   1.25054881e-14  -1.41599212e-15
  4.08000000e-06   1.51248318e-03   1.51001738e-03  -5.94216714e-03  -2.07091356e-14   1.34696554e-14  -1.84828284e-15
  4.16000000e-06   1.69253937e-03   1.67998968e-03  -6.43282555e-03  -2.28752210e-14   1.41863820e-14  -2.31379454e-15
  4.24000000e-06   1.84455875e-03   1.82002091e-03  -7.01393278e-03  -2.52801486e-14   1.48019141e-14  -2.80740161e-15
  4.32000000e-06   1.97896633e-03   1.93249746e-03  -7.53023694e-03  -2.74895492e-14   1.51040881e-14  -3.34813906e-15
  4.40000000e-06   2.07493768e-03   2.01499487e-03  -8.22168760e-03  -3.02012832e-14   1.53119342e-14  -3.86931653e-15
  4.48000000e-06   2.13397308e-03   2.04342740e-03  -8.87122590e-03  -3.27084038e-14   1.51303835e-14  -4.38282300e-15
  4.56000000e-06   2.14873051e-03   2.03827673e-03  -9.42799260e-03  -3.48915742e-14   1.44939851e-14  -4.81861193e-15
  4.64000000e-06   2.12922532e-03   1.99654199e-03  -1.01399620e-02  -3.74982159e-14   1.36425208e-14  -5.18781877e-15
  4.72000000e-06   2.06932349e-03   1.91981391e-03  -1.07396904e-02  -3.96795135e-14   1.23159566e-14  -5.44386316e-15
  4.80000000e-06   1.94983390e-03   1.78837533e-03  -1.13795927e-02  -4.18409717e-14   1.05729155e-14  -5.50763157e-15
  4.88000000e-06   1.78990592e-03   1.61599301e-03  -1.19947233e-02  -4.37841980e-14   8.42439934e-15  -5.39869270e-15
  4.96000000e-06   1.57996481e-03   1.40953867e-03  -1.27370264e-02  -4.59987995e-14   5.87171999e-15  -5.05613055e-15
  5.04000000e-06   1.30486043e-03   1.14975623e-03  -1.32557899e-02  -4.72343222e-14   2.82214537e-15  -4.40482381e-15
  5.12000000e-06   9.90264868e-04   8.53024188e-04  -1.38671684e-02  -4.85416104e-14  -5.99602199e-16  -3.50327660e-15
  5.20000000e-06   6.20956851e-04   5.27321553e-04  -1.43251784e-02  -4.90796790e-14  -4.35760776e-15  -2.28787542e-15
  5.28000000e-06   2.09229992e-04   1.70602327e-04  -1.47019540e-02  -4.90462669e-14  -8.36377643e-15  -7.95052804e-16
  5.36000000e-06  -2.52563869e-04  -2.11661875e-04  -1.51976924e-02  -4.90764559e-14  -1.27350074e-14   9.92943844e-16
  5.44000000e-06  -7.53677705e-04  -6.18376646e-04  -1.56391248e-02  -4.85551427e-14  -1.73247956e-14   3.02498881e-15
  5.52000000e-06  -1.29743224e-03  -1.03062745e-03  -1.58746312e-02  -4.70299320e-14  -2.18975808e-14   5.26540722e-15
  5.60000000e-06  -1.85371916e-03  -1.43879783e-03  -1.60590327e-02  -4.50140564e-14  -2.64526453e-14   7.56604892e-15
  5.68000000e-06  -2.43059812e-03  -1.84097876e-03  -1.60598580e-02  -4.21308205e-14  -3.07425555e-14   9.90042906e-15
  5.76000000e-06  -3.00983129e-03  -2.23088262e-03  -1.60167874e-02  -3.88549398e-14  -3.48407788e-14   1.21542790e-14
  5.84000000e-06  -3.56984967e-03  -2.59268951e-03  -1.58563800e-02  -3.50606842e-14  -3.85232728e-14   1.41924107e-14
  5.92000000e-06  -4.11534644e-03  -2.94126771e-03  -1.55377572e-02  -3.06861713e-14  -4.16573675e-14   1.60132310e-14
  6.00000000e-06  -4.63671144e-03  -3.24386022e-03  -1.51104601e-02  -2.60588955e-14  -4.42497535e-14   1.74956681e-14
  6.08000000e-06  -5.10375309e-03  -3.50534861e-03  -1.45924309e-02  -2.13119995e-14  -4.62229077e-14   1.85574694e-14
  6.16000000e-06  -5.52343640e-03  -3.73810399e-03  -1.39714523e-02  -1.64885298e-14  -4.75569963e-14   1.92425481e-14
  6.24000000e-06  -5.88348859e-03  -3.91299326e-03  -1.33321251e-02  -1.19397981e-14  -4.84037597e-14   1.94756086e-14
  6.32000000e-06  -6.15430418e-03  -4.04568179e-03  -1.25965306e-02  -7.55784550e-15  -4.85093964e-14   1.92725180e-14
  6.40000000e-06  -6.36661959e-03  -4.13583447e-03  -1.17568460e-02  -3.43276439e-15  -4.79671476e-14   1.87328547e-14
  6.48000000e-06  -6.49492090e-03  -4.17727103e-03  -1.08599743e-02   2.57312667e-16  -4.68270069e-14   1.78580417e-14
  6.56000000e-06  -6.54251971e-03  -4.18069682e-03  -9.97418955e-03   3.41920040e-15  -4.52899982e-14   1.67405647e-14
  6.64000000e-06  -6.51098297e-03  -4.13350600e-03  -8.98776270e-03   6.10193246e-15  -4.31348155e-14   1.54174565e-14
  6.72000000e-06  -6.40341916e-03  -4.05459165e-03  -8.01427522e-03   8.23040979e-15  -4.06663125e-14   1.39978381e-14
  6.80000000e-06  -6.22140650e-03  -3.93962944e-03  -6.98547341e-03   9.84761718e-15  -3.77652335e-14   1.25281410e-14
  6.88000000e-06  -5.98085482e-03  -3.79349946e-03  -5.94309534e-03   1.09472043e-14  -3.46116431e-14   1.10759808e-14
  6.96000000e-06  -5.68108037e-03  -3.62800141e-03  -4.89366687e-03   1.15948889e-14  -3.12412010e-14   9.70062472e-15
  7.04000000e-06  -5.32206474e-03  -3.43421615e-03  -3.85301153e-03   1.17891793e-14  -2.77046261e-14   8.40924005e-15
  7.12000000e-06  -4.92350633e-03  -3.22095471e-03  -2.79022656e-03   1.16118673e-14  -2.40209306e-14   7.23927868e-15
  7.20000000e-06  -4.49269283e-03  -2.99694432e-03  -1.74467576e-03   1.11332850e-14  -2.03063336e-14   6.21234127e-15
  7.28000000e-06  -4.03819478e-03  -2.75571154e-03  -7.07958184e-04   1.03807499e-14  -1.65759544e-14   5.30971874e-15
  7.36000000e-06  -1.61038793e-03  -3.67064308e-04  -2.68734768e-04   1.40545540e-15  -6.59708728e-15   5.88784497e-16
  7.44000000e-06  -1.44329376e-03  -1.07224563e-04  -1.10312391e-03   5.17874254e-16  -7.59357038e-15   6.05304521e-17
  7.52000000e-06  -1.81063014e-03  -2.90255721e-04  -1.94034432e-03   1.36204528e-15  -1.06056819e-14   3.15510819e-16
  7.60000000e-06  -2.19062583e-03  -4.81578935e-04  -2.77433061e-03   2.32834512e-15  -1.36461889e-14   5.30284376e-16
  7.68000000e-06  -2.53125864e-03  -6.57796925e-04  -3.59516519e-03   3.35382783e-15  -1.64901821e-14   6.55821166e-16
  7.76000000e-06  -2.86426831e-03  -8.21048739e-04  -4.39473831e-03   4.46670267e-15  -1.92313289e-14   6.81729649e-16
  7.84000000e-06  -3.15619447e-03  -9.76653688e-04  -5.19098142e-03   5.71219368e-15  -2.17650349e-14   6.21868426e-16
  7.92000000e-06  -3.44199071e-03  -1.13443169e-03  -5.95775942e-03   7.13412695e-15  -2.41588852e-14   4.78536634e-16
  8.00000000e-06  -3.67143321e-03  -1.25933042e-03  -6.69835364e-03   8.60887718e-15  -2.62144910e-14   2.09870736e-16
  8.08000000e-06  -3.86787840e-03  -1.38886605e-03  -7.39071341e-03   1.02647308e-14  -2.79651598e-14  -1.16750516e-16
  8.16000000e-06  -4.03397568e-03  -1.48790408e-03  -8.06619120e-03   1.19844263e-14  -2.94628881e-14  -5.58743612e-16
  8.24000000e-06  -4.15601187e-03  -1.57906672e-03  -8.67712996e-03   1.38049348e-14  -3.05589745e-14  -1.05090199e-15
  8.32000000e-06  -4.24654065e-03  -1.65863132e-03  -9.25136354e-03   1.57150465e-14  -3.13387392e-14  -1.59491831e-15
  8.40000000e-06  -4.28801795e-03  -1.72115425e-03  -9.79409907e-03   1.76774408e-14  -3.17362410e-14  -2.16234461e-15
  8.48000000e-06  -4.30555605e-03  -1.76672971e-03  -1.02052014e-02   1.95448334e-14  -3.16867224e-14  -2.76030827e-15
  8.56000000e-06  -4.28181408e-03  -1.80407205e-03  -1.06310310e-02   2.14884420e-14  -3.13577022e-14  -3.33344521e-15
  8.64000000e-06  -4.25233423e-03  -1.83819845e-03  -1.09731393e-02   2.33730966e-14  -3.07357786e-14  -3.90879558e-15
  8.72000000e-06  -4.19238869e-03  -1.85400454e-03  -1.12685013e-02   2.51535559e-14  -2.97979233e-14  -4.45560567e-15
  8.80000000e-06  -4.11527485e-03  -1.86474131e-03  -1.14747385e-02   2.67761457e-14  -2.85569464e-14  -4.96219425e-15
  8.88000000e-06  -4.04048160e-03  -1.87739980e-03  -1.16729766e-02   2.83757632e-14  -2.71974630e-14  -5.44773111e-15
  8.96000000e-06  -3.95085112e-03  -1.88106563e-03  -1.17374846e-02   2.96538685e-14  -2.55438332e-14  -5.88783670e-15
  9.04000000e-06  -3.86910563e-03  -1.88700072e-03  -1.17974939e-02   3.08657412e-14  -2.38399448e-14  -6.30954512e-15
  9.12000000e-06  -3.78667507e-03  -1.88885817e-03  -1.17781025e-02   3.18215730e-14  -2.20126464e-14  -6.70050122e-15
  9.20000000e-06  -3.69587679e-03  -1.89224720e-03  -1.18306045e-02   3.28513271e-14  -2.01584767e-14  -7.03849382e-15
  9.28000000e-06  -3.61885631e-03  -1.89541524e-03  -1.18024812e-02   3.36161316e-14  -1.82666446e-14  -7.37379473e-15
  9.36000000e-06  -3.55175432e-03  -1.91070098e-03  -1.16630030e-02   3.40711376e-14  -1.63479636e-14  -7.69752355e-15
  9.44000000e-06  -3.48782730e-03  -1.91756656e-03  -1.15378906e-02   3.44255071e-14  -1.44625992e-14  -8.00295567e-15
  9.52000000e-06  -3.43093953e-03  -1.93180709e-03  -1.14773000e-02   3.48645757e-14  -1.26225607e-14  -8.29758725e-15
  9.60000000e-06  -3.37808840e-03  -1.93903175e-03  -1.13753796e-02   3.50867268e-14  -1.08000444e-14  -8.57856524e-15
  9.68000000e-06  -3.33545061e-03  -1.96329134e-03  -1.11880327e-02   3.50612138e-14  -9.05172465e-15  -8.86427279e-15
  9.76000000e-06  -3.29717596e-03  -1.98416114e-03  -1.09739192e-02   3.48658821e-14  -7.38288328e-15  -9.14077421e-15
  9.84000000e-06  -3.26194043e-03  -2.00529834e-03  -1.08177805e-02   3.47363211e-14  -5.75641684e-15  -9.40714933e-15
  9.92000000e-06  -3.24568114e-03  -2.03607438e-03  -1.05673272e-02   3.43176996e-14  -4.30263102e-15  -9.71142771e-15
  1.00000000e-05  -3.23602342e-03  -2.06784904e-03  -1.04216044e-02   3.41048859e-14  -2.86470004e-15  -1.00215320e-14
  1.00800000e-05  -3.22403264e-03  -2.10271813e-03  -1.02403382e-02   3.37455781e-14  -1.50209171e-15  -1.03159063e-14
  1.01600000e-05  -3.21464674e-03  -2.13992312e-03  -1.01000688e-02   3.34415508e-14  -1.62596705e-16  -1.06093167e-14
  1.02400000e-05  -3.22209952e-03  -2.17320329e-03  -9.90664233e-03   3.29312693e-14   1.01256301e-15  -1.09329002e-14
  1.03200000e-05  -3.21978186e-03  -2.21799035e-03  -9.71355418e-03   3.24096989e-14   2.15613480e-15  -1.12352744e-14
  1.04000000e-05  -3.22664514e-03  -2.26509951e-03  -9.51469595e-03   3.18351224e-14   3.20075788e-15  -1.15579814e-14
  1.04800000e-05  -3.24528132e-03  -2.31703008e-03  -9.37484627e-03   3.13907667e-14   4.23267711e-15  -1.19126336e-14
  1.05600000e-05  -3.26051973e-03  -2.36965568e-03  -9.16607462e-03   3.07305640e-14   5.11722566e-15  -1.22542831e-14
  1.06400000e-05  -3.29304376e-03  -2.43455745e-03  -9.01513463e-03   3.02225020e-14   5.98932192e-15  -1.26570900e-14
  1.07200000e-05  -3.32074656e-03  -2.49340645e-03  -8.82854380e-03   2.95757266e-14   6.76141495e-15  -1.30341368e-14
  1.08000000e-05  -3.34811095e-03  -2.55637044e-03  -8.66417531e-03   2.89708347e-14   7.52237973e-15  -1.34147284e-14
  1.08800000e-05  -3.37889635e-03  -2.62201101e-03  -8.52043531e-03   2.83997000e-14   8.26691832e-15  -1.38062892e-14
  1.09600000e-05  -3.40433966e-03  -2.68483054e-03  -8.39057221e-03   2.78288728e-14   9.01448847e-15  -1.41755898e-14
  1.10400000e-05  -3.43893422e-03  -2.75815326e-03  -8.30759925e-03   2.73731077e-14   9.80777605e-15  -1.45873269e-14
  1.11200000e-05  -3.47689670e-03  -2.82892947e-03  -8.13017074e-03   2.66590604e-14   1.03403527e-14  -1.49988151e-14
  1.12000000e-05  -3.51054729e-03  -2.90787457e-03  -8.02762066e-03   2.61230051e-14   1.10240845e-14  -1.54171087e-14
  1.12800000e-05  -3.54594636e-03  -2.98594033e-03  -7.88585278e-03   2.54690372e-14   1.15746594e-14  -1.58350765e-14
  1.13600000e-05  -3.58040898e-03  -3.06040686e-03  -7.76024930e-03   2.48239123e-14   1.21336641e-14  -1.62383581e-14
  1.14400000e-05  -3.61582591e-03  -3.13566871e-03  -7.61348455e-03   2.41163163e-14   1.25979247e-14  -1.66419618e-14
  1.15200000e-05  -3.65582667e-03  -3.21638629e-03  -7.51847628e-03   2.35170179e-14   1.31636906e-14  -1.70664441e-14
  1.16000000e-05  -3.69892253e-03  -3.29983113e-03  -7.42803508e-03   2.29117902e-14   1.37122946e-14  -1.75008858e-14
  1.16800000e-05  -3.73896823e-03  -3.38961730e-03  -7.39201241e-03   2.24079281e-14   1.44121584e-14  -1.79429126e-14
  1.17600000e-05  -3.77946342e-03  -3.47457116e-03  -7.28780793e-03   2.17284900e-14   1.48868106e-14  -1.83659225e-14
  1.18400000e-05  -3.83503309e-03  -3.56834097e-03  -7.23235983e-03   2.11374393e-14   1.54662147e-14  -1.88391493e-14
  1.19200000e-05  -3.87058691e-03  -3.66069021e-03  -7.16544356e-03   2.04952998e-14   1.60338862e-14  -1.92624404e-14
  1.20000000e-05  -3.91405708e-03  -3.75910464e-03  -7.16623447e-03   1.99557338e-14   1.68002347e-14  -1.97121267e-14
  1.20800000e-05  -3.95274543e-03  -3.85448615e-03  -7.08192784e-03   1.92272558e-14   1.72765934e-14  -2.01347487e-14
  1.21600000e-05  -3.98252591e-03  -3.95174888e-03  -7.00652247e-03   1.84905178e-14   1.77811481e-14  -2.05388050e-14
  1.22400000e-05  -4.01735794e-03  -4.04963961e-03  -6.99469911e-03   1.78279415e-14   1.84872413e-14  -2.09427003e-14
  1.23200000e-05  -4.04919293e-03  -4.15148270e-03  -6.95763868e-03   1.70959099e-14   1.90971879e-14  -2.13443511e-14
  1.24000000e-05  -4.09864988e-03  -4.26162483e-03  -6.99105576e-03   1.64459974e-14   1.99294449e-14  -2.17904431e-14
  1.24800000e-05  -4.13720276e-03  -4.37227537e-03  -6.97059078e-03   1.56684436e-14   2.05748052e-14  -2.22050393e-14
  1.25600000e-05  -4.17237950e-03  -4.48691439e-03  -7.01376468e-03   1.49378360e-14   2.14579069e-14  -2.26135491e-14
  1.26400000e-05  -4.20790630e-03  -4.60557175e-03  -7.02359492e-03   1.41153010e-14   2.22081472e-14  -2.30191350e-14
  1.27200000e-05  -4.24667398e-03  -4.72910820e-03  -7.05272101e-03   1.32692454e-14   2.30221630e-14  -2.34270516e-14
  1.28000000e-05  -4.28471791e-03  -4.86107414e-03  -7.07164899e-03   1.23650068e-14   2.37890690e-14  -2.38446499e-14
  1.28800000e-05  -4.32170989e-03  -4.99080320e-03  -7.09218157e-03   1.14040944e-14   2.45538300e-14  -2.42278796e-14
  1.29600000e-05  -4.36249411e-03  -5.12671021e-03  -7.09126230e-03   1.03719637e-14   2.52167713e-14  -2.46115151e-14
  1.30400000e-05  -4.40227327e-03  -5.27399789e-03  -7.20923018e-03   9.38408210e-15   2.63553139e-14  -2.50108762e-14
  1.31200000e-05  -4.44113487e-03  -5.42382380e-03  -7.21701819e-03   8.23859074e-15   2.70312198e-14  -2.53846202e-14
  1.32000000e-05  -4.47764247e-03  -5.58214456e-03  -7.27092713e-03   7.06424247e-15   2.78830994e-14  -2.57571889e-14
  1.32800000e-05  -4.52267465e-03  -5.74505726e-03  -7.31238395e-03   5.81192886e-15   2.86614624e-14  -2.61128528e-14
  1.33600000e-05  -4.56879802e-03  -5.91413432e-03  -7.38392906e-03   4.50101444e-15   2.95473162e-14  -2.64508260e-14
  1.34400000e-05  -4.60126906e-03  -6.09478807e-03  -7.46668302e-03   3.11176669e-15   3.04632674e-14  -2.67836781e-14
  1.35200000e-05  -4.64740302e-03  -6.27831187e-03  -7.64771702e-03   1.63398995e-15   3.17675017e-14  -2.70721436e-14
  1.36000000e-05  -4.69665399e-03  -6.47160927e-03  -7.77262496e-03   3.70234611e-17   3.28049190e-14  -2.73362610e-14
  1.36800000e-05  -4.75073728e-03  -6.67828357e-03  -7.82403468e-03  -1.65319708e-15   3.34967513e-14  -2.75876715e-14
  1.37600000e-05  -4.79788235e-03  -6.89037509e-03  -7.97484134e-03  -3.46284189e-15   3.45706808e-14  -2.77862142e-14
  1.38400000e-05  -4.85280604e-03  -7.11523884e-03  -8.06957338e-03  -5.37264509e-15   3.53625311e-14  -2.79494887e-14
  1.39200000e-05  -4.90400668e-03  -7.35177323e-03  -8.27115215e-03  -7.45279925e-15   3.65498883e-14  -2.80683886e-14
  1.40000000e-05  -4.96060301e-03  -7.60231516e-03  -8.40633913e-03  -9.63636570e-15   3.73970768e-14  -2.81337899e-14
  1.40800000e-05  -5.02196256e-03  -7.87049176e-03  -8.59890361e-03  -1.19995830e-14   3.84139447e-14  -2.81518655e-14
  1.41600000e-05  -5.08649465e-03  -8.14440374e-03  -8.77192507e-03  -1.44865617e-14   3.92696543e-14  -2.80602147e-14
  1.42400000e-05  -5.16299229e-03  -8.44115163e-03  -8.87321853e-03  -1.70475392e-14   3.97531340e-14  -2.78980978e-14
  1.43200000e-05  -5.24551961e-03  -8.75271943e-03  -9.11177486e-03  -1.99121064e-14   4.06889270e-14  -2.76224359e-14
  1.44000000e-05  -5.32763047e-03  -9.07515054e-03  -9.38760866e-03  -2.30046259e-14   4.16379318e-14  -2.71965272e-14
  1.44800000e-05  -5.42816189e-03  -9.42398691e-03  -9.61958532e-03  -2.62173281e-14   4.22898018e-14  -2.66359338e-14
  1.45600000e-05  -5.52762954e-03  -9.79052607e-03  -9.85233275e-03  -2.96005823e-14   4.27805214e-14  -2.59048048e-14
  1.46400000e-05  -5.63403524e-03  -1.01747218e-02  -1.01026509e-02  -3.31761090e-14   4.31601519e-14  -2.49664343e-14
  1.47200000e-05  -5.74826705e-03  -1.05804391e-02  -1.04192809e-02  -3.70495717e-14   4.35680461e-14  -2.38018562e-14
  1.48000000e-05  -5.87607797e-03  -1.09930043e-02  -1.06549843e-02  -4.08829639e-14   4.34801406e-14  -2.23131150e-14
  1.48800000e-05  -6.01904356e-03  -1.14340977e-02  -1.08768254e-02  -4.48013433e-14   4.31252770e-14  -2.05425190e-14
  1.49600000e-05  -6.16736768e-03  -1.19079509e-02  -1.12436985e-02  -4.92041358e-14   4.29262074e-14  -1.84728517e-14
  1.50400000e-05  -6.33684170e-03  -1.23969744e-02  -1.16285770e-02  -5.37457114e-14   4.24531888e-14  -1.59704003e-14
  1.51200000e-05  -6.52916512e-03  -1.29140215e-02  -1.20007307e-02  -5.83270082e-14   4.15798896e-14  -1.30106179e-14
  1.52000000e-05  -6.75149600e-03  -1.34725965e-02  -1.24036067e-02  -6.30414801e-14   4.03923281e-14  -9.55893253e-15
  1.52800000e-05  -7.00074261e-03  -1.40568583e-02  -1.27886285e-02  -6.76516607e-14   3.87193971e-14  -5.52531610e-15
  1.53600000e-05  -7.27941748e-03  -1.46786886e-02  -1.32359665e-02  -7.23577929e-14   3.66759303e-14  -8.78815875e-16
  1.54400000e-05  -7.58808877e-03  -1.53111266e-02  -1.36933832e-02  -7.68479882e-14   3.40881145e-14   4.46945194e-15
  1.55200000e-05  -7.94351326e-03  -1.59695715e-02  -1.41710787e-02  -8.10719270e-14   3.09307616e-14   1.05881085e-14
  1.56000000e-05  -8.31750191e-03  -1.66452790e-02  -1.45667783e-02  -8.44904307e-14   2.70057232e-14   1.73841819e-14
  1.56800000e-05  -8.74868738e-03  -1.73533807e-02  -1.50601175e-02  -8.76385079e-14   2.25000767e-14   2.49845003e-14
  1.57600000e-05  -9.23170499e-03  -1.80835407e-02  -1.55706977e-02  -9.00244790e-14   1.72482957e-14   3.33427047e-14
  1.58400000e-05  -9.77144325e-03  -1.88250183e-02  -1.60026060e-02  -9.10512416e-14   1.12065713e-14   4.24142249e-14
  1.59200000e-05  -1.03615162e-02  -1.95724457e-02  -1.64796362e-02  -9.09914964e-14   4.34617010e-15   5.20487632e-14
  1.60000000e-05  -1.10080235e-02  -2.03036865e-02  -1.68818199e-02  -8.91325661e-14  -3.29500152e-15   6.20830022e-14
  1.60800000e-05  -1.17080203e-02  -2.10148853e-02  -1.72653829e-02  -8.55196334e-14  -1.17005786e-14   7.22342460e-14
  1.61600000e-05  -1.24395671e-02  -2.16702782e-02  -1.74742124e-02  -7.93865329e-14  -2.05818295e-14   8.20379223e-14
  1.62400000e-05  -1.32066454e-02  -2.22724306e-02  -1.77267302e-02  -7.15613651e-14  -3.01147426e-14   9.11512767e-14
  1.63200000e-05  -1.39774096e-02  -2.27780680e-02  -1.77991638e-02  -6.12344431e-14  -3.97555885e-14   9.89627605e-14
  1.64000000e-05  -1.47561255e-02  -2.32050374e-02  -1.77336541e-02  -4.87886632e-14  -4.93101629e-14   1.05120795e-13
  1.64800000e-05  -1.54956817e-02  -2.35004666e-02  -1.76237793e-02  -3.49190255e-14  -5.87008614e-14   1.08977292e-13
  1.65600000e-05  -1.61987457e-02  -2.36937925e-02  -1.73025525e-02  -1.95010967e-14  -6.72509011e-14   1.10349164e-13
  1.66400000e-05  -1.68216604e-02  -2.37588741e-02  -1.67837269e-02  -3.24242691e-15  -7.46280207e-14   1.08892427e-13
  1.67200000e-05  -1.73679498e-02  -2.37116045e-02  -1.61792838e-02   1.29183301e-14  -8.08894433e-14   1.04680380e-13
  1.68000000e-05  -1.77969226e-02  -2.35477336e-02  -1.55351768e-02   2.82869184e-14  -8.58839271e-14   9.77749888e-14
  1.68800000e-05  -1.81353822e-02  -2.33253381e-02  -1.47692199e-02   4.26879966e-14  -8.93422695e-14   8.86827818e-14
  1.69600000e-05  -1.83713969e-02  -2.30207628e-02  -1.39058709e-02   5.55411248e-14  -9.12548995e-14   7.76930374e-14
  1.70400000e-05  -1.85006363e-02  -2.26913576e-02  -1.30796996e-02   6.65158631e-14  -9.19011891e-14   6.53514209e-14
  1.71200000e-05  -1.85153369e-02  -2.23017842e-02  -1.22566696e-02   7.53900441e-14  -9.11871141e-14   5.20339782e-14
  1.72000000e-05  -1.84316247e-02  -2.19006432e-02  -1.14137220e-02   8.22732689e-14  -8.92000801e-14   3.82968075e-14
  1.72800000e-05  -1.82703273e-02  -2.14988955e-02  -1.05722114e-02   8.71956255e-14  -8.61691923e-14   2.45407348e-14
  1.73600000e-05  -1.80879829e-02  -2.11566242e-02  -9.89309139e-03   9.05122249e-14  -8.25741052e-14   1.10992341e-14
  1.74400000e-05  -1.78226931e-02  -2.08203986e-02  -9.09678406e-03   9.21100761e-14  -7.80348587e-14  -1.86140050e-15
  1.75200000e-05  -1.75133626e-02  -2.05173408e-02  -8.41192519e-03   9.22896595e-14  -7.29821374e-14  -1.41350393e-14
  1.76000000e-05  -1.71583332e-02  -2.02205076e-02  -7.81387333e-03   9.11331012e-14  -6.74483568e-14  -2.55765728e-14
  1.76800000e-05  -1.67760513e-02  -1.99682999e-02  -7.25784411e-03   8.89358391e-14  -6.15893111e-14  -3.61206932e-14
  1.77600000e-05  -1.63936569e-02  -1.97727303e-02  -6.73333593e-03   8.58726367e-14  -5.56046675e-14  -4.57886635e-14
  1.78400000e-05  -1.59994783e-02  -1.96245328e-02  -6.30595056e-03   8.21397184e-14  -4.94322159e-14  -5.45688553e-14
  1.79200000e-05  -1.55964724e-02  -1.95157798e-02  -5.87057595e-03   7.76498918e-14  -4.32652748e-14  -6.24655611e-14
  1.80000000e-05  -1.51791159e-02  -1.94302749e-02  -5.49350916e-03   7.25645169e-14  -3.70514789e-14  -6.94537464e-14
  1.80800000e-05  -1.47616852e-02  -1.93945621e-02  -5.14798631e-03   6.70109181e-14  -3.09288213e-14  -7.56301801e-14
  1.81600000e-05  -1.43417044e-02  -1.93733488e-02  -4.97913676e-03   6.12904561e-14  -2.45677981e-14  -8.09475825e-14
  1.82400000e-05  -1.39189233e-02  -1.93848758e-02  -4.78672055e-03   5.50881958e-14  -1.84501363e-14  -8.54686975e-14
  1.83200000e-05  -1.34993732e-02  -1.94129044e-02  -4.61785028e-03   4.85205660e-14  -1.25226081e-14  -8.91967057e-14
  1.84000000e-05  -1.30785879e-02  -1.94706464e-02  -4.39341813e-03   4.14769767e-14  -7.06052632e-15  -9.21804528e-14
  1.84800000e-05  -1.26646005e-02  -1.95444918e-02  -4.35747564e-03   3.45833961e-14  -1.35658836e-15  -9.44287703e-14
  1.85600000e-05  -1.22544788e-02  -1.96338142e-02  -4.24873356e-03   2.72324412e-14   3.76804004e-15  -9.59580935e-14
  1.86400000e-05  -1.18484079e-02  -1.97371761e-02  -4.24331429e-03   1.99119990e-14   8.85414280e-15  -9.67831357e-14
  1.87200000e-05  -1.14458159e-02  -1.98438253e-02  -4.27374143e-03   1.24870996e-14   1.36643108e-14  -9.68886973e-14
  1.88000000e-05  -1.10518046e-02  -1.99637614e-02  -4.26071185e-03   4.81699782e-15   1.78945664e-14  -9.63405617e-14
  1.88800000e-05  -1.06626148e-02  -2.00972122e-02  -4.36432520e-03  -2.68360866e-15   2.20869290e-14  -9.51513448e-14
  1.89600000e-05  -1.02994714e-02  -2.02411585e-02  -4.49329665e-03  -1.02072292e-14   2.59223977e-14  -9.33769405e-14
  1.90400000e-05  -9.93846125e-03  -2.03794126e-02  -4.65714823e-03  -1.76752389e-14   2.93971837e-14  -9.09210181e-14
  1.91200000e-05  -9.59973469e-03  -2.05290974e-02  -4.84975895e-03  -2.50852843e-14   3.24968420e-14  -8.79051444e-14
  1.92000000e-05  -9.27944396e-03  -2.06903458e-02  -5.09881803e-03  -3.23556463e-14   3.52928046e-14  -8.43289407e-14
  1.92800000e-05  -8.97849808e-03  -2.08545216e-02  -5.30246322e-03  -3.96240211e-14   3.74448758e-14  -8.01760910e-14
  1.93600000e-05  -8.69630471e-03  -2.10183787e-02  -5.59975831e-03  -4.65929069e-14   3.93792956e-14  -7.54501908e-14
  1.94400000e-05  -8.43384801e-03  -2.12005652e-02  -5.97128572e-03  -5.33329008e-14   4.09935064e-14  -7.02166914e-14
  1.95200000e-05  -8.20806707e-03  -2.13738165e-02  -6.30635342e-03  -5.98862325e-14   4.20084388e-14  -6.44319183e-14
  1.96000000e-05  -7.99984147e-03  -2.15601038e-02  -6.74385080e-03  -6.60925777e-14   4.27090691e-14  -5.81391597e-14
  1.96800000e-05  -7.82297323e-03  -2.17431336e-02  -7.27509075e-03  -7.18963311e-14   4.30424238e-14  -5.13305075e-14
  1.97600000e-05  -7.67329170e-03  -2.19338993e-02  -7.85800529e-03  -7.73523059e-14   4.28389072e-14  -4.40413895e-14
  1.98400000e-05  -7.56127238e-03  -2.21225551e-02  -8.32852938e-03  -8.24701894e-14   4.18460227e-14  -3.62802802e-14
  1.99200000e-05  -7.48571816e-03  -2.23200969e-02  -8.90312449e-03  -8.70676909e-14   4.04031870e-14  -2.80843937e-14
  2.00000000e-05  -7.43497292e-03  -2.25092011e-02  -9.55108971e-03  -9.10509854e-14   3.83337751e-14  -1.94638568e-14
  2.00800000e-05  -7.41700111e-03  -2.26720926e-02  -1.03294109e-02  -9.42754712e-14   3.56147505e-14  -1.04768460e-14
  2.01600000e-05  -7.42477291e-03  -2.27851309e-02  -1.10338022e-02  -9.65966799e-14   3.20687521e-14  -1.22190902e-15
  2.02400000e-05  -7.46315793e-03  -2.28699908e-02  -1.17387244e-02  -9.79919843e-14   2.77872842e-14   8.16398071e-15
  2.03200000e-05  -7.53492121e-03  -2.29223549e-02  -1.25796100e-02  -9.83891754e-14   2.27114555e-14   1.75486077e-14
  2.04000000e-05  -7.63269275e-03  -2.29288466e-02  -1.33117284e-02  -9.76279446e-14   1.69565742e-14   2.67710853e-14
  2.04800000e-05  -7.74790823e-03  -2.28648927e-02  -1.41383342e-02  -9.55980686e-14   1.03714385e-14   3.56154571e-14
  2.05600000e-05  -7.86460835e-03  -2.27169030e-02  -1.50175805e-02  -9.22197412e-14   2.95483417e-15   4.38251331e-14
  2.06400000e-05  -7.97775143e-03  -2.24763168e-02  -1.58286909e-02  -8.74290864e-14  -4.98537491e-15   5.11438621e-14
  2.07200000e-05  -8.10515726e-03  -2.21660558e-02  -1.65659625e-02  -8.13643263e-14  -1.31586565e-14   5.74156905e-14
  2.08000000e-05  -8.21154716e-03  -2.17648078e-02  -1.72799151e-02  -7.40534583e-14  -2.16000615e-14   6.23969879e-14
  2.08800000e-05  -8.30616240e-03  -2.12629133e-02  -1.79807557e-02  -6.56044448e-14  -3.01030631e-14   6.59037926e-14
  2.09600000e-05  -8.34428440e-03  -2.06484891e-02  -1.84091279e-02  -5.61491831e-14  -3.77326834e-14   6.77733167e-14
  2.10400000e-05  -8.36939370e-03  -1.99758213e-02  -1.89091675e-02  -4.61218425e-14  -4.51955573e-14   6.81590153e-14
  2.11200000e-05  -8.34053572e-03  -1.92324755e-02  -1.93237732e-02  -3.56646185e-14  -5.18993231e-14   6.70476965e-14
  2.12000000e-05  -8.27887738e-03  -1.84332322e-02  -1.95046495e-02  -2.51268517e-14  -5.70524519e-14   6.45837403e-14
  2.12800000e-05  -8.16179009e-03  -1.75818651e-02  -1.95853831e-02  -1.47497697e-14  -6.10378628e-14   6.09405488e-14
  2.13600000e-05  -8.00834584e-03  -1.67223889e-02  -1.96002254e-02  -4.81572995e-15  -6.38875986e-14   5.64748251e-14
  2.14400000e-05  -7.81435694e-03  -1.58375463e-02  -1.95039792e-02   4.49905861e-15  -6.54211557e-14   5.13204676e-14
  2.15200000e-05  -7.59416441e-03  -1.49669844e-02  -1.93560794e-02   1.30684801e-14  -6.58857503e-14   4.58185149e-14
  2.16000000e-05  -7.34036130e-03  -1.41079873e-02  -1.90883925e-02   2.07027433e-14  -6.51036098e-14   4.01560940e-14
  2.16800000e-05  -7.07324110e-03  -1.32907364e-02  -1.87278772e-02   2.73312774e-14  -6.32707155e-14   3.45791292e-14
  2.17600000e-05  -6.78680658e-03  -1.25070026e-02  -1.83577757e-02   3.30858337e-14  -6.08298408e-14   2.92111546e-14
  2.18400000e-05  -6.49683782e-03  -1.17663883e-02  -1.79803338e-02   3.80048832e-14  -5.78873102e-14   2.41493296e-14
  2.19200000e-05  -6.20484253e-03  -1.10737356e-02  -1.74595413e-02   4.17636847e-14  -5.41128923e-14   1.94790212e-14
  2.20000000e-05  -5.92016159e-03  -1.04375086e-02  -1.70161153e-02   4.49655470e-14  -5.03575884e-14   1.52446346e-14
  2.20800000e-05  -5.64330294e-03  -9.84613593e-03  -1.65345111e-02   4.73756348e-14  -4.63314540e-14   1.14204002e-14
  2.21600000e-05  -5.37238982e-03  -9.29601855e-03  -1.61837762e-02   4.95893269e-14  -4.25886377e-14   8.00131992e-15
  2.22400000e-05  -5.11654464e-03  -8.79463744e-03  -1.57239339e-02   5.09102281e-14  -3.85086538e-14   4.97236847e-15
  2.23200000e-05  -4.86420851e-03  -8.33464130e-03  -1.52642052e-02   5.17302968e-14  -3.44710016e-14   2.33726441e-15
  2.24000000e-05  -4.62555706e-03  -7.90263744e-03  -1.48279648e-02   5.21856262e-14  -3.05784702e-14   1.77348581e-17
  2.24800000e-05  -4.39979423e-03  -7.51236599e-03  -1.44983354e-02   5.26519727e-14  -2.69986909e-14  -1.98876614e-15
  2.25600000e-05  -4.18632137e-03  -7.15362529e-03  -1.41467910e-02   5.27104427e-14  -2.34681191e-14  -3.73093254e-15
  2.26400000e-05  -3.97289308e-03  -6.81401082e-03  -1.38263590e-02   5.26002116e-14  -2.01123862e-14  -5.20230956e-15
  2.27200000e-05  -3.79204492e-03  -6.50754773e-03  -1.34423252e-02   5.19751436e-14  -1.67975724e-14  -6.53020021e-15
  2.28000000e-05  -3.60030337e-03  -6.21710348e-03  -1.31629546e-02   5.15471547e-14  -1.37685279e-14  -7.59594142e-15
  2.28800000e-05  -3.43018091e-03  -5.95466275e-03  -1.29893977e-02   5.13599687e-14  -1.09600027e-14  -8.53856869e-15
  2.29600000e-05  -3.26200983e-03  -5.69962104e-03  -1.27806214e-02   5.08668421e-14  -8.21344003e-15  -9.31994150e-15
  2.30400000e-05  -3.10177980e-03  -5.46142037e-03  -1.25530094e-02   5.01450727e-14  -5.56534031e-15  -9.96926768e-15
  2.31200000e-05  -2.95033681e-03  -5.23585075e-03  -1.23872764e-02   4.95496619e-14  -3.05963724e-15  -1.05082330e-14
  2.32000000e-05  -2.79966427e-03  -5.01383261e-03  -1.22669897e-02   4.90320138e-14  -6.59066085e-16  -1.09210763e-14
  2.32800000e-05  -2.65997473e-03  -4.80834363e-03  -1.21710206e-02   4.85070117e-14   1.66980494e-15  -1.12608815e-14
  2.33600000e-05  -2.52223054e-03  -4.60788701e-03  -1.20820845e-02   4.79153500e-14   3.93037537e-15  -1.15016812e-14
  2.34400000e-05  -2.38997717e-03  -4.42025394e-03  -1.20060222e-02   4.72822810e-14   6.13515646e-15  -1.16710197e-14
  2.35200000e-05  -2.25994597e-03  -4.22954836e-03  -1.20492594e-02   4.70634041e-14   8.34731467e-15  -1.17572472e-14
  2.36000000e-05  -2.13476240e-03  -4.05256305e-03  -1.19478439e-02   4.61547214e-14   1.04228176e-14  -1.17819157e-14
  2.36800000e-05  -2.01468685e-03  -3.87292258e-03  -1.19873084e-02   4.57479389e-14   1.25653310e-14  -1.17484527e-14
  2.37600000e-05  -1.89185834e-03  -3.70088534e-03  -1.19938651e-02   4.51188603e-14   1.46489384e-14  -1.16369938e-14
  2.38400000e-05  -1.77054371e-03  -3.52565180e-03  -1.20417977e-02   4.45769737e-14   1.67485643e-14  -1.14580140e-14
  2.39200000e-05  -1.65639739e-03  -3.35327650e-03  -1.21196174e-02   4.40633880e-14   1.88758061e-14  -1.12447673e-14
  2.40000000e-05  -1.54868595e-03  -3.17673204e-03  -1.22072730e-02   4.34990296e-14   2.10151603e-14  -1.09873736e-14
  2.40800000e-05  -1.43051451e-03  -3.00383600e-03  -1.23514560e-02   4.30446699e-14   2.32380226e-14  -1.06367406e-14
  2.41600000e-05  -1.32276625e-03  -2.83786269e-03  -1.24486682e-02   4.23025848e-14   2.53856542e-14  -1.02820182e-14
  2.42400000e-05  -1.22422562e-03  -2.67490385e-03  -1.26171470e-02   4.16961921e-14   2.76911263e-14  -9.91639763e-15
  2.43200000e-05  -1.12043248e-03  -2.50059536e-03  -1.28266097e-02   4.11137366e-14   3.00924511e-14  -9.45801051e-15
  2.44000000e-05  -1.02802569e-03  -2.33572447e-03  -1.30726602e-02   4.04885732e-14   3.26218511e-14  -9.01262234e-15
  2.44800000e-05  -9.32511412e-04  -2.17119168e-03  -1.32673593e-02   3.95290205e-14   3.50458432e-14  -8.51356346e-15
  2.45600000e-05  -8.43024166e-04  -2.01051213e-03  -1.35368212e-02   3.86260777e-14   3.76826688e-14  -8.00218738e-15
  2.46400000e-05  -7.57042249e-04  -1.86234263e-03  -1.37698126e-02   3.74062972e-14   4.02343557e-14  -7.49816331e-15
  2.47200000e-05  -6.78075607e-04  -1.71268621e-03  -1.40498917e-02   3.61154539e-14   4.29335609e-14  -6.97661791e-15
  2.48000000e-05  -5.99805019e-04  -1.56172778e-03  -1.42682425e-02   3.44473747e-14   4.54328116e-14  -6.42093039e-15
  2.48800000e-05  -5.29333601e-04  -1.42687846e-03  -1.46107966e-02   3.28372360e-14   4.83132657e-14  -5.90789217e-15
  2.49600000e-05  -4.66012689e-04  -1.29699190e-03  -1.49128906e-02   3.08599119e-14   5.10454487e-14  -5.40382453e-15
  2.50400000e-05  -4.02651873e-04  -1.16891200e-03  -1.52514562e-02   2.86879915e-14   5.38517628e-14  -4.88472997e-15
  2.51200000e-05  -3.60482143e-04  -1.05420324e-03  -1.55718409e-02   2.61735280e-14   5.65554110e-14  -4.43467073e-15
  2.52000000e-05  -3.12129440e-04  -9.50666724e-04  -1.58826174e-02   2.33307220e-14   5.91211327e-14  -3.99724411e-15
  2.52800000e-05  -2.69795026e-04  -8.60082432e-04  -1.62490140e-02   2.02537404e-14   6.17766010e-14  -3.60620821e-15
  2.53600000e-05  -2.44955820e-04  -7.93659974e-04  -1.66348089e-02   1.68243323e-14   6.43864401e-14  -3.31967496e-15
  2.54400000e-05  -2.18663416e-04  -7.30926003e-04  -1.69579636e-02   1.30050678e-14   6.65648034e-14  -3.03678433e-15
  2.55200000e-05  -1.94789075e-04  -6.81452149e-04  -1.73090024e-02   8.87484975e-15   6.86315123e-14  -2.80188390e-15
  2.56000000e-05  -1.76049656e-04  -6.53648038e-04  -1.75809943e-02   4.38821097e-15   7.01282629e-14  -2.65125759e-15
  2.56800000e-05  -1.68323214e-04  -6.51914479e-04  -1.78721721e-02  -3.75485064e-16   7.14147250e-14  -2.60142361e-15
  2.57600000e-05  -1.67592380e-04  -6.70840858e-04  -1.80937335e-02  -5.38945979e-15   7.20985507e-14  -2.62319665e-15
  2.58400000e-05  -1.68961179e-04  -7.17209463e-04  -1.84738305e-02  -1.06891501e-14   7.30453268e-14  -2.73807579e-15
  2.59200000e-05  -1.74631451e-04  -7.77278872e-04  -1.87080996e-02  -1.61448667e-14   7.30184896e-14  -2.88304686e-15
  2.60000000e-05  -1.82656194e-04  -8.57603509e-04  -1.89385955e-02  -2.17393262e-14   7.25566144e-14  -3.07594006e-15
  2.60800000e-05  -1.91994090e-04  -9.71313613e-04  -1.91402154e-02  -2.74326531e-14   7.15383715e-14  -3.35520188e-15
  2.61600000e-05  -2.03680032e-04  -1.10166444e-03  -1.92607213e-02  -3.30289618e-14   6.97755709e-14  -3.64170813e-15
  2.62400000e-05  -2.20683602e-04  -1.25940142e-03  -1.94391508e-02  -3.87070672e-14   6.77766162e-14  -3.95161046e-15
  2.63200000e-05  -2.37907847e-04  -1.43887091e-03  -1.95294311e-02  -4.41536496e-14   6.50180967e-14  -4.25246121e-15
  2.64000000e-05  -2.50841393e-04  -1.63739215e-03  -1.96130105e-02  -4.94392915e-14   6.18027705e-14  -4.52729835e-15
  2.64800000e-05  -2.66085551e-04  -1.86043712e-03  -1.96387821e-02  -5.43986939e-14   5.80042335e-14  -4.75785729e-15
  2.65600000e-05  -2.81003488e-04  -2.09793838e-03  -1.96425950e-02  -5.90355535e-14   5.37765297e-14  -4.89908023e-15
  2.66400000e-05  -2.94744679e-04  -2.34273970e-03  -1.95751885e-02  -6.31480759e-14   4.90331619e-14  -4.91741756e-15
  2.67200000e-05  -3.13908487e-04  -2.59158320e-03  -1.95061181e-02  -6.68773167e-14   4.40364380e-14  -4.77443719e-15
  2.68000000e-05  -3.24635282e-04  -2.82793590e-03  -1.93710663e-02  -6.99568645e-14   3.86806472e-14  -4.47450457e-15
  2.68800000e-05  -3.33864673e-04  -3.05260103e-03  -1.91681173e-02  -7.23368007e-14   3.30740606e-14  -4.00723806e-15
  2.69600000e-05  -3.38187435e-04  -3.24556471e-03  -1.89378885e-02  -7.40992580e-14   2.73752335e-14  -3.36830864e-15
  2.70400000e-05  -3.45814573e-04  -3.40268573e-03  -1.87828259e-02  -7.56157653e-14   2.17797187e-14  -2.55342326e-15
  2.71200000e-05  -3.47705361e-04  -3.53119795e-03  -1.84875487e-02  -7.61081765e-14   1.60797744e-14  -1.63989537e-15
  2.72000000e-05  -3.41910648e-04  -3.60695998e-03  -1.81882003e-02  -7.60479106e-14   1.05148868e-14  -6.55655046e-16
  2.72800000e-05  -3.35320928e-04  -3.61146657e-03  -1.79278044e-02  -7.55954325e-14   5.15276570e-15   3.75935023e-16
  2.73600000e-05  -3.24512565e-04  -3.55959529e-03  -1.75477274e-02  -7.41950842e-14  -2.39107779e-18   1.37258506e-15
  2.74400000e-05  -3.08681863e-04  -3.43016191e-03  -1.72420720e-02  -7.25988127e-14  -4.87740409e-15   2.27004170e-15
  2.75200000e-05  -2.90060492e-04  -3.25490087e-03  -1.69435203e-02  -7.06406389e-14  -9.47396299e-15   3.02929190e-15
  2.76000000e-05  -2.61062734e-04  -3.00471537e-03  -1.66832005e-02  -6.84286501e-14  -1.38155200e-14   3.55902189e-15
  2.76800000e-05  -2.27138139e-04  -2.69741358e-03  -1.63823492e-02  -6.57284213e-14  -1.78366248e-14   3.84817735e-15
  2.77600000e-05  -1.84106951e-04  -2.32795686e-03  -1.61985053e-02  -6.31537820e-14  -2.17110212e-14   3.83796960e-15
  2.78400000e-05  -1.30127686e-04  -1.90526085e-03  -1.59876774e-02  -6.02057938e-14  -2.52973164e-14   3.50472590e-15
  2.79200000e-05  -6.52448008e-05  -1.43115887e-03  -1.58693247e-02  -5.73342101e-14  -2.87893273e-14   2.83205878e-15
  2.80000000e-05   1.24771433e-05  -9.27405906e-04  -1.56700708e-02  -5.39854410e-14  -3.18909740e-14   1.84442648e-15
  2.80800000e-05   1.01659408e-04  -3.98972726e-04  -1.54526157e-02  -5.04174486e-14  -3.46845155e-14   5.63837728e-16
  2.81600000e-05   2.09009322e-04   1.63190503e-04  -1.52214270e-02  -4.66559962e-14  -3.71756343e-14  -1.03920931e-15
  2.82400000e-05   3.25334163e-04   7.42252662e-04  -1.51209182e-02  -4.31648564e-14  -3.97271913e-14  -2.87883417e-15
  2.83200000e-05   4.56860737e-04   1.32181686e-03  -1.49515863e-02  -3.93542837e-14  -4.18784510e-14  -4.90483539e-15
  2.84000000e-05   6.04098663e-04   1.92058135e-03  -1.47603855e-02  -3.53655851e-14  -4.37217405e-14  -7.13636253e-15
  2.84800000e-05   7.63598231e-04   2.51365495e-03  -1.45151215e-02  -3.11743335e-14  -4.51560569e-14  -9.45988718e-15
  2.85600000e-05   9.30908309e-04   3.06290136e-03  -1.42786717e-02  -2.70253298e-14  -4.63602694e-14  -1.17066237e-14
  2.86400000e-05   1.11960175e-03   3.61095745e-03  -1.40096905e-02  -2.27634665e-14  -4.72401932e-14  -1.39951946e-14
  2.87200000e-05   1.31900472e-03   4.13277242e-03  -1.36831571e-02  -1.84129347e-14  -4.77004867e-14  -1.61820844e-14
  2.88000000e-05   1.51671500e-03   4.61091472e-03  -1.32702923e-02  -1.40054830e-14  -4.76277832e-14  -1.81495605e-14
  2.88800000e-05   1.71113128e-03   5.03696370e-03  -1.28576985e-02  -9.76486398e-15  -4.73223413e-14  -1.98379110e-14
  2.89600000e-05   1.91513623e-03   5.43097715e-03  -1.23430877e-02  -5.53517320e-15  -4.64852568e-14  -2.13124126e-14
  2.90400000e-05   2.11357218e-03   5.77285043e-03  -1.17503179e-02  -1.46761482e-15  -4.51905195e-14  -2.24657769e-14
  2.91200000e-05   2.28836836e-03   6.04422637e-03  -1.11058533e-02   2.30192726e-15  -4.35222439e-14  -2.32121414e-14
  2.92000000e-05   2.45947972e-03   6.26094935e-03  -1.04268259e-02   5.74474387e-15  -4.16200224e-14  -2.36363179e-14
  2.92800000e-05   2.61688363e-03   6.42479779e-03  -9.67238002e-03   8.85692184e-15  -3.93591246e-14  -2.37477107e-14
  2.93600000e-05   2.75620399e-03   6.53723922e-03  -8.90721465e-03   1.15621151e-14  -3.69878964e-14  -2.35686674e-14
  2.94400000e-05   2.86609381e-03   6.56701984e-03  -8.07228568e-03   1.37873969e-14  -3.43120814e-14  -2.30185296e-14
  2.95200000e-05   2.95699447e-03   6.55095498e-03  -7.17773050e-03   1.55898259e-14  -3.14278530e-14  -2.22609948e-14
  2.96000000e-05   3.01806775e-03   6.48173180e-03  -6.27976991e-03   1.69259453e-14  -2.85186811e-14  -2.13012251e-14
  2.96800000e-05   3.05127624e-03   6.34319099e-03  -5.37120798e-03   1.77606017e-14  -2.55838305e-14  -2.01240803e-14
  2.97600000e-05   3.06163547e-03   6.17350922e-03  -4.45901852e-03   1.82140967e-14  -2.26717587e-14  -1.88829417e-14
  2.98400000e-05   3.05310743e-03   5.95869156e-03  -3.50667668e-03   1.82642709e-14  -1.96916060e-14  -1.75589114e-14
  2.99200000e-05   3.00925232e-03   5.69929505e-03  -2.54915546e-03   1.79328380e-14  -1.67056446e-14  -1.61802462e-14
  3.00000000e-05   2.94956943e-03   5.41020589e-03  -1.63683840e-03   1.73058364e-14  -1.39140889e-14  -1.48049553e-14
  3.00800000e-05   2.86229953e-03   5.08972184e-03  -7.14943175e-04   1.64003742e-14  -1.11111692e-14  -1.34415954e-14
  3.01600000e-05  -3.41699552e-03  -6.94034809e-03  -2.56533827e-04  -2.20663729e-14   1.01852843e-14   1.83651377e-14
  3.02400000e-05  -5.81639397e-03  -1.11224522e-02  -1.38310232e-03  -3.39220280e-14   1.38737034e-14   3.10853903e-14
  3.03200000e-05  -5.65498308e-03  -1.05472288e-02  -2.42407600e-03  -3.07620364e-14   9.36789325e-15   3.10029398e-14
  3.04000000e-05  -5.47221662e-03  -9.95304581e-03  -3.35685963e-03  -2.77472456e-14   4.97007904e-15   3.04962153e-14
  3.04800000e-05  -5.27578988e-03  -9.34805982e-03  -4.18080665e-03  -2.48649296e-14   7.85902715e-16   2.96199966e-14
  3.05600000e-05  -5.05743242e-03  -8.73061089e-03  -4.93694303e-03  -2.20732434e-14  -3.27503641e-15   2.84036102e-14
  3.06400000e-05  -4.82371312e-03  -8.10868583e-03  -5.57654929e-03  -1.93793530e-14  -6.97834045e-15   2.69101199e-14
  3.07200000e-05  -4.57894262e-03  -7.49239062e-03  -6.09033004e-03  -1.67934031e-14  -1.02302655e-14   2.52113060e-14
  3.08000000e-05  -4.31728445e-03  -6.87752407e-03  -6.61319483e-03  -1.42632044e-14  -1.34815007e-14   2.33317875e-14
  3.08800000e-05  -4.04743984e-03  -6.27445068e-03  -6.95591951e-03  -1.18491797e-14  -1.60176296e-14   2.13430688e-14
  3.09600000e-05  -3.77014160e-03  -5.67790634e-03  -7.27616823e-03  -9.49728051e-15  -1.83794090e-14   1.92632510e-14
  3.10400000e-05  -3.48921758e-03  -5.09655999e-03  -7.54181769e-03  -7.22875384e-15  -2.04365417e-14   1.71548506e-14
  3.11200000e-05  -3.20166849e-03  -4.54227063e-03  -7.72252501e-03  -5.08209828e-15  -2.20792615e-14   1.50936611e-14
  3.12000000e-05  -2.90618598e-03  -4.00959390e-03  -7.88548735e-03  -3.01106574e-15  -2.35576237e-14   1.30882489e-14
  3.12800000e-05  -2.61764171e-03  -3.49588545e-03  -7.98719693e-03  -1.03678507e-15  -2.46857257e-14   1.11443855e-14
  3.13600000e-05  -2.32629430e-03  -3.00831141e-03  -7.99234187e-03   7.93057871e-16  -2.53577734e-14   9.31381496e-15
  3.14400000e-05  -2.04729527e-03  -2.54681256e-03  -8.11905312e-03   2.65231869e-15  -2.63663361e-14   7.60187619e-15
  3.15200000e-05  -1.78032202e-03  -2.11740358e-03  -8.16813088e-03   4.38021180e-15  -2.69791080e-14   6.03901591e-15
  3.16000000e-05  -1.52129606e-03  -1.71572027e-03  -8.11063873e-03   5.92896090e-15  -2.71096800e-14   4.62268435e-15
  3.16800000e-05  -1.27093546e-03  -1.35020154e-03  -8.11390600e-03   7.45878633e-15  -2.73844604e-14   3.38861511e-15
  3.17600000e-05  -1.03595137e-03  -1.00964973e-03  -8.08771173e-03   8.89596782e-15  -2.74667655e-14   2.28940185e-15
  3.18400000e-05  -8.11966944e-04  -6.91649220e-04  -8.12317156e-03   1.03687004e-14  -2.77000882e-14   1.32210705e-15
  3.19200000e-05  -6.07288265e-04  -4.15620782e-04  -8.07480224e-03   1.16348638e-14  -2.75547319e-14   5.43245873e-16
  3.20000000e-05  -4.10024152e-04  -1.60184035e-04  -8.00357854e-03   1.28169497e-14  -2.72766674e-14  -1.10697018e-16
  3.20800000e-05  -2.36185503e-04   5.76254246e-05  -8.00120021e-03   1.40325054e-14  -2.71633203e-14  -6.09855032e-16
  3.21600000e-05  -8.04309387e-05   2.46605779e-04  -7.98355827e-03   1.51602202e-14  -2.69329447e-14  -9.84670028e-16
  3.22400000e-05   5.25314683e-05   3.98808391e-04  -7.92846628e-03   1.61410270e-14  -2.65064380e-14  -1.22635043e-15
  3.23200000e-05   1.65281201e-04   5.26119113e-04  -7.94837930e-03   1.72135214e-14  -2.62648133e-14  -1.38057689e-15
  3.24000000e-05   2.58974095e-04   6.31294853e-04  -7.93346051e-03   1.81644175e-14  -2.58471524e-14  -1.46380771e-15
  3.24800000e-05   3.39670175e-04   7.04013481e-04  -7.96962889e-03   1.91579744e-14  -2.55406935e-14  -1.43966553e-15
  3.25600000e-05   3.94068724e-04   7.48850926e-04  -7.99299750e-03   2.00736124e-14  -2.51101755e-14  -1.36286735e-15
  3.26400000e-05   4.32635334e-04   7.70750831e-04  -8.07765813e-03   2.10875167e-14  -2.48031901e-14  -1.23722425e-15
  3.27200000e-05   4.48969187e-04   7.58092432e-04  -8.16885901e-03   2.20637214e-14  -2.44281527e-14  -1.05435369e-15
  3.28000000e-05   4.44584611e-04   7.30981843e-04  -8.25215188e-03   2.29910780e-14  -2.39526134e-14  -8.83096446e-16
  3.28800000e-05   4.15600234e-04   6.60425102e-04  -8.36702095e-03   2.39295008e-14  -2.34693798e-14  -6.63875643e-16
  3.29600000e-05   3.70345230e-04   5.76009684e-04  -8.51843930e-03   2.49485423e-14  -2.30006950e-14  -4.70631921e-16
  3.30400000e-05   3.08790431e-04   4.70145630e-04  -8.67955670e-03   2.59662885e-14  -2.24643269e-14  -2.93029221e-16
  3.31200000e-05   2.21766477e-04   3.36724782e-04  -8.85540793e-03   2.69880938e-14  -2.18483857e-14  -1.54915327e-16
  3.32000000e-05   1.16888998e-04   1.78831718e-04  -9.03485077e-03   2.79823881e-14  -2.11382147e-14  -5.63761325e-17
  3.32800000e-05  -4.58591572e-06  -1.33426455e-06  -9.32155491e-03   2.92762345e-14  -2.05615342e-14  -1.14598711e-17
  3.33600000e-05  -1.35642353e-04  -2.02987159e-04  -9.55703674e-03   3.03819472e-14  -1.97600282e-14  -1.15147450e-17
  3.34400000e-05  -2.97607626e-04  -4.31609453e-04  -9.69511159e-03   3.11220136e-14  -1.86150504e-14  -1.26632568e-16
  3.35200000e-05  -4.64860935e-04  -6.68158979e-04  -1.00447131e-02   3.25444455e-14  -1.77740476e-14  -3.23827258e-16
  3.36000000e-05  -6.46432152e-04  -9.25127598e-04  -1.02989034e-02   3.36078221e-14  -1.66107595e-14  -6.17357445e-16
  3.36800000e-05  -8.38909103e-04  -1.19444448e-03  -1.06250391e-02   3.48837237e-14  -1.54283485e-14  -1.01985202e-15
  3.37600000e-05  -1.03810258e-03  -1.47409097e-03  -1.09177264e-02   3.60047331e-14  -1.40445344e-14  -1.52721220e-15
  3.38400000e-05  -1.23445629e-03  -1.75177294e-03  -1.13121654e-02   3.74632748e-14  -1.26585728e-14  -2.12795951e-15
  3.39200000e-05  -1.42840174e-03  -2.02399108e-03  -1.16266135e-02   3.86015658e-14  -1.10137058e-14  -2.82514776e-15
  3.40000000e-05  -1.61454901e-03  -2.28823202e-03  -1.21301249e-02   4.03944579e-14  -9.40685785e-15  -3.60208645e-15
  3.40800000e-05  -1.78594338e-03  -2.52375267e-03  -1.25163198e-02   4.17454876e-14  -7.48601513e-15  -4.44717199e-15
  3.41600000e-05  -1.93437462e-03  -2.72809094e-03  -1.30254438e-02   4.35264532e-14  -5.48691582e-15  -5.31480249e-15
  3.42400000e-05  -2.03509039e-03  -2.87840202e-03  -1.35322858e-02   4.53016262e-14  -3.31154034e-15  -6.10842552e-15
  3.43200000e-05  -2.09115648e-03  -2.96257930e-03  -1.41955824e-02   4.76750365e-14  -9.77883110e-16  -6.81894569e-15
  3.44000000e-05  -2.08979190e-03  -2.96061091e-03  -1.47600596e-02   4.97042266e-14   1.62739206e-15  -7.36376192e-15
  3.44800000e-05  -1.99364704e-03  -2.83721095e-03  -1.55343318e-02   5.25996000e-14   4.41359854e-15  -7.55663958e-15
  3.45600000e-05  -1.80182635e-03  -2.57000661e-03  -1.62971383e-02   5.55489735e-14   7.47608174e-15  -7.32049895e-15
  3.46400000e-05  -1.48214559e-03  -2.12118986e-03  -1.71218932e-02   5.88753802e-14   1.08139291e-14  -6.43622059e-15
  3.47200000e-05  -1.03070564e-03  -1.47505139e-03  -1.79765391e-02   6.24536182e-14   1.44711414e-14  -4.76826900e-15
  3.48000000e-05  -4.03303277e-04  -5.81909843e-04  -1.87834097e-02   6.60545421e-14   1.83570302e-14  -1.98697417e-15
