       time             b_x              b_y              b_z              F_x              F_y              F_z
  0.00000000e+00   1.56921323e-01   1.09676817e-01  -9.98697387e-02  -2.16836050e-13   6.05619394e-13   3.24384626e-13
  8.00000000e-08  -1.53579155e-01  -1.08103726e-01  -8.96391193e-02   4.31625797e-13  -3.98896526e-13  -2.58442125e-13
  1.60000000e-07  -7.14209740e-02  -5.02263341e-02  -5.52996552e-02   2.02289062e-13  -4.34087536e-14  -2.21835367e-13
  2.40000000e-07  -5.13145098e-02  -3.63039340e-02  -3.95685992e-02   1.17544938e-13   3.12603590e-14  -1.81119247e-13
  3.20000000e-07  -4.11242969e-02  -2.92687118e-02  -2.79196501e-02   6.57062957e-14   4.97356865e-14  -1.48921089e-13
  4.00000000e-07  -3.47369069e-02  -2.48645590e-02  -2.02874909e-02   3.41863464e-14   5.33089313e-14  -1.23870961e-13
  4.80000000e-07  -3.01731624e-02  -2.17145397e-02  -1.48632405e-02   1.40748909e-14   5.15211049e-14  -1.03842836e-13
  5.60000000e-07  -2.66897790e-02  -1.93108898e-02  -1.09575621e-02   1.17027777e-15   4.81113470e-14  -8.76387802e-14
  6.40000000e-07  -2.37901007e-02  -1.73012718e-02  -8.05763610e-03  -7.08526614e-15   4.42046174e-14  -7.39965045e-14
  7.20000000e-07  -2.14723525e-02  -1.56986188e-02  -5.79335106e-03  -1.23885238e-14   4.01965379e-14  -6.30066044e-14
  8.00000000e-07  -1.94431717e-02  -1.42909595e-02  -4.06656858e-03  -1.55940441e-14   3.64914534e-14  -5.36816732e-14
  8.80000000e-07  -1.77073484e-02  -1.30797232e-02  -2.69911387e-03  -1.74239669e-14   3.30641535e-14  -4.59179302e-14
  9.60000000e-07  -1.61999528e-02  -1.20297712e-02  -1.58536090e-03  -1.83245725e-14   2.98750557e-14  -3.94439364e-14
  1.04000000e-06  -1.28510343e-02  -9.55169035e-03  -6.48942212e-04  -1.59749184e-14   2.34813082e-14  -2.92660283e-14
  1.12000000e-06   3.55090629e-03   2.80249822e-03  -1.06223748e-04   4.76323726e-15  -5.71536661e-15   8.43977374e-15
  1.20000000e-06   1.41516528e-02   1.08962703e-02  -6.54813890e-04   1.74971632e-14  -2.06685536e-14   3.42137364e-14
  1.28000000e-06   1.32292820e-02   1.02832731e-02  -1.04556463e-03   1.52291730e-14  -1.61488590e-14   3.38648587e-14
  1.36000000e-06   1.23992204e-02   9.73841019e-03  -1.32151349e-03   1.32528803e-14  -1.23592709e-14   3.32692293e-14
  1.44000000e-06   1.16419441e-02   9.25054799e-03  -1.52936088e-03   1.15102274e-14  -9.11191863e-15   3.25045471e-14
  1.52000000e-06   1.09693388e-02   8.82221555e-03  -1.66387986e-03   9.96839446e-15  -6.42147458e-15   3.16699928e-14
  1.60000000e-06   1.03659168e-02   8.44659368e-03  -1.75608133e-03   8.59418268e-15  -4.14179012e-15   3.08086896e-14
  1.68000000e-06   9.82089093e-03   8.11250678e-03  -1.81525531e-03   7.35531399e-15  -2.20664168e-15   2.99320655e-14
  1.76000000e-06   9.32475351e-03   7.81537354e-03  -1.85221318e-03   6.23210043e-15  -5.48289321e-16   2.90612955e-14
  1.84000000e-06   8.87492647e-03   7.55030612e-03  -1.87466247e-03   5.20786519e-15   8.82299343e-16   2.82083050e-14
  1.92000000e-06   8.46680616e-03   7.31704079e-03  -1.88243483e-03   4.26967114e-15   2.10702646e-15   2.73941364e-14
  2.00000000e-06   8.08879784e-03   7.10250448e-03  -1.88537634e-03   3.40200265e-15   3.18344095e-15   2.65880686e-14
  2.08000000e-06   7.74150977e-03   6.90967447e-03  -1.87705365e-03   2.59754237e-15   4.10230116e-15   2.58141079e-14
  2.16000000e-06   7.42003986e-03   6.73276852e-03  -1.86196392e-03   1.84826106e-15   4.89396047e-15   2.50617496e-14
  2.24000000e-06   7.12100261e-03   6.57146751e-03  -1.83984136e-03   1.14861951e-15   5.56930448e-15   2.43378733e-14
  2.32000000e-06   6.83703711e-03   6.42257736e-03  -1.81240058e-03   4.93453304e-16   6.14489703e-15   2.36370677e-14
  2.40000000e-06   6.57194145e-03   6.28204631e-03  -1.78615380e-03  -1.20384286e-16   6.65144997e-15   2.29507438e-14
  2.48000000e-06   6.32308492e-03   6.15014020e-03  -1.75181821e-03  -6.96660104e-16   7.06362192e-15   2.22838328e-14
  2.56000000e-06   6.08264999e-03   6.02616168e-03  -1.71145177e-03  -1.23734206e-15   7.39400400e-15   2.16372705e-14
  2.64000000e-06   5.85051051e-03   5.90742330e-03  -1.66414692e-03  -1.74382198e-15   7.64431017e-15   2.10053131e-14
  2.72000000e-06   5.62902896e-03   5.78920598e-03  -1.61178003e-03  -2.21559583e-15   7.82667738e-15   2.03741167e-14
  2.80000000e-06   5.41636959e-03   5.67509197e-03  -1.55376997e-03  -2.65440850e-15   7.94313516e-15   1.97588869e-14
  2.88000000e-06   5.20647340e-03   5.56125094e-03  -1.49061854e-03  -3.05927921e-15   7.99665248e-15   1.91486518e-14
  2.96000000e-06   5.00473246e-03   5.45220704e-03  -1.41868107e-03  -3.43270375e-15   7.98063155e-15   1.85611074e-14
  3.04000000e-06   4.81024270e-03   5.34120342e-03  -1.33866407e-03  -3.77111732e-15   7.90114202e-15   1.79743505e-14
  3.12000000e-06   4.61207327e-03   5.22570855e-03  -1.24783778e-03  -4.07146996e-15   7.74426788e-15   1.73831643e-14
  3.20000000e-06   4.41988873e-03   5.10979058e-03  -1.15047113e-03  -4.33679240e-15   7.53425777e-15   1.68021075e-14
  3.28000000e-06   4.22747574e-03   4.98860668e-03  -1.04678779e-03  -4.56307309e-15   7.26978829e-15   1.62170727e-14
  3.36000000e-06   4.03851708e-03   4.86430550e-03  -9.32293630e-04  -4.75040968e-15   6.94079385e-15   1.56362015e-14
  3.44000000e-06   3.85081049e-03   4.73766974e-03  -8.07799665e-04  -4.89953347e-15   6.55085699e-15   1.50639107e-14
  3.52000000e-06   3.66537376e-03   4.60718447e-03  -6.72116217e-04  -5.00852136e-15   6.09938878e-15   1.44958658e-14
  3.60000000e-06   3.47458191e-03   4.46741067e-03  -5.28250304e-04  -5.07236668e-15   5.59073057e-15   1.39171446e-14
  3.68000000e-06   3.28840682e-03   4.32391883e-03  -3.71406807e-04  -5.09532180e-15   5.02128650e-15   1.33442472e-14
  3.76000000e-06   2.89617135e-03   3.87578068e-03  -2.06585326e-04  -4.71844865e-15   4.15760410e-15   1.18523706e-14
  3.84000000e-06   1.41883957e-03   1.75502771e-03  -3.03957001e-05  -2.17025647e-15   1.84609573e-15   5.28704385e-15
  3.92000000e-06   3.65740814e-04   9.89003067e-05  -1.64811611e-04  -1.87625882e-16   1.00119202e-15   1.84427264e-16
  4.00000000e-06   5.78219969e-05  -4.90853820e-04  -3.69320260e-04   4.59017567e-16   1.29915985e-15  -1.65481380e-15
  4.08000000e-06   2.55813111e-04  -2.62654137e-04  -5.86499588e-04   8.55097137e-17   2.26490287e-15  -9.77002565e-16
  4.16000000e-06   4.60340972e-04  -2.57291891e-05  -8.15178350e-04  -3.06972420e-16   3.27539021e-15  -2.76730996e-16
  4.24000000e-06   6.46674066e-04   2.12781352e-04  -1.05673576e-03  -7.15224827e-16   4.30536471e-15   4.29231219e-16
  4.32000000e-06   8.43552940e-04   4.64512204e-04  -1.29808347e-03  -1.15319929e-15   5.34698157e-15   1.16398797e-15
  4.40000000e-06   1.04243039e-03   7.27262587e-04  -1.53872702e-03  -1.62322546e-15   6.38852010e-15   1.91978958e-15
  4.48000000e-06   1.24557594e-03   1.00353303e-03  -1.81141410e-03  -2.15034584e-15   7.54138378e-15   2.69933234e-15
  4.56000000e-06   1.45035531e-03   1.28610286e-03  -2.08016587e-03  -2.71571220e-15   8.68296173e-15   3.47493171e-15
  4.64000000e-06   1.64414643e-03   1.58541513e-03  -2.37716610e-03  -3.35683690e-15   9.90286253e-15   4.28283772e-15
  4.72000000e-06   1.84881271e-03   1.88622163e-03  -2.68077091e-03  -4.05278769e-15   1.11559174e-14   5.05439955e-15
  4.80000000e-06   2.05925957e-03   2.21425586e-03  -3.03695828e-03  -4.87593254e-15   1.25839969e-14   5.86882543e-15
  4.88000000e-06   2.26673338e-03   2.55311245e-03  -3.37827572e-03  -5.77437912e-15   1.39526157e-14   6.67015391e-15
  4.96000000e-06   2.47515849e-03   2.90077559e-03  -3.75000435e-03  -6.78770605e-15   1.54101213e-14   7.44016617e-15
  5.04000000e-06   2.68818848e-03   3.26686151e-03  -4.19297981e-03  -7.97978669e-15   1.70845963e-14   8.19508815e-15
  5.12000000e-06   2.90280240e-03   3.64195467e-03  -4.60909156e-03  -9.27730041e-15   1.86504072e-14   8.89411005e-15
  5.20000000e-06   3.11943037e-03   4.04105957e-03  -5.06916342e-03  -1.07748375e-14   2.03240290e-14   9.57145248e-15
  5.28000000e-06   3.33416622e-03   4.43911983e-03  -5.53907522e-03  -1.24236227e-14   2.19797596e-14   1.01367758e-14
  5.36000000e-06   3.55213397e-03   4.85933506e-03  -6.08279409e-03  -1.43471483e-14   2.38034856e-14   1.06375653e-14
  5.44000000e-06   3.76547743e-03   5.28798821e-03  -6.65978258e-03  -1.65093336e-14   2.56344502e-14   1.10197512e-14
  5.52000000e-06   3.98604097e-03   5.73278090e-03  -7.29138755e-03  -1.89734115e-14   2.75253495e-14   1.12691860e-14
  5.60000000e-06   4.20792258e-03   6.18942148e-03  -7.99777920e-03  -2.17934022e-14   2.94844926e-14   1.13515265e-14
  5.68000000e-06   4.42772285e-03   6.64862829e-03  -8.72094293e-03  -2.48997099e-14   3.12958528e-14   1.12173051e-14
  5.76000000e-06   4.63843247e-03   7.10768287e-03  -9.49321956e-03  -2.83534747e-14   3.29863460e-14   1.08436141e-14
  5.84000000e-06   4.86382081e-03   7.57577315e-03  -1.03590736e-02  -3.22724726e-14   3.46435708e-14   1.01827937e-14
  5.92000000e-06   5.07718321e-03   8.03753756e-03  -1.12999036e-02  -3.66299134e-14   3.60797325e-14   9.20498327e-15
  6.00000000e-06   5.29521358e-03   8.48914940e-03  -1.22845385e-02  -4.13705844e-14   3.71523682e-14   7.84123259e-15
  6.08000000e-06   5.49024785e-03   8.91187208e-03  -1.34031247e-02  -4.66537457e-14   3.78897782e-14   6.08277784e-15
  6.16000000e-06   5.69161787e-03   9.31972071e-03  -1.45633218e-02  -5.23056048e-14   3.80024943e-14   3.87748885e-15
  6.24000000e-06   5.87907069e-03   9.70893516e-03  -1.58532104e-02  -5.84988163e-14   3.74604023e-14   1.24781922e-15
  6.32000000e-06   6.05601296e-03   1.00519037e-02  -1.71225042e-02  -6.47527248e-14   3.58427093e-14  -1.86046844e-15
  6.40000000e-06   6.22096758e-03   1.03547736e-02  -1.86093039e-02  -7.16164903e-14   3.33105902e-14  -5.40591123e-15
  6.48000000e-06   6.36272920e-03   1.05789319e-02  -2.01316576e-02  -7.84197557e-14   2.93688045e-14  -9.35209055e-15
  6.56000000e-06   6.48859353e-03   1.07534277e-02  -2.17329482e-02  -8.51640001e-14   2.38972873e-14  -1.36022423e-14
  6.64000000e-06   6.59883572e-03   1.08537366e-02  -2.33640841e-02  -9.14344570e-14   1.66901090e-14  -1.80709379e-14
  6.72000000e-06   6.67561862e-03   1.08705375e-02  -2.50503153e-02  -9.70125357e-14   7.61321422e-15  -2.25489760e-14
  6.80000000e-06   6.72454508e-03   1.08086440e-02  -2.66741690e-02  -1.01215954e-13  -3.31683667e-15  -2.68605088e-14
  6.88000000e-06   6.74953277e-03   1.06680480e-02  -2.82560154e-02  -1.03757636e-13  -1.59799226e-14  -3.08178678e-14
  6.96000000e-06   6.73208171e-03   1.04439839e-02  -2.96807165e-02  -1.03947753e-13  -2.99992112e-14  -3.41331397e-14
  7.04000000e-06   6.67880396e-03   1.01403547e-02  -3.10178505e-02  -1.01749057e-13  -4.49945863e-14  -3.66183682e-14
  7.12000000e-06   6.59518926e-03   9.79264160e-03  -3.19741226e-02  -9.62379201e-14  -5.98504383e-14  -3.81809129e-14
  7.20000000e-06   6.46791889e-03   9.36307997e-03  -3.27925821e-02  -8.81449431e-14  -7.42734559e-14  -3.85923452e-14
  7.28000000e-06   6.33523793e-03   8.93088455e-03  -3.31380177e-02  -7.70087834e-14  -8.66981965e-14  -3.80879919e-14
  7.36000000e-06   6.15327817e-03   8.44343073e-03  -3.32031798e-02  -6.38443429e-14  -9.68826266e-14  -3.64686080e-14
  7.44000000e-06   5.96403839e-03   7.96983649e-03  -3.28645155e-02  -4.91769955e-14  -1.03915156e-13  -3.41243519e-14
  7.52000000e-06   5.73521018e-03   7.46954093e-03  -3.23049468e-02  -3.40624702e-14  -1.08083262e-13  -3.10382115e-14
  7.60000000e-06   5.50825477e-03   7.00585099e-03  -3.13860581e-02  -1.91320721e-14  -1.08845779e-13  -2.76537319e-14
  7.68000000e-06   5.26388960e-03   6.54325832e-03  -3.02092087e-02  -5.22152274e-15  -1.06691820e-13  -2.40190885e-14
  7.76000000e-06   5.02038549e-03   6.11534502e-03  -2.88176166e-02   7.10842249e-15  -1.02083568e-13  -2.04246322e-14
  7.84000000e-06   4.76397259e-03   5.69738936e-03  -2.74258506e-02   1.76109673e-14  -9.61801538e-14  -1.69211751e-14
  7.92000000e-06   4.50525832e-03   5.30639916e-03  -2.58790064e-02   2.61022087e-14  -8.88368337e-14  -1.36715646e-14
  8.00000000e-06   4.24271793e-03   4.93260541e-03  -2.43588467e-02   3.27304922e-14  -8.10555072e-14  -1.07126824e-14
  8.08000000e-06   3.99569834e-03   4.58620271e-03  -2.28189547e-02   3.75651078e-14  -7.29880302e-14  -8.09147769e-15
  8.16000000e-06   3.74175471e-03   4.26350354e-03  -2.14531365e-02   4.11162200e-14  -6.54723747e-14  -5.84039965e-15
  8.24000000e-06   3.49853003e-03   3.95323397e-03  -2.01001574e-02   4.33389890e-14  -5.81539236e-14  -3.89416412e-15
  8.32000000e-06   3.25377751e-03   3.66950381e-03  -1.87937063e-02   4.44953291e-14  -5.12419567e-14  -2.30154996e-15
  8.40000000e-06   3.02638323e-03   3.38855406e-03  -1.75323526e-02   4.47466307e-14  -4.48178470e-14  -9.38108263e-16
  8.48000000e-06   2.81375105e-03   3.14174533e-03  -1.63296193e-02   4.43157790e-14  -3.89358433e-14   1.44955373e-16
  8.56000000e-06   2.60099205e-03   2.89679573e-03  -1.54805377e-02   4.41648050e-14  -3.42589474e-14   1.00972811e-15
  8.64000000e-06   2.39191372e-03   2.66120105e-03  -1.45879131e-02   4.33779205e-14  -2.98150190e-14   1.67347333e-15
  8.72000000e-06   2.19503874e-03   2.45037624e-03  -1.37556309e-02   4.23337017e-14  -2.58351603e-14   2.15317295e-15
  8.80000000e-06   2.01471379e-03   2.24201529e-03  -1.28535421e-02   4.07077416e-14  -2.20688275e-14   2.53127112e-15
  8.88000000e-06   1.83047604e-03   2.04848382e-03  -1.22371385e-02   3.96855162e-14  -1.90899268e-14   2.74067180e-15
  8.96000000e-06   1.66297968e-03   1.85541218e-03  -1.17003916e-02   3.87025085e-14  -1.64687648e-14   2.88923137e-15
  9.04000000e-06   1.50300185e-03   1.67544143e-03  -1.10973488e-02   3.73209883e-14  -1.39813485e-14   2.94381882e-15
  9.12000000e-06   1.34954006e-03   1.50199320e-03  -1.05816215e-02   3.60804525e-14  -1.18128035e-14   2.92481315e-15
  9.20000000e-06   1.20955541e-03   1.34211139e-03  -1.01097625e-02   3.48653438e-14  -9.88721423e-15   2.85880331e-15
  9.28000000e-06   1.08527545e-03   1.18129754e-03  -9.80772691e-03   3.41389740e-14  -8.27113474e-15   2.78143138e-15
  9.36000000e-06   9.48101958e-04   1.03178374e-03  -9.47433661e-03   3.32279920e-14  -6.75305889e-15   2.58971461e-15
  9.44000000e-06   8.21776865e-04   8.75571206e-04  -9.15919034e-03   3.23161221e-14  -5.35885672e-15   2.38717398e-15
  9.52000000e-06   7.05900496e-04   7.24900675e-04  -9.01201591e-03   3.19427656e-14  -4.15455055e-15   2.16785875e-15
  9.60000000e-06   5.90877745e-04   5.89062131e-04  -8.73415926e-03   3.10629918e-14  -2.97088248e-15   1.90108695e-15
  9.68000000e-06   4.83453828e-04   4.46227464e-04  -8.55522619e-03   3.04949655e-14  -1.88825956e-15   1.62477464e-15
  9.76000000e-06   3.75932539e-04   3.02908078e-04  -8.56254626e-03   3.05565029e-14  -8.81282612e-16   1.31038546e-15
  9.84000000e-06   2.71150749e-04   1.58882431e-04  -8.48119093e-03   3.02704687e-14   1.18534628e-16   9.69992703e-16
  9.92000000e-06   1.76684214e-04   2.72800222e-05  -8.39231912e-03   2.99275711e-14   1.08909614e-15   6.33607929e-16
  1.00000000e-05   8.42409824e-05  -1.16012036e-04  -8.36405850e-03   2.97704832e-14   2.04509796e-15   2.71475717e-16
  1.00800000e-05  -1.52259615e-06  -2.50034748e-04  -8.42336125e-03   2.98942930e-14   3.02528894e-15  -9.52047844e-17
  1.01600000e-05  -9.59551640e-05  -3.80567295e-04  -8.49146510e-03   3.00157186e-14   4.02633068e-15  -5.19633882e-16
  1.02400000e-05  -1.85500015e-04  -5.22068422e-04  -8.55612549e-03   3.00882183e-14   5.04613062e-15  -9.60223225e-16
  1.03200000e-05  -2.70109449e-04  -6.60053341e-04  -8.69243133e-03   3.03732427e-14   6.13448875e-15  -1.40963893e-15
  1.04000000e-05  -3.50739767e-04  -8.03270858e-04  -8.80146493e-03   3.05168082e-14   7.24462381e-15  -1.87728446e-15
  1.04800000e-05  -4.27842810e-04  -9.36697046e-04  -9.02880464e-03   3.10190423e-14   8.50289921e-15  -2.35201841e-15
  1.05600000e-05  -5.04051849e-04  -1.08232752e-03  -9.28637693e-03   3.15584289e-14   9.86937982e-15  -2.86322492e-15
  1.06400000e-05  -5.87195447e-04  -1.22089126e-03  -9.57179701e-03   3.21182376e-14   1.13489343e-14  -3.41790549e-15
  1.07200000e-05  -6.58879736e-04  -1.36426099e-03  -9.82282314e-03   3.24751910e-14   1.28784071e-14  -3.96696073e-15
  1.08000000e-05  -7.29083009e-04  -1.50346844e-03  -1.01373737e-02   3.29481832e-14   1.45782174e-14  -4.53173095e-15
  1.08800000e-05  -8.06035219e-04  -1.64633946e-03  -1.05678337e-02   3.36767588e-14   1.65681332e-14  -5.14972382e-15
  1.09600000e-05  -8.69523926e-04  -1.78316123e-03  -1.09029070e-02   3.39634889e-14   1.85293351e-14  -5.73909859e-15
  1.10400000e-05  -9.31147854e-04  -1.91943955e-03  -1.13134000e-02   3.43369548e-14   2.07329544e-14  -6.34366630e-15
  1.11200000e-05  -9.97706908e-04  -2.05709481e-03  -1.17202453e-02   3.45227147e-14   2.30587724e-14  -6.98599982e-15
  1.12000000e-05  -1.05934229e-03  -2.19342026e-03  -1.21976888e-02   3.47179818e-14   2.56524643e-14  -7.62807307e-15
  1.12800000e-05  -1.11638695e-03  -2.32391068e-03  -1.27055631e-02   3.47675169e-14   2.84496228e-14  -8.25846000e-15
  1.13600000e-05  -1.16315594e-03  -2.44931928e-03  -1.31581650e-02   3.44117958e-14   3.12458736e-14  -8.85818085e-15
  1.14400000e-05  -1.20582904e-03  -2.57204201e-03  -1.37291705e-02   3.40816811e-14   3.44459239e-14  -9.44653167e-15
  1.15200000e-05  -1.24813642e-03  -2.68227799e-03  -1.42219021e-02   3.32444838e-14   3.75573579e-14  -1.00009777e-14
  1.16000000e-05  -1.27787218e-03  -2.79728489e-03  -1.46805695e-02   3.19964351e-14   4.06516553e-14  -1.05310367e-14
  1.16800000e-05  -1.30988584e-03  -2.89691274e-03  -1.52564116e-02   3.06590077e-14   4.41256941e-14  -1.10109828e-14
  1.17600000e-05  -1.33932696e-03  -3.00212354e-03  -1.57308595e-02   2.87196771e-14   4.73419281e-14  -1.14800692e-14
  1.18400000e-05  -1.35710861e-03  -3.10671097e-03  -1.62305788e-02   2.64427985e-14   5.06116151e-14  -1.18986151e-14
  1.19200000e-05  -1.38129713e-03  -3.20944482e-03  -1.66888360e-02   2.36953463e-14   5.37029903e-14  -1.22888797e-14
  1.20000000e-05  -1.40356911e-03  -3.31403066e-03  -1.71839728e-02   2.05923022e-14   5.68142849e-14  -1.26389284e-14
  1.20800000e-05  -1.42251609e-03  -3.42658916e-03  -1.75893576e-02   1.69698752e-14   5.94827830e-14  -1.29602788e-14
  1.21600000e-05  -1.43938867e-03  -3.54077287e-03  -1.79698083e-02   1.29605800e-14   6.18623474e-14  -1.32275108e-14
  1.22400000e-05  -1.46385924e-03  -3.67658845e-03  -1.83285959e-02   8.56660854e-15   6.39269876e-14  -1.35075014e-14
  1.23200000e-05  -1.49204011e-03  -3.82968030e-03  -1.86295809e-02   3.81126333e-15   6.55017619e-14  -1.37704313e-14
  1.24000000e-05  -1.51839776e-03  -3.99862004e-03  -1.89213372e-02  -1.22663614e-15   6.67062538e-14  -1.39985054e-14
  1.24800000e-05  -1.55569260e-03  -4.18872731e-03  -1.91203082e-02  -6.50673960e-15   6.72285460e-14  -1.41984929e-14
  1.25600000e-05  -1.59751199e-03  -4.41118898e-03  -1.91487140e-02  -1.18809050e-14   6.67787662e-14  -1.43922913e-14
  1.26400000e-05  -1.63943370e-03  -4.63621944e-03  -1.92602363e-02  -1.73219623e-14   6.62127349e-14  -1.44639222e-14
  1.27200000e-05  -1.68757169e-03  -4.88755200e-03  -1.92683845e-02  -2.27051287e-14   6.49064788e-14  -1.44753836e-14
  1.28000000e-05  -1.73173846e-03  -5.14980873e-03  -1.91437670e-02  -2.78556799e-14   6.27874584e-14  -1.43704554e-14
  1.28800000e-05  -1.77813941e-03  -5.41767749e-03  -1.88581997e-02  -3.25688786e-14   5.98472559e-14  -1.41222985e-14
  1.29600000e-05  -1.81622974e-03  -5.67528574e-03  -1.85226697e-02  -3.68533322e-14   5.64983452e-14  -1.36972768e-14
  1.30400000e-05  -1.84645958e-03  -5.90686658e-03  -1.81309485e-02  -4.06228589e-14   5.27907159e-14  -1.30616028e-14
  1.31200000e-05  -1.85723141e-03  -6.10000933e-03  -1.76113769e-02  -4.36553322e-14   4.86056815e-14  -1.22316987e-14
  1.32000000e-05  -1.85014966e-03  -6.23675794e-03  -1.69354812e-02  -4.57749942e-14   4.40048949e-14  -1.12047178e-14
  1.32800000e-05  -1.82384884e-03  -6.30476411e-03  -1.63042817e-02  -4.73640889e-14   3.95843460e-14  -1.00087221e-14
  1.33600000e-05  -1.76591668e-03  -6.28678114e-03  -1.55194338e-02  -4.79401154e-14   3.49492313e-14  -8.70263185e-15
  1.34400000e-05  -1.68724392e-03  -6.18019861e-03  -1.47222986e-02  -4.78362719e-14   3.05189141e-14  -7.32911989e-15
  1.35200000e-05  -1.57297025e-03  -5.96599337e-03  -1.38805755e-02  -4.69725566e-14   2.62648993e-14  -5.96587520e-15
  1.36000000e-05  -1.43910278e-03  -5.66790539e-03  -1.30452170e-02  -4.55689572e-14   2.23374609e-14  -4.67820519e-15
  1.36800000e-05  -1.27902712e-03  -5.27075658e-03  -1.22017017e-02  -4.36149165e-14   1.87220935e-14  -3.51548803e-15
  1.37600000e-05  -1.09641657e-03  -4.78695447e-03  -1.13864239e-02  -4.12917305e-14   1.54772240e-14  -2.53071810e-15
  1.38400000e-05  -8.84136515e-04  -4.21143950e-03  -1.05794089e-02  -3.85895307e-14   1.25527639e-14  -1.77200756e-15
  1.39200000e-05  -6.58278413e-04  -3.56517559e-03  -9.85676771e-03  -3.58245353e-14   1.00266580e-14  -1.23410415e-15
  1.40000000e-05  -4.12951149e-04  -2.86659769e-03  -9.15477127e-03  -3.28808174e-14   7.78940559e-15  -9.55886335e-16
  1.40800000e-05  -1.53991709e-04  -2.09510444e-03  -8.47953110e-03  -2.97796072e-14   5.82880722e-15  -8.99359554e-16
  1.41600000e-05   1.29153226e-04  -1.27724109e-03  -7.84618100e-03  -2.66394296e-14   4.10498601e-15  -1.10673270e-15
  1.42400000e-05   4.21238815e-04  -4.21121399e-04  -7.25475542e-03  -2.34948313e-14   2.60711678e-15  -1.51553663e-15
  1.43200000e-05   7.30189788e-04   4.80034326e-04  -6.69132164e-03  -2.03043035e-14   1.28303299e-15  -2.12366046e-15
  1.44000000e-05   1.05612352e-03   1.41404196e-03  -6.13529604e-03  -1.70293708e-14   9.62081926e-17  -2.90924455e-15
  1.44800000e-05   1.39630895e-03   2.38532787e-03  -5.63398364e-03  -1.38127906e-14  -9.63440681e-16  -3.83122254e-15
  1.45600000e-05   1.74698786e-03   3.37972361e-03  -5.10495271e-03  -1.04146703e-14  -1.93675152e-15  -4.84627163e-15
  1.46400000e-05   2.11742153e-03   4.40050978e-03  -4.60656554e-03  -7.00674510e-15  -2.85014148e-15  -5.94332331e-15
  1.47200000e-05   2.50504520e-03   5.46300981e-03  -4.09804552e-03  -3.42511453e-15  -3.73192843e-15  -7.06864485e-15
  1.48000000e-05   2.91002458e-03   6.54041115e-03  -3.58285595e-03   2.83295121e-16  -4.60605201e-15  -8.17813458e-15
  1.48800000e-05   3.32785683e-03   7.65954389e-03  -3.02948379e-03   4.27212451e-15  -5.49380609e-15  -9.19728642e-15
  1.49600000e-05   3.76533768e-03   8.80081547e-03  -2.44791102e-03   8.48183979e-15  -6.43449646e-15  -1.00868965e-14
  1.50400000e-05   4.21812461e-03   9.97049440e-03  -1.82625347e-03   1.29611287e-14  -7.45420028e-15  -1.07599556e-14
  1.51200000e-05   4.68861908e-03   1.11653061e-02  -1.15063975e-03   1.77389726e-14  -8.59740255e-15  -1.11427975e-14
  1.52000000e-05   3.70039765e-03   8.93519531e-03  -4.06640635e-04   1.61228679e-14  -7.04021874e-15  -7.97929829e-15
  1.52800000e-05  -1.02135873e-03  -1.92884613e-03  -2.80639319e-04  -4.59628395e-15   2.09593037e-15   2.32229588e-15
  1.53600000e-05  -3.11003445e-03  -6.79032040e-03  -8.90318404e-04  -1.57565763e-14   6.28215123e-15   7.12742255e-15
  1.54400000e-05  -3.47703984e-03  -7.70948048e-03  -1.53043907e-03  -1.92490673e-14   6.98688865e-15   8.53643409e-15
  1.55200000e-05  -3.85925214e-03  -8.63883003e-03  -2.20188823e-03  -2.27870949e-14   7.56528248e-15   1.02575393e-14
  1.56000000e-05  -4.25801800e-03  -9.58779880e-03  -2.90083845e-03  -2.63519576e-14   7.97041225e-15   1.23372610e-14
  1.56800000e-05  -4.67360260e-03  -1.05466130e-02  -3.63191015e-03  -2.99057426e-14   8.14848562e-15   1.48210251e-14
  1.57600000e-05  -5.10838913e-03  -1.15133315e-02  -4.39403331e-03  -3.33972932e-14   8.04197833e-15   1.77550787e-14
  1.58400000e-05  -5.56450680e-03  -1.24875034e-02  -5.18702788e-03  -3.67683192e-14   7.58692559e-15   2.11789497e-14
  1.59200000e-05  -6.04416768e-03  -1.34643307e-02  -6.00859459e-03  -3.99322938e-14   6.71471058e-15   2.51220803e-14
  1.60000000e-05  -6.54757048e-03  -1.44392473e-02  -6.84516783e-03  -4.27523664e-14   5.35761099e-15   2.95923003e-14
  1.60800000e-05  -7.07915941e-03  -1.54145524e-02  -7.69306800e-03  -4.51169076e-14   3.45374722e-15   3.45963163e-14
  1.61600000e-05  -7.64103869e-03  -1.63831231e-02  -8.54854906e-03  -4.68849601e-14   9.40644703e-16   4.01049457e-14
  1.62400000e-05  -8.22950474e-03  -1.73433336e-02  -9.37791641e-03  -4.78153579e-14  -2.20831092e-15   4.60439365e-14
  1.63200000e-05  -8.85116666e-03  -1.82807852e-02  -1.01783402e-02  -4.77486199e-14  -6.01229210e-15   5.23209487e-14
  1.64000000e-05  -9.50783350e-03  -1.92120636e-02  -1.09170914e-02  -4.64591184e-14  -1.04355245e-14   5.88264311e-14
  1.64800000e-05  -1.01963729e-02  -2.01228018e-02  -1.15792502e-02  -4.37635859e-14  -1.54334961e-14   6.53578610e-14
  1.65600000e-05  -1.09219081e-02  -2.10126389e-02  -1.21171237e-02  -3.94201837e-14  -2.08640284e-14   7.17127217e-14
  1.66400000e-05  -1.16755393e-02  -2.18716654e-02  -1.25242030e-02  -3.33628055e-14  -2.66189630e-14   7.75881548e-14
  1.67200000e-05  -1.24607999e-02  -2.27054492e-02  -1.27446360e-02  -2.54448267e-14  -3.24660563e-14   8.27186659e-14
  1.68000000e-05  -1.32800547e-02  -2.35420842e-02  -1.27299996e-02  -1.56117266e-14  -3.81636271e-14   8.68637814e-14
  1.68800000e-05  -1.41147218e-02  -2.43369936e-02  -1.24975476e-02  -4.13567474e-15  -4.35989930e-14   8.95729584e-14
  1.69600000e-05  -1.49421784e-02  -2.50618300e-02  -1.20106079e-02   8.73284122e-15  -4.85467547e-14   9.04352929e-14
  1.70400000e-05  -1.57780189e-02  -2.57933022e-02  -1.12193410e-02   2.28112205e-14  -5.28454912e-14   8.94120121e-14
  1.71200000e-05  -1.65867841e-02  -2.64599442e-02  -1.01430638e-02   3.74501408e-14  -5.64729666e-14   8.60779506e-14
  1.72000000e-05  -1.73402314e-02  -2.70490439e-02  -8.80206842e-03   5.20014319e-14  -5.94569689e-14   8.02694626e-14
  1.72800000e-05  -1.80341021e-02  -2.75762639e-02  -7.17925304e-03   6.59268652e-14  -6.18676935e-14   7.20336820e-14
  1.73600000e-05  -1.86344025e-02  -2.80176200e-02  -5.30874657e-03   7.84947090e-14  -6.38431271e-14   6.14138318e-14
  1.74400000e-05  -1.91265318e-02  -2.83678670e-02  -3.22966486e-03   8.90563360e-14  -6.55839070e-14   4.86541831e-14
  1.75200000e-05  -1.69094980e-02  -2.48224735e-02  -9.80619954e-04   8.40464212e-14  -5.84244071e-14   2.96297338e-14
  1.76000000e-05   3.30177206e-02   4.83711227e-02  -2.15153921e-03  -1.63442895e-13   1.08359050e-13  -7.20707068e-14
  1.76800000e-05   3.33881957e-02   4.82603967e-02  -5.64824907e-03  -1.51195122e-13   9.12163656e-14  -1.14370721e-13
  1.77600000e-05   3.37617304e-02   4.78784063e-02  -8.67241399e-03  -1.32250009e-13   6.59709346e-14  -1.50639249e-13
  1.78400000e-05   3.41320333e-02   4.72498256e-02  -1.10382708e-02  -1.06763825e-13   3.54519903e-14  -1.78376317e-13
  1.79200000e-05   3.44903232e-02   4.64590711e-02  -1.25876999e-02  -7.55820247e-14   3.02581988e-15  -1.95927112e-13
  1.80000000e-05   3.48119659e-02   4.55549123e-02  -1.32776426e-02  -4.03004680e-14  -2.82068516e-14  -2.02437982e-13
  1.80800000e-05   3.50697904e-02   4.45732683e-02  -1.30596682e-02  -3.09751287e-15  -5.55641433e-14  -1.97960970e-13
  1.81600000e-05   3.52470270e-02   4.35650049e-02  -1.20970271e-02   3.31736059e-14  -7.77933657e-14  -1.83499412e-13
  1.82400000e-05   3.52905198e-02   4.25357323e-02  -1.03163950e-02   6.60625392e-14  -9.37593406e-14  -1.60593005e-13
  1.83200000e-05   3.51718957e-02   4.14901119e-02  -7.95359474e-03   9.30355545e-14  -1.04044755e-13  -1.31335800e-13
  1.84000000e-05   3.48373294e-02   4.04041861e-02  -5.19815619e-03   1.12324884e-13  -1.09459219e-13  -9.80177739e-14
  1.84800000e-05   3.42903721e-02   3.92911284e-02  -2.15036710e-03   1.23140343e-13  -1.10920782e-13  -6.30936468e-14
  1.85600000e-05  -9.52896530e-03  -1.08544498e-02  -5.85219150e-04  -3.48486193e-14   2.98947869e-14   1.29521076e-14
  1.86400000e-05  -1.93500283e-02  -2.17626668e-02  -2.42055138e-03  -6.74983490e-14   5.60533489e-14   3.56218854e-14
  1.87200000e-05  -1.87732406e-02  -2.08892322e-02  -4.07282814e-03  -6.22357693e-14   4.75299361e-14   4.30912366e-14
  1.88000000e-05  -1.81631046e-02  -1.99571728e-02  -5.53326181e-03  -5.69859437e-14   3.83507945e-14   4.87358510e-14
  1.88800000e-05  -1.75273994e-02  -1.89783781e-02  -6.77957791e-03  -5.17480546e-14   2.89931658e-14   5.26235651e-14
  1.89600000e-05  -1.68661719e-02  -1.79732440e-02  -7.84428835e-03  -4.65654947e-14   1.97391771e-14   5.48940289e-14
  1.90400000e-05  -1.61830428e-02  -1.69542772e-02  -8.71089605e-03  -4.14538054e-14   1.09422714e-14   5.57153250e-14
  1.91200000e-05  -1.54850818e-02  -1.59398664e-02  -9.40366807e-03  -3.64656985e-14   2.79805170e-15   5.53054137e-14
  1.92000000e-05  -1.47709324e-02  -1.49296357e-02  -9.91554182e-03  -3.16089067e-14  -4.48760438e-15   5.38438879e-14
  1.92800000e-05  -1.40489351e-02  -1.39445179e-02  -1.02678349e-02  -2.69548703e-14  -1.08220658e-14   5.15781292e-14
  1.93600000e-05  -1.33358000e-02  -1.29980329e-02  -1.04846244e-02  -2.25569715e-14  -1.61734015e-14   4.87416279e-14
  1.94400000e-05  -1.26083016e-02  -1.20735417e-02  -1.05813611e-02  -1.84211207e-14  -2.05825854e-14   4.54349631e-14
  1.95200000e-05  -1.18860814e-02  -1.11887539e-02  -1.05592657e-02  -1.45950263e-14  -2.40133067e-14   4.18738068e-14
  1.96000000e-05  -1.11647478e-02  -1.03408224e-02  -1.04639335e-02  -1.11060131e-14  -2.66416487e-14   3.81780323e-14
  1.96800000e-05  -1.04556593e-02  -9.53606122e-03  -1.02888891e-02  -7.96463803e-15  -2.84720360e-14   3.44825003e-14
  1.97600000e-05  -9.74521247e-03  -8.76430627e-03  -1.00698961e-02  -5.16775264e-15  -2.96859962e-14   3.08382536e-14
  1.98400000e-05  -9.04293045e-03  -8.02445737e-03  -9.79750348e-03  -2.71023766e-15  -3.02957990e-14   2.73146969e-14
  1.99200000e-05  -8.36140542e-03  -7.33403417e-03  -9.49740930e-03  -5.86765591e-16  -3.04428730e-14   2.40249997e-14
  2.00000000e-05  -7.68645673e-03  -6.67176988e-03  -9.18889004e-03   1.23739694e-15  -3.02568672e-14   2.09335030e-14
  2.00800000e-05  -7.02869906e-03  -6.04882138e-03  -8.85654103e-03   2.77547616e-15  -2.97307202e-14   1.81027592e-14
  2.01600000e-05  -6.38088511e-03  -5.45665362e-03  -8.52426657e-03   4.06231151e-15  -2.89980476e-14   1.55217059e-14
  2.02400000e-05  -5.74691057e-03  -4.88794679e-03  -8.19311241e-03   5.12496398e-15  -2.81024486e-14   1.31708878e-14
  2.03200000e-05  -5.13300692e-03  -4.35921873e-03  -7.86930902e-03   5.99116311e-15  -2.71013188e-14   1.11049006e-14
  2.04000000e-05  -4.53116477e-03  -3.85279776e-03  -7.55751772e-03   6.69150256e-15  -2.60417740e-14   9.26407193e-15
  2.04800000e-05  -3.95044562e-03  -3.37366845e-03  -7.25493462e-03   7.24632534e-15  -2.49390887e-14   7.65134426e-15
  2.05600000e-05  -3.38215639e-03  -2.91531453e-03  -6.96687845e-03   7.68150325e-15  -2.38322997e-14   6.24362898e-15
  2.06400000e-05  -2.82912876e-03  -2.47959548e-03  -6.69465353e-03   8.01807434e-15  -2.27422884e-14   5.03498961e-15
  2.07200000e-05  -2.28952260e-03  -2.06207583e-03  -6.43999737e-03   8.27576844e-15  -2.16875283e-14   4.00213967e-15
  2.08000000e-05  -1.77333377e-03  -1.66713669e-03  -6.19971909e-03   8.46661260e-15  -2.06681775e-14   3.13603677e-15
  2.08800000e-05  -1.26733194e-03  -1.28687278e-03  -5.98116296e-03   8.61361742e-15  -1.97147788e-14   2.41660356e-15
  2.09600000e-05  -7.80167468e-04  -9.26696527e-04  -5.78033405e-03   8.72473434e-15  -1.88198715e-14   1.83960919e-15
  2.10400000e-05  -3.05673131e-04  -5.77681556e-04  -5.59373538e-03   8.80435714e-15  -1.79748818e-14   1.37519953e-15
  2.11200000e-05   1.54026675e-04  -2.46043583e-04  -5.42568869e-03   8.86857372e-15  -1.71961321e-14   1.03157317e-15
  2.12000000e-05   5.96663386e-04   7.29102354e-05  -5.26770881e-03   8.91065108e-15  -1.64579641e-14   7.81498249e-16
  2.12800000e-05   1.02968420e-03   3.82569347e-04  -5.12951699e-03   8.95264175e-15  -1.57902231e-14   6.19461527e-16
  2.13600000e-05   1.45197731e-03   6.83279708e-04  -5.00742036e-03   8.99437472e-15  -1.51804019e-14   5.36637068e-16
  2.14400000e-05   1.86038302e-03   9.73221016e-04  -4.89884667e-03   9.03630070e-15  -1.46196021e-14   5.27241738e-16
  2.15200000e-05   2.25931114e-03   1.25586140e-03  -4.80467029e-03   9.08348713e-15  -1.41081398e-14   5.83714444e-16
  2.16000000e-05   2.64666326e-03   1.52821339e-03  -4.72208938e-03   9.13408311e-15  -1.36357616e-14   7.06570435e-16
  2.16800000e-05   3.02510625e-03   1.79504609e-03  -4.65135193e-03   9.19030374e-15  -1.32005160e-14   8.82777891e-16
  2.17600000e-05   3.39432636e-03   2.05607879e-03  -4.59251130e-03   9.25436846e-15  -1.28000776e-14   1.10927954e-15
  2.18400000e-05   3.75392931e-03   2.31510456e-03  -4.54705351e-03   9.33057822e-15  -1.24359657e-14   1.37138702e-15
  2.19200000e-05   4.10253971e-03   2.56408944e-03  -4.51126769e-03   9.41360930e-15  -1.20948041e-14   1.68634342e-15
  2.20000000e-05   4.44817360e-03   2.81138354e-03  -4.48480501e-03   9.50203309e-15  -1.17714080e-14   2.04529516e-15
  2.20800000e-05   4.78760931e-03   3.05656528e-03  -4.46962426e-03   9.60069389e-15  -1.14685526e-14   2.44091924e-15
  2.21600000e-05   5.11971064e-03   3.29859934e-03  -4.46446604e-03   9.70725694e-15  -1.11796472e-14   2.87182604e-15
  2.22400000e-05   5.44835481e-03   3.54176661e-03  -4.47062832e-03   9.82395735e-15  -1.09041343e-14   3.33387293e-15
  2.23200000e-05   5.77327019e-03   3.78236940e-03  -4.48129433e-03   9.93492117e-15  -1.06204260e-14   3.83518885e-15
  2.24000000e-05   6.09155006e-03   4.02282091e-03  -4.50404978e-03   1.00569526e-14  -1.03459234e-14   4.36110488e-15
  2.24800000e-05   6.40803641e-03   4.26460548e-03  -4.53422087e-03   1.01776093e-14  -1.00637142e-14   4.91831367e-15
  2.25600000e-05   6.72534263e-03   4.50635477e-03  -4.57525860e-03   1.03043553e-14  -9.77811550e-15   5.51589860e-15
  2.26400000e-05   7.03696555e-03   4.75122298e-03  -4.61982372e-03   1.04163961e-14  -9.46850349e-15   6.12855614e-15
  2.27200000e-05   7.34946304e-03   4.99783861e-03  -4.67430006e-03   1.05281828e-14  -9.14568067e-15   6.77488694e-15
  2.28000000e-05   7.66523124e-03   5.24913600e-03  -4.73240684e-03   1.06201588e-14  -8.78939982e-15   7.45270195e-15
  2.28800000e-05   7.98474191e-03   5.50585088e-03  -4.79826718e-03   1.06996298e-14  -8.40534098e-15   8.16028507e-15
  2.29600000e-05   8.30347048e-03   5.76520471e-03  -4.87247375e-03   1.07660776e-14  -7.99221690e-15   8.89056434e-15
  2.30400000e-05   8.62505386e-03   6.02989888e-03  -4.95004466e-03   1.08016476e-14  -7.53313428e-15   9.64450980e-15
  2.31200000e-05   8.95585713e-03   6.30654900e-03  -5.03282703e-03   1.08039450e-14  -7.02547164e-15   1.04219968e-14
  2.32000000e-05   9.29315151e-03   6.59008215e-03  -5.11988706e-03   1.07674356e-14  -6.46376141e-15   1.12242108e-14
  2.32800000e-05   9.65181682e-03   6.89153642e-03  -5.21224820e-03   1.06831791e-14  -5.83723338e-15   1.20647711e-14
  2.33600000e-05   1.00012510e-02   7.19623724e-03  -5.30698287e-03   1.05450393e-14  -5.15226544e-15   1.28861657e-14
  2.34400000e-05   1.03749912e-02   7.51933100e-03  -5.40087575e-03   1.03278029e-14  -4.37857957e-15   1.37434886e-14
  2.35200000e-05   1.07705537e-02   7.86264683e-03  -5.49851931e-03   1.00340497e-14  -3.52082129e-15   1.46201718e-14
  2.36000000e-05   1.11919214e-02   8.22992662e-03  -5.59708059e-03   9.64306934e-15  -2.56421034e-15   1.55118744e-14
  2.36800000e-05   1.16280554e-02   8.61242257e-03  -5.69265582e-03   9.13941983e-15  -1.50350946e-15   1.63938984e-14
  2.37600000e-05   1.21023814e-02   9.02643187e-03  -5.77739664e-03   8.47544412e-15  -2.99331739e-16   1.72865333e-14
  2.38400000e-05   1.26210541e-02   9.47937681e-03  -5.85864405e-03   7.65014750e-15   1.04778042e-15   1.81757468e-14
  2.39200000e-05   1.31933143e-02   9.97664026e-03  -5.93048260e-03   6.62471073e-15   2.56653674e-15   1.90553303e-14
  2.40000000e-05   1.37985150e-02   1.05040687e-02  -5.98767257e-03   5.38191594e-15   4.25273661e-15   1.98630576e-14
  2.40800000e-05   1.44755240e-02   1.10891331e-02  -6.02514431e-03   3.85929023e-15   6.16486875e-15   2.06183108e-14
  2.41600000e-05   1.52324673e-02   1.17423472e-02  -6.03402518e-03   1.99796709e-15   8.33871101e-15   2.12710428e-14
  2.42400000e-05   1.60929132e-02   1.24827183e-02  -5.99338754e-03  -3.04743738e-16   1.08516821e-14   2.17830526e-14
  2.43200000e-05   1.70561090e-02   1.33080103e-02  -5.90046456e-03  -3.07188064e-15   1.37176817e-14   2.20594018e-14
  2.44000000e-05   1.82076561e-02   1.42821695e-02  -5.70570224e-03  -6.54343815e-15   1.71620163e-14   2.20779404e-14
  2.44800000e-05   1.94925282e-02   1.53686482e-02  -5.42998906e-03  -1.06083463e-14   2.10768166e-14   2.15725461e-14
  2.45600000e-05   2.09841986e-02   1.66242889e-02  -4.99990511e-03  -1.55169801e-14   2.57148341e-14   2.03762745e-14
  2.46400000e-05   2.27253411e-02   1.80829014e-02  -4.33942444e-03  -2.14324492e-14   3.12950364e-14   1.81695386e-14
  2.47200000e-05   2.47611316e-02   1.97805155e-02  -3.36994372e-03  -2.84224410e-14   3.80456981e-14   1.44784966e-14
  2.48000000e-05   2.72854054e-02   2.18701717e-02  -1.72645458e-03  -3.71945422e-14   4.70860307e-14   8.63701350e-15
  2.48800000e-05  -4.50210205e-03  -3.57920626e-03  -3.86601023e-04   7.49580959e-15  -9.32790832e-15  -9.32206161e-16
  2.49600000e-05  -3.22187160e-02  -2.59212247e-02  -3.87917042e-03   5.64088678e-14  -6.78136007e-14  -1.53666138e-14
  2.50400000e-05  -3.44295510e-02  -2.78632066e-02  -8.39737783e-03   6.97062894e-14  -7.63806783e-14  -3.23607720e-14
  2.51200000e-05  -3.53442687e-02  -2.88042403e-02  -1.35352816e-02   8.34342134e-14  -7.80132858e-14  -5.18502570e-14
  2.52000000e-05  -3.47503885e-02  -2.85824906e-02  -1.83331444e-02   9.48864622e-14  -7.02403572e-14  -7.03478387e-14
  2.52800000e-05  -3.34512525e-02  -2.77889772e-02  -2.19791091e-02   1.01894965e-13  -5.46436176e-14  -8.59918377e-14
  2.53600000e-05  -3.13038588e-02  -2.62791497e-02  -2.41428414e-02   1.02364615e-13  -3.38764889e-14  -9.58529316e-14
  2.54400000e-05  -3.03198921e-02  -2.57513199e-02  -2.50400151e-02   9.74037522e-14  -1.23091012e-14  -1.05283309e-13
  2.55200000e-05  -2.98029867e-02  -2.56105027e-02  -2.46058521e-02   8.52660968e-14   9.00311988e-15  -1.12646324e-13
  2.56000000e-05  -2.96565769e-02  -2.57800423e-02  -2.30442383e-02   6.65599683e-14   2.85276932e-14  -1.17573248e-13
  2.56800000e-05  -3.13615325e-02  -2.75748205e-02  -2.08722239e-02   4.21827706e-14   4.72082424e-14  -1.25749664e-13
  2.57600000e-05  -3.26915285e-02  -2.90546410e-02  -1.77839687e-02   1.24334428e-14   6.40032795e-14  -1.27421533e-13
  2.58400000e-05  -3.47941543e-02  -3.12271933e-02  -1.35679878e-02  -2.29726464e-14   8.01846717e-14  -1.25636053e-13
  2.59200000e-05  -3.63256455e-02  -3.28997519e-02  -8.41763505e-03  -5.89728648e-14   9.43082453e-14  -1.14104554e-13
  2.60000000e-05  -2.19997343e-02  -2.01098873e-02  -2.16117030e-03  -5.21217337e-14   6.29898416e-14  -5.55506081e-14
  2.60800000e-05   3.62745700e-02   3.34299124e-02  -3.80111915e-03   9.94756708e-14  -9.66511817e-14   9.92856671e-14
  2.61600000e-05   3.34367694e-02   3.11515951e-02  -7.95211209e-03   9.23252727e-14  -7.00170021e-14   1.13921627e-13
  2.62400000e-05   3.04732184e-02   2.87758819e-02  -1.00021481e-02   8.13252179e-14  -4.42751404e-14   1.20392629e-13
  2.63200000e-05   2.79935818e-02   2.68394101e-02  -1.07247405e-02   6.86177033e-14  -2.26823003e-14   1.22341023e-13
  2.64000000e-05   2.62903702e-02   2.56127541e-02  -1.09020099e-02   5.59450429e-14  -5.07187408e-15   1.22996698e-13
  2.64800000e-05   2.54987195e-02   2.52521004e-02  -1.10590314e-02   4.39792807e-14   1.01556534e-14   1.24592007e-13
  2.65600000e-05   2.53716126e-02   2.55475573e-02  -1.14720109e-02   3.22596933e-14   2.49111363e-14   1.26821630e-13
  2.66400000e-05   2.59744257e-02   2.65992065e-02  -1.23154024e-02   2.00318378e-14   4.07162922e-14   1.30189538e-13
  2.67200000e-05   2.74926118e-02   2.86076477e-02  -1.35883298e-02   5.43014612e-15   5.89134372e-14   1.35017606e-13
  2.68000000e-05   3.02787571e-02   3.19922941e-02  -1.52528812e-02  -1.48085432e-14   8.13331477e-14   1.41196254e-13
  2.68800000e-05   3.52806903e-02   3.78056422e-02  -1.62896960e-02  -4.85161660e-14   1.09237965e-13   1.48445225e-13
  2.69600000e-05   4.33628267e-02   4.70110387e-02  -1.43169907e-02  -1.06019179e-13   1.43156664e-13   1.48959528e-13
  2.70400000e-05   1.69301109e-02   1.85495657e-02  -2.72667915e-03  -5.64488545e-14   5.74587703e-14   4.03970786e-14
  2.71200000e-05  -5.22182888e-02  -5.74170570e-02  -1.75116474e-02   1.85465700e-13  -1.18528769e-13  -1.64412193e-13
  2.72000000e-05  -4.66516621e-02  -5.16463015e-02  -3.38416705e-02   1.61611142e-13  -1.84420137e-14  -1.94640705e-13
  2.72800000e-05  -3.76081626e-02  -4.19693424e-02  -4.41589960e-02   1.20554178e-13   7.70012525e-14  -1.75853479e-13
  2.73600000e-05  -2.94637652e-02  -3.32023579e-02  -5.01235428e-02   7.45931937e-14   1.42814920e-13  -1.38449680e-13
  2.74400000e-05  -2.53462389e-02  -2.88390957e-02  -5.19573733e-02   2.67867840e-14   1.74586564e-13  -1.09972127e-13
  2.75200000e-05  -2.47006556e-02  -2.84013974e-02  -5.15557811e-02  -2.00441496e-14   1.83477506e-13  -9.14720682e-14
  2.76000000e-05  -2.70315231e-02  -3.14159754e-02  -4.98653378e-02  -6.44633552e-14   1.78173096e-13  -7.73069851e-14
  2.76800000e-05  -3.11321667e-02  -3.65143558e-02  -4.40758879e-02  -9.78019924e-14   1.54279808e-13  -5.87314288e-14
  2.77600000e-05  -3.38534270e-02  -4.00383084e-02  -3.44053992e-02  -1.08040318e-13   1.18440777e-13  -3.15250917e-14
  2.78400000e-05  -3.39922918e-02  -4.04348629e-02  -2.43422967e-02  -9.79092295e-14   8.41244464e-14  -3.01538329e-15
  2.79200000e-05  -3.12727070e-02  -3.73586897e-02  -1.59302669e-02  -7.63621450e-14   5.63729446e-14   1.77041376e-14
  2.80000000e-05  -2.80522013e-02  -3.35902476e-02  -1.01305005e-02  -5.52622266e-14   3.73725170e-14   2.91076443e-14
  2.80800000e-05  -2.45992246e-02  -2.94793291e-02  -6.58609567e-03  -3.86389472e-14   2.47235278e-14   3.36550121e-14
  2.81600000e-05  -2.17077770e-02  -2.60010721e-02  -4.38410446e-03  -2.64727483e-14   1.62657499e-14   3.46108494e-14
  2.82400000e-05  -1.93046431e-02  -2.30866332e-02  -3.06652890e-03  -1.79403859e-14   1.05185995e-14   3.37494613e-14
  2.83200000e-05  -1.73055206e-02  -2.06393855e-02  -2.33672773e-03  -1.21717532e-14   6.57534249e-15   3.20651380e-14
  2.84000000e-05  -1.56682304e-02  -1.86205107e-02  -1.83791662e-03  -7.89603583e-15   3.67094382e-15   3.01221827e-14
  2.84800000e-05  -1.43065663e-02  -1.69416511e-02  -1.53462152e-03  -4.84700812e-15   1.54556971e-15   2.81238989e-14
  2.85600000e-05  -1.31521690e-02  -1.54874275e-02  -1.37833209e-03  -2.74031630e-15  -5.83381793e-18   2.62138960e-14
  2.86400000e-05  -1.21645538e-02  -1.42517754e-02  -1.28164006e-03  -1.18247127e-15  -1.18509673e-15   2.44015217e-14
  2.87200000e-05  -1.13116345e-02  -1.31801305e-02  -1.21966122e-03  -1.16849301e-17  -2.09325810e-15   2.27289267e-14
  2.88000000e-05  -1.05582674e-02  -1.22248513e-02  -1.20856306e-03   7.68867671e-16  -2.75867467e-15   2.11875392e-14
  2.88800000e-05  -9.89173456e-03  -1.13747344e-02  -1.23761190e-03   1.24297067e-15  -3.23339699e-15   1.97831776e-14
  2.89600000e-05  -9.29946433e-03  -1.06156014e-02  -1.28942556e-03   1.50624967e-15  -3.56805848e-15   1.85119422e-14
  2.90400000e-05  -8.75643656e-03  -9.92420432e-03  -1.34769048e-03   1.63507274e-15  -3.79619753e-15   1.73310040e-14
  2.91200000e-05  -8.26006517e-03  -9.29089731e-03  -1.41499167e-03   1.64132214e-15  -3.93424932e-15   1.62511759e-14
  2.92000000e-05  -7.80711410e-03  -8.70637668e-03  -1.49210535e-03   1.53832333e-15  -3.99757545e-15   1.52767577e-14
  2.92800000e-05  -7.38058743e-03  -8.16206930e-03  -1.57486683e-03   1.35147555e-15  -3.99414470e-15   1.43668035e-14
  2.93600000e-05  -6.98169985e-03  -7.65681106e-03  -1.67387266e-03   1.06009084e-15  -3.92341482e-15   1.35252881e-14
  2.94400000e-05  -6.60811537e-03  -7.18028766e-03  -1.77289503e-03   7.20985703e-16  -3.81376397e-15   1.27585476e-14
  2.95200000e-05  -6.25427728e-03  -6.73618390e-03  -1.85802840e-03   3.92402827e-16  -3.68570947e-15   1.20414848e-14
  2.96000000e-05  -5.91479572e-03  -6.31478409e-03  -1.97459226e-03  -7.23023129e-17  -3.48769846e-15   1.13703049e-14
  2.96800000e-05  -5.59293462e-03  -5.91398287e-03  -2.08365199e-03  -5.42142636e-16  -3.27619405e-15   1.07539666e-14
  2.97600000e-05  -5.28253561e-03  -5.52879391e-03  -2.17787434e-03  -9.93617171e-16  -3.05993353e-15   1.01780711e-14
  2.98400000e-05  -4.98627720e-03  -5.16058909e-03  -2.29769753e-03  -1.54921213e-15  -2.79808729e-15   9.64643062e-15
  2.99200000e-05  -4.69495412e-03  -4.80544803e-03  -2.42822480e-03  -2.16099786e-15  -2.50375808e-15   9.13320098e-15
  3.00000000e-05  -4.41789606e-03  -4.46883981e-03  -2.56269575e-03  -2.79721765e-15  -2.20016216e-15   8.65884650e-15
  3.00800000e-05  -4.14655478e-03  -4.14578468e-03  -2.65644880e-03  -3.32000721e-15  -1.93302736e-15   8.19910663e-15
  3.01600000e-05  -3.88225627e-03  -3.83538076e-03  -2.79066878e-03  -3.98346713e-15  -1.61320575e-15   7.75874896e-15
  3.02400000e-05  -3.63255898e-03  -3.53374519e-03  -2.91181372e-03  -4.62084071e-15  -1.31523161e-15   7.36076270e-15
  3.03200000e-05  -3.36666325e-03  -3.23553250e-03  -3.03668303e-03  -5.29057656e-15  -9.84176347e-16   6.91409805e-15
  3.04000000e-05  -3.12333819e-03  -2.95346407e-03  -3.19868193e-03  -6.07886942e-15  -6.36290208e-16   6.52319478e-15
  3.04800000e-05  -2.88178553e-03  -2.67883159e-03  -3.33481324e-03  -6.79793851e-15  -3.18302902e-16   6.13014261e-15
  3.05600000e-05  -2.64236482e-03  -2.41387842e-03  -3.49403151e-03  -7.59671123e-15   1.94180076e-17   5.73160537e-15
  3.06400000e-05  -2.41556308e-03  -2.15889868e-03  -3.65927292e-03  -8.41984813e-15   3.41101354e-16   5.35687593e-15
  3.07200000e-05  -2.18887136e-03  -1.91146551e-03  -3.79295479e-03  -9.15203720e-15   6.22421177e-16   4.96786714e-15
  3.08000000e-05  -1.96549336e-03  -1.67159766e-03  -3.97078736e-03  -1.00288582e-14   9.31014802e-16   4.57223477e-15
  3.08800000e-05  -1.75078094e-03  -1.44321345e-03  -4.12045434e-03  -1.08172365e-14   1.18600234e-15   4.18083920e-15
  3.09600000e-05  -1.54709198e-03  -1.23208823e-03  -4.29837570e-03  -1.16837112e-14   1.43346589e-15   3.79436804e-15
  3.10400000e-05  -1.34140293e-03  -1.02144968e-03  -4.52313039e-03  -1.27114543e-14   1.69751189e-15   3.38642881e-15
  3.11200000e-05  -1.13728721e-03  -8.21870347e-04  -4.73941881e-03  -1.37096589e-14   1.92192731e-15   2.95653229e-15
  3.12000000e-05  -9.48022650e-04  -6.38216212e-04  -4.94657011e-03  -1.46674228e-14   2.08384761e-15   2.54218648e-15
  3.12800000e-05  -7.68156025e-04  -4.59368520e-04  -5.18524373e-03  -1.57288947e-14   2.21378979e-15   2.13399803e-15
  3.13600000e-05  -5.91169813e-04  -2.92616241e-04  -5.39229041e-03  -1.66811518e-14   2.27653219e-15   1.70525740e-15
  3.14400000e-05  -4.18162726e-04  -1.34674378e-04  -5.60716903e-03  -1.76520032e-14   2.29400177e-15   1.26132572e-15
  3.15200000e-05  -2.52168185e-04   4.50735596e-06  -5.83179601e-03  -1.86306838e-14   2.25613237e-15   8.07338751e-16
  3.16000000e-05  -1.00860145e-04   1.37523867e-04  -6.21703261e-03  -2.01178561e-14   2.19868138e-15   3.75011873e-16
  3.16800000e-05   2.94686822e-05   2.55887540e-04  -6.43430524e-03  -2.10462845e-14   1.97324987e-15  -1.79158760e-17
  3.17600000e-05   1.54830353e-04   3.58640767e-04  -6.68065170e-03  -2.20410435e-14   1.68866007e-15  -4.20168621e-16
  3.18400000e-05   2.72752933e-04   4.52213645e-04  -6.94553248e-03  -2.30755501e-14   1.32612700e-15  -8.19840850e-16
  3.19200000e-05   3.75523586e-04   5.22065262e-04  -7.17322810e-03  -2.39443483e-14   8.62562043e-16  -1.19072665e-15
  3.20000000e-05   4.61847629e-04   5.83188035e-04  -7.59683011e-03  -2.54184861e-14   2.87388799e-16  -1.52324926e-15
  3.20800000e-05   5.48360426e-04   6.33128171e-04  -7.88660341e-03  -2.64247889e-14  -3.84865272e-16  -1.86822853e-15
  3.21600000e-05   6.05650596e-04   6.76590167e-04  -8.19017577e-03  -2.74408584e-14  -1.19722934e-15  -2.12811133e-15
  3.22400000e-05   6.59325877e-04   6.99041435e-04  -8.48737889e-03  -2.83734870e-14  -2.11017126e-15  -2.37793925e-15
  3.23200000e-05   6.88107896e-04   7.08887164e-04  -8.73067707e-03  -2.90767103e-14  -3.13003302e-15  -2.54582251e-15
  3.24000000e-05   7.04631492e-04   7.00988705e-04  -9.07829703e-03  -3.00439152e-14  -4.31128073e-15  -2.66482225e-15
  3.24800000e-05   7.08363091e-04   6.83865419e-04  -9.43368054e-03  -3.09684857e-14  -5.62312076e-15  -2.73301496e-15
  3.25600000e-05   6.99831637e-04   6.60715312e-04  -9.74577339e-03  -3.16832655e-14  -7.03271749e-15  -2.75191866e-15
  3.26400000e-05   6.80815133e-04   6.32150287e-04  -9.96668185e-03  -3.20356281e-14  -8.46650893e-15  -2.72532493e-15
  3.27200000e-05   6.44186755e-04   5.85265795e-04  -1.02281728e-02  -3.24148241e-14  -1.00398637e-14  -2.61602826e-15
  3.28000000e-05   5.93290794e-04   5.37848656e-04  -1.05216924e-02  -3.28084048e-14  -1.17491307e-14  -2.45057331e-15
  3.28800000e-05   5.34961965e-04   4.68318089e-04  -1.07712399e-02  -3.29433377e-14  -1.34955443e-14  -2.22292330e-15
  3.29600000e-05   4.72766626e-04   4.18848812e-04  -1.10872886e-02  -3.32030582e-14  -1.54115162e-14  -1.99799913e-15
  3.30400000e-05   4.02634079e-04   3.49290063e-04  -1.12553811e-02  -3.28946504e-14  -1.71820106e-14  -1.70993880e-15
  3.31200000e-05   3.26560568e-04   2.85062518e-04  -1.14917383e-02  -3.26868383e-14  -1.91044363e-14  -1.40276351e-15
  3.32000000e-05   2.57803398e-04   2.22488438e-04  -1.17444352e-02  -3.24049809e-14  -2.10958989e-14  -1.11096937e-15
  3.32800000e-05   1.86184902e-04   1.64502361e-04  -1.18354164e-02  -3.15778026e-14  -2.28123079e-14  -8.13827602e-16
  3.33600000e-05   1.21723070e-04   1.08606762e-04  -1.19333063e-02  -3.06768527e-14  -2.45169837e-14  -5.36045145e-16
  3.34400000e-05   6.29483702e-05   5.68386039e-05  -1.21608246e-02  -2.99968807e-14  -2.64853329e-14  -2.79063649e-16
  3.35200000e-05   1.60255179e-05   2.05206098e-05  -1.22642035e-02  -2.89143520e-14  -2.81631372e-14  -8.49050012e-17
  3.36000000e-05  -1.26670877e-05  -1.61523210e-05  -1.24530100e-02  -2.79222004e-14  -2.99917718e-14   6.73033818e-17
  3.36800000e-05  -2.17872069e-05  -3.80567178e-05  -1.25372547e-02  -2.66024260e-14  -3.15179298e-14   1.41902000e-16
  3.37600000e-05  -2.05633905e-05  -5.46984711e-05  -1.26680889e-02  -2.52913679e-14  -3.31028932e-14   1.83986230e-16
  3.38400000e-05   1.92341715e-05  -5.29809878e-05  -1.28213860e-02  -2.39345125e-14  -3.46588523e-14   1.07312869e-16
  3.39200000e-05   8.96183441e-05  -3.29883327e-05  -1.30766261e-02  -2.26646830e-14  -3.64164236e-14  -6.34608847e-17
  3.40000000e-05   1.72717158e-04  -1.78262524e-05  -1.30830740e-02  -2.08495037e-14  -3.74080848e-14  -2.24276118e-16
  3.40800000e-05   2.97024346e-04   1.83252674e-05  -1.32769763e-02  -1.92708195e-14  -3.88151893e-14  -4.84688766e-16
  3.41600000e-05   4.41550507e-04   6.81879493e-05  -1.34083902e-02  -1.75080620e-14  -3.99490637e-14  -7.79716149e-16
  3.42400000e-05   6.26097558e-04   1.33574267e-04  -1.36595779e-02  -1.57987165e-14  -4.13279850e-14  -1.12828472e-15
  3.43200000e-05   8.39434755e-04   2.10938308e-04  -1.39477682e-02  -1.39938085e-14  -4.27233713e-14  -1.48833022e-15
  3.44000000e-05   1.08972244e-03   2.96411665e-04  -1.41624737e-02  -1.19756728e-14  -4.37670858e-14  -1.83747802e-15
  3.44800000e-05   1.37228212e-03   4.02551321e-04  -1.43715676e-02  -9.85666546e-15  -4.46610883e-14  -2.19214123e-15
  3.45600000e-05   1.67105699e-03   5.07593973e-04  -1.47648759e-02  -7.68166091e-15  -4.60410229e-14  -2.45221424e-15
  3.46400000e-05   1.99767527e-03   6.24741073e-04  -1.51271959e-02  -5.30864607e-15  -4.71822688e-14  -2.64964191e-15
  3.47200000e-05   2.33450791e-03   7.49904889e-04  -1.55021063e-02  -2.74346516e-15  -4.82315400e-14  -2.74631770e-15
  3.48000000e-05   2.68674572e-03   8.77967674e-04  -1.59639454e-02   2.98128246e-17  -4.94054072e-14  -2.71212723e-15
  3.48800000e-05   3.04447031e-03   1.01510753e-03  -1.64463572e-02   3.04620921e-15  -5.04693201e-14  -2.55118462e-15
  3.49600000e-05   3.40222933e-03   1.15459441e-03  -1.70355588e-02   6.36733248e-15  -5.16781164e-14  -2.23087130e-15
  3.50400000e-05   3.74255224e-03   1.28962132e-03  -1.76089762e-02   9.98192112e-15  -5.26040849e-14  -1.73101989e-15
  3.51200000e-05   4.06423669e-03   1.41749742e-03  -1.82501451e-02   1.39601218e-14  -5.34666647e-14  -1.04391608e-15
  3.52000000e-05   4.34601033e-03   1.54006493e-03  -1.89239583e-02   1.82897809e-14  -5.41157352e-14  -2.03666102e-16
  3.52800000e-05   4.59084429e-03   1.64549475e-03  -1.96299443e-02   2.29953289e-14  -5.44728354e-14   8.11678808e-16
  3.53600000e-05   4.77434187e-03   1.74045515e-03  -2.03952566e-02   2.81058675e-14  -5.45722121e-14   1.92233581e-15
  3.54400000e-05   4.89706717e-03   1.81067200e-03  -2.11972428e-02   3.36138966e-14  -5.42504070e-14   3.13153069e-15
  3.55200000e-05   4.95173550e-03   1.85817692e-03  -2.19833088e-02   3.93946131e-14  -5.32815506e-14   4.36991345e-15
  3.56000000e-05   4.94275601e-03   1.88637023e-03  -2.28095217e-02   4.54832453e-14  -5.17427285e-14   5.57690966e-15
  3.56800000e-05   4.85349165e-03   1.88376995e-03  -2.36162252e-02   5.17234630e-14  -4.94120373e-14   6.68855769e-15
  3.57600000e-05   4.71766078e-03   1.86280756e-03  -2.44521589e-02   5.81177613e-14  -4.62977612e-14   7.68586793e-15
  3.58400000e-05   4.49455376e-03   1.80539109e-03  -2.52147618e-02   6.43129446e-14  -4.22020222e-14   8.44215124e-15
  3.59200000e-05   4.28677689e-03   1.75693738e-03  -2.60028897e-02   7.03674149e-14  -3.71646411e-14   9.08950749e-15
  3.60000000e-05   4.06962914e-03   1.69958271e-03  -2.68303961e-02   7.62250034e-14  -3.11832358e-14   9.58647817e-15
  3.60800000e-05   3.90678107e-03   1.65522874e-03  -2.74934264e-02   8.10796544e-14  -2.39097875e-14   1.00818388e-14
  3.61600000e-05   3.84637867e-03   1.66377653e-03  -2.82701949e-02   8.55180034e-14  -1.56515086e-14   1.07142527e-14
  3.62400000e-05   3.86844431e-03   1.71294452e-03  -2.90769860e-02   8.91142076e-14  -6.33515660e-15   1.14826749e-14
  3.63200000e-05   4.13240596e-03   1.85881785e-03  -2.98776204e-02   9.14500736e-14   4.27763082e-15   1.29146887e-14
  3.64000000e-05   4.66947750e-03   2.13715761e-03  -3.07127419e-02   9.23253598e-14   1.61659017e-14   1.51617941e-14
  3.64800000e-05   5.66079188e-03   2.63958991e-03  -3.14862779e-02   9.09717432e-14   2.95043465e-14   1.88288842e-14
  3.65600000e-05   7.02196549e-03   3.32683038e-03  -3.22978362e-02   8.74137478e-14   4.40403143e-14   2.35412357e-14
  3.66400000e-05   9.13437391e-03   4.39326743e-03  -3.27764926e-02   7.98545171e-14   5.98875274e-14   3.02815482e-14
  3.67200000e-05   1.18979134e-02   5.80651959e-03  -3.29833664e-02   6.82775783e-14   7.65310283e-14   3.81022244e-14
  3.68000000e-05   1.53327413e-02   7.57893734e-03  -3.25186243e-02   5.16617084e-14   9.29638354e-14   4.60254001e-14
  3.68800000e-05   1.93203863e-02   9.63718667e-03  -3.10084876e-02   3.00758900e-14   1.07754108e-13   5.22284184e-14
  3.69600000e-05   2.36126472e-02   1.18718759e-02  -2.84000970e-02   5.27261373e-15   1.19899232e-13   5.45043621e-14
  3.70400000e-05   2.75158050e-02   1.39069433e-02  -2.42104984e-02  -1.97629282e-14   1.26594416e-13   5.02570606e-14
  3.71200000e-05   3.02777990e-02   1.53469416e-02  -1.89345634e-02  -4.00366846e-14   1.26915539e-13   3.88465610e-14
  3.72000000e-05   3.19371159e-02   1.61943981e-02  -1.31168547e-02  -5.27317486e-14   1.22405810e-13   2.27332271e-14
  3.72800000e-05   3.22387873e-02   1.63079679e-02  -7.27682007e-03  -5.63679924e-14   1.13576314e-13   4.80473158e-15
  3.73600000e-05   2.55122080e-02   1.28314945e-02  -1.96579011e-03  -4.27097426e-14   8.34697622e-14  -9.45067646e-15
  3.74400000e-05  -3.07220246e-02  -1.54971722e-02  -2.50331591e-03   4.69115766e-14  -9.44139456e-14   8.76060659e-15
  3.75200000e-05  -2.82221124e-02  -1.41920846e-02  -5.91265523e-03   4.16401687e-14  -8.12155342e-14  -3.81483246e-15
  3.76000000e-05  -2.53941400e-02  -1.27436320e-02  -8.29971898e-03   3.74986714e-14  -6.65796606e-14  -1.25040155e-14
  3.76800000e-05  -2.26058643e-02  -1.13415739e-02  -9.78706690e-03   3.41452581e-14  -5.26747830e-14  -1.78263958e-14
  3.77600000e-05  -2.00739821e-02  -1.00825264e-02  -1.06286979e-02   3.13006221e-14  -4.05204510e-14  -2.06779432e-14
  3.78400000e-05  -1.78621889e-02  -8.99578000e-03  -1.10122817e-02   2.87962702e-14  -3.03772396e-14  -2.18935059e-14
  3.79200000e-05  -1.59620696e-02  -8.06990902e-03  -1.11133197e-02   2.65235676e-14  -2.20597823e-14  -2.20771654e-14
  3.80000000e-05  -1.43559674e-02  -7.28678408e-03  -1.10407823e-02   2.44392297e-14  -1.53429981e-14  -2.16513345e-14
  3.80800000e-05  -1.30069943e-02  -6.62964457e-03  -1.08955993e-02   2.25429332e-14  -9.88318892e-15  -2.08977743e-14
  3.81600000e-05  -1.18191248e-02  -6.06004808e-03  -1.06394837e-02   2.07355669e-14  -5.47120546e-15  -1.99183054e-14
  3.82400000e-05  -1.08257429e-02  -5.59308839e-03  -1.04628235e-02   1.91586608e-14  -1.69277743e-15  -1.89183047e-14
  3.83200000e-05  -9.94657104e-03  -5.17400651e-03  -1.02171455e-02   1.76191912e-14   1.35296572e-15  -1.78377405e-14
  3.84000000e-05  -9.19661645e-03  -4.81884849e-03  -9.97813031e-03   1.62089946e-14   3.85415476e-15  -1.68007923e-14
  3.84800000e-05  -8.52842821e-03  -4.50423252e-03  -9.78463275e-03   1.48935549e-14   6.07062766e-15  -1.57759761e-14
  3.85600000e-05  -7.92521538e-03  -4.22030706e-03  -9.58675253e-03   1.36336561e-14   7.94275606e-15  -1.47673083e-14
  3.86400000e-05  -7.39993665e-03  -3.97835843e-03  -9.40826717e-03   1.24730068e-14   9.53219491e-15  -1.38412256e-14
  3.87200000e-05  -6.92980718e-03  -3.75512482e-03  -9.28108187e-03   1.13686185e-14   1.10063836e-14  -1.29416678e-14
  3.88000000e-05  -6.49209019e-03  -3.54585105e-03  -9.13361329e-03   1.02851661e-14   1.22335696e-14  -1.20599195e-14
  3.88800000e-05  -6.09988978e-03  -3.35856695e-03  -9.06608897e-03   9.26861215e-15   1.34872496e-14  -1.12325550e-14
  3.89600000e-05  -5.74203381e-03  -3.19398767e-03  -9.01841200e-03   8.29475043e-15   1.46366275e-14  -1.04650292e-14
  3.90400000e-05  -5.41228751e-03  -3.03621840e-03  -8.95677259e-03   7.32578290e-15   1.56062638e-14  -9.71703452e-15
  3.91200000e-05  -5.10755899e-03  -2.88702371e-03  -8.92214328e-03   6.36867686e-15   1.65309531e-14  -8.99488428e-15
  3.92000000e-05  -4.83445898e-03  -2.75963054e-03  -8.90984208e-03   5.44636142e-15   1.73932214e-14  -8.34235615e-15
  3.92800000e-05  -4.58466370e-03  -2.64183228e-03  -8.94909596e-03   4.52638040e-15   1.83057240e-14  -7.72285656e-15
  3.93600000e-05  -4.34132745e-03  -2.52503754e-03  -8.97814382e-03   3.58563555e-15   1.91188935e-14  -7.11086202e-15
  3.94400000e-05  -4.11268164e-03  -2.41959099e-03  -9.00428169e-03   2.64830532e-15   1.98417325e-14  -6.54138952e-15
  3.95200000e-05  -3.91417899e-03  -2.32928420e-03  -9.09762251e-03   1.70136466e-15   2.06628196e-14  -6.02234541e-15
  3.96000000e-05  -3.71931269e-03  -2.22608128e-03  -9.17132667e-03   7.07318065e-16   2.13675515e-14  -5.47321508e-15
  3.96800000e-05  -3.54961330e-03  -2.13836940e-03  -9.25437499e-03  -2.93344122e-16   2.20058434e-14  -4.97228217e-15
  3.97600000e-05  -3.38312320e-03  -2.06374731e-03  -9.36716211e-03  -1.31773506e-15   2.26799498e-14  -4.52085967e-15
  3.98400000e-05  -3.23737103e-03  -1.99235712e-03  -9.55083549e-03  -2.42052883e-15   2.34831708e-14  -4.07825187e-15
  3.99200000e-05  -3.10710437e-03  -1.92870339e-03  -9.67376096e-03  -3.51735421e-15   2.40215688e-14  -3.65955854e-15
  4.00000000e-05  -2.98466438e-03  -1.86675364e-03  -9.89333455e-03  -4.73234175e-15   2.47836300e-14  -3.24870039e-15
  4.00800000e-05  -2.87227691e-03  -1.81065261e-03  -1.01583736e-02  -6.04433224e-15   2.56018736e-14  -2.85430567e-15
  4.01600000e-05  -2.77010972e-03  -1.76034461e-03  -1.03708635e-02  -7.36902150e-15   2.61761248e-14  -2.47481824e-15
  4.02400000e-05  -2.67590312e-03  -1.71972939e-03  -1.06770200e-02  -8.84941138e-15   2.69382955e-14  -2.12104229e-15
  4.03200000e-05  -2.60322288e-03  -1.68730005e-03  -1.09596769e-02  -1.03710918e-14   2.75100184e-14  -1.77189457e-15
  4.04000000e-05  -2.55060034e-03  -1.66255548e-03  -1.12472266e-02  -1.19595267e-14   2.79721453e-14  -1.42268588e-15
  4.04800000e-05  -2.51222687e-03  -1.64663218e-03  -1.15013278e-02  -1.35661335e-14   2.82143420e-14  -1.07617474e-15
  4.05600000e-05  -2.48738055e-03  -1.64267032e-03  -1.19016561e-02  -1.54438591e-14   2.87320472e-14  -7.37924733e-16
  4.06400000e-05  -2.47975485e-03  -1.65187628e-03  -1.22303242e-02  -1.72852570e-14   2.88911267e-14  -3.97484724e-16
  4.07200000e-05  -2.49296576e-03  -1.67160101e-03  -1.26621568e-02  -1.93712915e-14   2.91472164e-14  -3.40029067e-17
  4.08000000e-05  -2.52031872e-03  -1.69101167e-03  -1.30466434e-02  -2.14657437e-14   2.90916252e-14   3.76053641e-16
  4.08800000e-05  -2.57122752e-03  -1.74574556e-03  -1.33795550e-02  -2.34720683e-14   2.86994969e-14   7.66094886e-16
  4.09600000e-05  -2.64811126e-03  -1.80407428e-03  -1.38806321e-02  -2.58802911e-14   2.84823192e-14   1.23551081e-15
  4.10400000e-05  -2.74473312e-03  -1.87532863e-03  -1.43460997e-02  -2.82696266e-14   2.79218912e-14   1.75865627e-15
  4.11200000e-05  -2.88853107e-03  -1.97312036e-03  -1.48344946e-02  -3.07241534e-14   2.70890509e-14   2.37943488e-15
  4.12000000e-05  -3.05430465e-03  -2.09177406e-03  -1.52980580e-02  -3.31209259e-14   2.59056296e-14   3.07049915e-15
  4.12800000e-05  -3.23967088e-03  -2.21782259e-03  -1.58148004e-02  -3.56415302e-14   2.45203923e-14   3.86251778e-15
  4.13600000e-05  -3.45742478e-03  -2.36004460e-03  -1.62261985e-02  -3.78539751e-14   2.25844478e-14   4.78096995e-15
  4.14400000e-05  -3.71370789e-03  -2.52646521e-03  -1.66952265e-02  -4.01065707e-14   2.03950317e-14   5.83500620e-15
  4.15200000e-05  -4.00438163e-03  -2.70638759e-03  -1.72511367e-02  -4.24760424e-14   1.79587339e-14   7.04225995e-15
  4.16000000e-05  -4.33077033e-03  -2.90022570e-03  -1.76612882e-02  -4.42861031e-14   1.49112657e-14   8.41087605e-15
  4.16800000e-05  -4.69226449e-03  -3.11172013e-03  -1.81206630e-02  -4.60064231e-14   1.15496824e-14   9.92982020e-15
  4.17600000e-05  -5.09843808e-03  -3.34296387e-03  -1.86151864e-02  -4.75477644e-14   7.81039207e-15   1.16200542e-14
  4.18400000e-05  -5.52109832e-03  -3.57844837e-03  -1.88967791e-02  -4.81626437e-14   3.54629621e-15   1.34001912e-14
  4.19200000e-05  -5.97361046e-03  -3.82713456e-03  -1.93077938e-02  -4.87704480e-14  -9.33997150e-16   1.52741527e-14
  4.20000000e-05  -6.46543406e-03  -4.07355134e-03  -1.95817590e-02  -4.85775113e-14  -5.80807947e-15   1.72473886e-14
  4.20800000e-05  -6.95075437e-03  -4.30850959e-03  -1.97601014e-02  -4.76861878e-14  -1.08612984e-14   1.91421582e-14
  4.21600000e-05  -7.46913497e-03  -4.54760873e-03  -1.99984970e-02  -4.64854153e-14  -1.60962489e-14   2.10218439e-14
  4.22400000e-05  -7.99934748e-03  -4.78449780e-03  -2.00353197e-02  -4.42300526e-14  -2.14097077e-14   2.27720978e-14
  4.23200000e-05  -8.52195830e-03  -4.99945743e-03  -2.00475546e-02  -4.14764472e-14  -2.66633838e-14   2.42804180e-14
  4.24000000e-05  -9.06305671e-03  -5.21229694e-03  -2.00520893e-02  -3.82394053e-14  -3.18698603e-14   2.55674642e-14
  4.24800000e-05  -9.56689913e-03  -5.39560170e-03  -1.99244927e-02  -3.43044254e-14  -3.67704498e-14   2.64290634e-14
  4.25600000e-05  -1.00580285e-02  -5.56202045e-03  -1.97499199e-02  -2.99310672e-14  -4.13758169e-14   2.68953327e-14
  4.26400000e-05  -1.05307990e-02  -5.71996587e-03  -1.95085513e-02  -2.51224420e-14  -4.55976008e-14   2.69305548e-14
  4.27200000e-05  -1.09648115e-02  -5.85194299e-03  -1.91334236e-02  -1.98905890e-14  -4.92559753e-14   2.64636235e-14
  4.28000000e-05  -1.13629214e-02  -5.96560176e-03  -1.88431661e-02  -1.47363730e-14  -5.25122147e-14   2.55113821e-14
  4.28800000e-05  -1.17217664e-02  -6.05433633e-03  -1.84303358e-02  -9.38467583e-15  -5.51285161e-14   2.40783218e-14
  4.29600000e-05  -1.20386110e-02  -6.12752588e-03  -1.79793883e-02  -4.06169364e-15  -5.71581270e-14   2.21995902e-14
  4.30400000e-05  -1.23320588e-02  -6.19952311e-03  -1.75187047e-02   1.15600760e-15  -5.86823619e-14   1.99527711e-14
  4.31200000e-05  -1.25681160e-02  -6.25092587e-03  -1.70321686e-02   6.15354484e-15  -5.95789172e-14   1.73251532e-14
  4.32000000e-05  -1.27717679e-02  -6.29529070e-03  -1.64867052e-02   1.09248493e-14  -5.99085877e-14   1.44123602e-14
  4.32800000e-05  -1.29328225e-02  -6.32897869e-03  -1.59830461e-02   1.53297548e-14  -5.97625218e-14   1.12606026e-14
  4.33600000e-05  -1.30708801e-02  -6.36599372e-03  -1.54519639e-02   1.94215073e-14  -5.91637933e-14   7.94592485e-15
  4.34400000e-05  -1.31597065e-02  -6.39778530e-03  -1.49454172e-02   2.31265913e-14  -5.81017924e-14   4.50864901e-15
  4.35200000e-05  -1.32237642e-02  -6.43140242e-03  -1.44791424e-02   2.64687058e-14  -5.66988783e-14   1.01092868e-15
  4.36000000e-05  -1.32806259e-02  -6.46791048e-03  -1.39552586e-02   2.94156806e-14  -5.49772835e-14  -2.51306702e-15
  4.36800000e-05  -1.33101647e-02  -6.49763565e-03  -1.34573142e-02   3.19500113e-14  -5.29647077e-14  -6.02754284e-15
  4.37600000e-05  -1.33147916e-02  -6.53940402e-03  -1.29325204e-02   3.41003780e-14  -5.06779414e-14  -9.48275282e-15
  4.38400000e-05  -1.33035884e-02  -6.58209266e-03  -1.24543332e-02   3.58948364e-14  -4.82127029e-14  -1.28621619e-14
  4.39200000e-05  -1.32886793e-02  -6.63847891e-03  -1.19979123e-02   3.73757422e-14  -4.56238299e-14  -1.61529284e-14
  4.40000000e-05  -1.32612549e-02  -6.70637586e-03  -1.15654435e-02   3.85576363e-14  -4.29003562e-14  -1.93349030e-14
  4.40800000e-05  -1.32319621e-02  -6.77379102e-03  -1.10938190e-02   3.93206739e-14  -4.01074376e-14  -2.24098002e-14
  4.41600000e-05  -1.32020604e-02  -6.86245835e-03  -1.06984110e-02   3.99279772e-14  -3.72494934e-14  -2.53783922e-14
  4.42400000e-05  -1.31576306e-02  -6.94594682e-03  -1.03410526e-02   4.02660179e-14  -3.42926432e-14  -2.81993069e-14
  4.43200000e-05  -1.30986153e-02  -7.03571353e-03  -9.96219114e-03   4.02759189e-14  -3.12822549e-14  -3.08632687e-14
  4.44000000e-05  -1.30353870e-02  -7.13217157e-03  -9.55660893e-03   3.99504477e-14  -2.82871143e-14  -3.33822382e-14
  4.44800000e-05  -1.29810986e-02  -7.23572926e-03  -9.25838463e-03   3.95926590e-14  -2.52437684e-14  -3.57836871e-14
  4.45600000e-05  -1.29216750e-02  -7.35232276e-03  -8.95893636e-03   3.90053834e-14  -2.21946182e-14  -3.80439012e-14
  4.46400000e-05  -1.28704059e-02  -7.48130634e-03  -8.63309506e-03   3.81332012e-14  -1.92198862e-14  -4.01941503e-14
  4.47200000e-05  -1.28227765e-02  -7.61978094e-03  -8.38276018e-03   3.72210402e-14  -1.61854936e-14  -4.22232245e-14
  4.48000000e-05  -1.27697530e-02  -7.75765881e-03  -8.14386788e-03   3.61051190e-14  -1.31444103e-14  -4.40925131e-14
  4.48800000e-05  -1.27333034e-02  -7.91684969e-03  -7.96029357e-03   3.49508627e-14  -1.00729872e-14  -4.58894648e-14
  4.49600000e-05  -1.26839048e-02  -8.07371000e-03  -7.76516078e-03   3.35477161e-14  -7.01919376e-15  -4.74999956e-14
  4.50400000e-05  -1.26346189e-02  -8.24066886e-03  -7.63777908e-03   3.21288812e-14  -3.86943690e-15  -4.89735848e-14
  4.51200000e-05  -1.25990896e-02  -8.41236494e-03  -7.54704131e-03   3.06088923e-14  -6.86900714e-16  -5.03330645e-14
  4.52000000e-05  -1.25564427e-02  -8.59523228e-03  -7.29416446e-03   2.84850146e-14   2.12162396e-15  -5.15352112e-14
  4.52800000e-05  -1.25122401e-02  -8.78453928e-03  -7.20485945e-03   2.66020206e-14   5.23378138e-15  -5.25794055e-14
  4.53600000e-05  -1.24736597e-02  -8.97154201e-03  -7.08978993e-03   2.44635022e-14   8.23334303e-15  -5.34592971e-14
  4.54400000e-05  -1.24363459e-02  -9.17014794e-03  -6.98239882e-03   2.21710828e-14   1.11933981e-14  -5.41894528e-14
  4.55200000e-05  -1.24059302e-02  -9.37048011e-03  -6.95288814e-03   1.98951200e-14   1.42867377e-14  -5.47529392e-14
  4.56000000e-05  -1.23625270e-02  -9.57752218e-03  -7.01372256e-03   1.76587589e-14   1.75597704e-14  -5.51042574e-14
  4.56800000e-05  -1.23339878e-02  -9.79066620e-03  -6.94647279e-03   1.49276371e-14   2.04317118e-14  -5.53025075e-14
  4.57600000e-05  -1.22947379e-02  -1.00051413e-02  -6.93000344e-03   1.21538001e-14   2.33471521e-14  -5.52697190e-14
  4.58400000e-05  -1.22765729e-02  -1.02266542e-02  -6.94032622e-03   9.27472305e-15   2.62495466e-14  -5.50848530e-14
  4.59200000e-05  -1.22531489e-02  -1.04469519e-02  -7.01597443e-03   6.36971828e-15   2.92325835e-14  -5.46524940e-14
  4.60000000e-05  -1.22364774e-02  -1.06804400e-02  -7.14211363e-03   3.38428591e-15   3.22524981e-14  -5.40291894e-14
  4.60800000e-05  -1.22288383e-02  -1.09119377e-02  -7.19943303e-03   9.81700155e-17   3.49659154e-14  -5.31634079e-14
  4.61600000e-05  -1.22183466e-02  -1.11477280e-02  -7.36087325e-03  -3.16492555e-15   3.78295642e-14  -5.20377846e-14
  4.62400000e-05  -1.22151946e-02  -1.13841872e-02  -7.56688076e-03  -6.52742987e-15   4.06687819e-14  -5.06479767e-14
  4.63200000e-05  -1.22210037e-02  -1.16244574e-02  -7.75000059e-03  -1.00940277e-14   4.32760197e-14  -4.89936865e-14
  4.64000000e-05  -1.22375334e-02  -1.18743077e-02  -7.94905343e-03  -1.38090158e-14   4.57450248e-14  -4.70750649e-14
  4.64800000e-05  -1.22576002e-02  -1.21214085e-02  -8.12643898e-03  -1.76751931e-14   4.79354066e-14  -4.48399594e-14
  4.65600000e-05  -1.23034957e-02  -1.23797110e-02  -8.41353089e-03  -2.15834100e-14   5.02189580e-14  -4.23300036e-14
  4.66400000e-05  -1.23541584e-02  -1.26401259e-02  -8.78784477e-03  -2.55807713e-14   5.24453068e-14  -3.94734307e-14
  4.67200000e-05  -1.24277714e-02  -1.29071194e-02  -8.99286533e-03  -2.98150435e-14   5.39880444e-14  -3.62838297e-14
  4.68000000e-05  -1.25082225e-02  -1.31719084e-02  -9.38748661e-03  -3.40486181e-14   5.56457146e-14  -3.27108390e-14
  4.68800000e-05  -1.26168919e-02  -1.34540430e-02  -9.72996366e-03  -3.84304880e-14   5.68561484e-14  -2.87844601e-14
  4.69600000e-05  -1.27372717e-02  -1.37298211e-02  -1.00973556e-02  -4.28322596e-14   5.77097474e-14  -2.44399013e-14
  4.70400000e-05  -1.28650054e-02  -1.39857683e-02  -1.06070976e-02  -4.72410507e-14   5.83488262e-14  -1.96374918e-14
  4.71200000e-05  -1.30151896e-02  -1.42409429e-02  -1.10959002e-02  -5.16417648e-14   5.84339023e-14  -1.44221290e-14
  4.72000000e-05  -1.31648744e-02  -1.44787049e-02  -1.15679051e-02  -5.59127931e-14   5.78622836e-14  -8.79035855e-15
  4.72800000e-05  -1.33485980e-02  -1.47170718e-02  -1.20897770e-02  -6.01075864e-14   5.67821383e-14  -2.75561716e-15
  4.73600000e-05  -1.35669464e-02  -1.49453185e-02  -1.26600402e-02  -6.41489615e-14   5.51115065e-14   3.68454601e-15
  4.74400000e-05  -1.38046794e-02  -1.51739241e-02  -1.32569127e-02  -6.79881693e-14   5.26968894e-14   1.04802896e-14
  4.75200000e-05  -1.40400431e-02  -1.53607325e-02  -1.38902174e-02  -7.14321054e-14   4.94098381e-14   1.75618943e-14
  4.76000000e-05  -1.42818050e-02  -1.55026330e-02  -1.45121035e-02  -7.43102509e-14   4.52083475e-14   2.48369297e-14
  4.76800000e-05  -1.45359493e-02  -1.56145436e-02  -1.51032832e-02  -7.65317222e-14   4.01021478e-14   3.21972710e-14
  4.77600000e-05  -1.47998493e-02  -1.56929203e-02  -1.57731356e-02  -7.82236847e-14   3.40546072e-14   3.95154471e-14
  4.78400000e-05  -1.50700331e-02  -1.57278807e-02  -1.64095475e-02  -7.90456204e-14   2.70786937e-14   4.66392906e-14
  4.79200000e-05  -1.53248374e-02  -1.57110043e-02  -1.70202416e-02  -7.89151914e-14   1.91933417e-14   5.33374218e-14
  4.80000000e-05  -1.55578220e-02  -1.56280123e-02  -1.75996498e-02  -7.77299757e-14   1.04936171e-14   5.93940652e-14
  4.80800000e-05  -1.57549361e-02  -1.54766983e-02  -1.80979486e-02  -7.53534752e-14   1.20227170e-15   6.45698593e-14
  4.81600000e-05  -1.59232950e-02  -1.52625902e-02  -1.86370526e-02  -7.21028537e-14  -8.69507473e-15   6.87246206e-14
  4.82400000e-05  -1.60579178e-02  -1.49968920e-02  -1.90666598e-02  -6.76684125e-14  -1.87279794e-14   7.17207580e-14
  4.83200000e-05  -1.61362732e-02  -1.46726246e-02  -1.93074352e-02  -6.19496275e-14  -2.84372482e-14   7.33854688e-14
  4.84000000e-05  -1.61575694e-02  -1.42965755e-02  -1.94772660e-02  -5.54044148e-14  -3.77654088e-14   7.36816295e-14
  4.84800000e-05  -1.61218027e-02  -1.38737070e-02  -1.95200014e-02  -4.80863287e-14  -4.63065487e-14   7.26271359e-14
  4.85600000e-05  -1.60243087e-02  -1.34184601e-02  -1.95609648e-02  -4.04437999e-14  -5.41964583e-14   7.03092595e-14
  4.86400000e-05  -1.58738789e-02  -1.29389525e-02  -1.94728888e-02  -3.24197007e-14  -6.08743211e-14   6.68763820e-14
  4.87200000e-05  -1.56668690e-02  -1.24430385e-02  -1.93522264e-02  -2.43767355e-14  -6.64959803e-14   6.24899242e-14
  4.88000000e-05  -1.54144948e-02  -1.19489467e-02  -1.90110566e-02  -1.62610057e-14  -7.03490649e-14   5.74009346e-14
  4.88800000e-05  -1.51184047e-02  -1.14580038e-02  -1.86362604e-02  -8.52099229e-15  -7.30125153e-14   5.18023182e-14
  4.89600000e-05  -1.47821019e-02  -1.09780862e-02  -1.82401919e-02  -1.26439107e-15  -7.45590901e-14   4.58989950e-14
  4.90400000e-05  -1.44268379e-02  -1.05178104e-02  -1.77671899e-02   5.44989111e-15  -7.48743390e-14   3.98987914e-14
  4.91200000e-05  -1.40579281e-02  -1.00732688e-02  -1.74282567e-02   1.15345300e-14  -7.47724471e-14   3.39133958e-14
  4.92000000e-05  -1.36792605e-02  -9.67142637e-03  -1.68636907e-02   1.70046536e-14  -7.31356833e-14   2.81501421e-14
  4.92800000e-05  -1.32918629e-02  -9.29139368e-03  -1.63943529e-02   2.18358023e-14  -7.11599824e-14   2.26258957e-14
  4.93600000e-05  -1.29037419e-02  -8.93884004e-03  -1.59569851e-02   2.60809656e-14  -6.87368628e-14   1.74146789e-14
  4.94400000e-05  -1.25137161e-02  -8.61021821e-03  -1.54366182e-02   2.96431420e-14  -6.56058200e-14   1.25632805e-14
  4.95200000e-05  -1.21244584e-02  -8.30523908e-03  -1.48988409e-02   3.25791410e-14  -6.20872320e-14   8.09760084e-15
  4.96000000e-05  -1.17358729e-02  -8.02107120e-03  -1.44276519e-02   3.50384912e-14  -5.85147172e-14   4.02999974e-15
  4.96800000e-05  -1.13649519e-02  -7.76695668e-03  -1.40372746e-02   3.71495641e-14  -5.50019597e-14   3.55826149e-16
  4.97600000e-05  -1.10147217e-02  -7.53817835e-03  -1.36273291e-02   3.87994051e-14  -5.13263177e-14  -2.96886573e-15
  4.98400000e-05  -1.06601020e-02  -7.33410103e-03  -1.31845503e-02   3.99732951e-14  -4.74887917e-14  -5.90325835e-15
  4.99200000e-05  -1.03318815e-02  -7.14379075e-03  -1.27742444e-02   4.08203837e-14  -4.37512000e-14  -8.54860343e-15
  5.00000000e-05  -1.00077619e-02  -6.96756689e-03  -1.24128756e-02   4.14381704e-14  -4.01361010e-14  -1.08800233e-14
  5.00800000e-05  -9.69778548e-03  -6.80920921e-03  -1.20987514e-02   4.18831982e-14  -3.66639451e-14  -1.29370208e-14
  5.01600000e-05  -9.39424128e-03  -6.65957318e-03  -1.17489180e-02   4.19557943e-14  -3.31861013e-14  -1.47364706e-14
  5.02400000e-05  -9.11102554e-03  -6.52118248e-03  -1.14538795e-02   4.19382408e-14  -2.99011059e-14  -1.63359337e-14
  5.03200000e-05  -8.82904059e-03  -6.39581395e-03  -1.11621332e-02   4.17146659e-14  -2.67117575e-14  -1.76899024e-14
  5.04000000e-05  -8.54913427e-03  -6.27018970e-03  -1.08519239e-02   4.12248196e-14  -2.36055026e-14  -1.88377233e-14
  5.04800000e-05  -8.29701313e-03  -6.16494437e-03  -1.05910353e-02   4.07277029e-14  -2.07051293e-14  -1.98538018e-14
  5.05600000e-05  -8.05236034e-03  -6.06687367e-03  -1.03362478e-02   4.00942697e-14  -1.79344947e-14  -2.07084039e-14
  5.06400000e-05  -7.81673445e-03  -5.97310280e-03  -1.01394509e-02   3.95167388e-14  -1.53297761e-14  -2.14336583e-14
  5.07200000e-05  -7.59286547e-03  -5.88712047e-03  -9.89677534e-03   3.86664036e-14  -1.28130409e-14  -2.20432290e-14
  5.08000000e-05  -7.38012331e-03  -5.81564871e-03  -9.70773643e-03   3.78974586e-14  -1.04575835e-14  -2.25459649e-14
  5.08800000e-05  -7.18104479e-03  -5.74329548e-03  -9.52640978e-03   3.70562307e-14  -8.22507288e-15  -2.29743873e-14
  5.09600000e-05  -6.98163405e-03  -5.67300159e-03  -9.36491090e-03   3.61998414e-14  -6.10006294e-15  -2.32920933e-14
  5.10400000e-05  -6.79351097e-03  -5.60147871e-03  -9.20915867e-03   3.52876397e-14  -4.08898944e-15  -2.35442333e-14
  5.11200000e-05  -6.60959684e-03  -5.54196861e-03  -9.02930348e-03   3.42291820e-14  -2.18415810e-15  -2.37157338e-14
  5.12000000e-05  -6.43945625e-03  -5.48591196e-03  -8.89224705e-03   3.32640922e-14  -3.81480539e-16  -2.38533519e-14
  5.12800000e-05  -6.27571786e-03  -5.43409553e-03  -8.81949088e-03   3.24765044e-14   1.33439768e-15  -2.39316108e-14
  5.13600000e-05  -6.11060720e-03  -5.37899794e-03  -8.67228126e-03   3.13774585e-14   2.94661760e-15  -2.39366284e-14
  5.14400000e-05  -5.95460793e-03  -5.32394967e-03  -8.54612830e-03   3.03138969e-14   4.46976334e-15  -2.39060495e-14
  5.15200000e-05  -5.80665617e-03  -5.27625260e-03  -8.40526260e-03   2.91652118e-14   5.88925665e-15  -2.38452469e-14
  5.16000000e-05  -5.65772749e-03  -5.22515246e-03  -8.36086216e-03   2.83239693e-14   7.29212156e-15  -2.37238389e-14
  5.16800000e-05  -5.51631992e-03  -5.17549066e-03  -8.20061010e-03   2.70554426e-14   8.51787521e-15  -2.35751558e-14
  5.17600000e-05  -5.38784273e-03  -5.13335284e-03  -8.15840072e-03   2.61711956e-14   9.76855370e-15  -2.34300478e-14
  5.18400000e-05  -5.25305575e-03  -5.08616297e-03  -8.11419969e-03   2.52579169e-14   1.09529648e-14  -2.32173001e-14
  5.19200000e-05  -5.13147302e-03  -5.05294825e-03  -8.05986012e-03   2.42847808e-14   1.20644549e-14  -2.30249360e-14
  5.20000000e-05  -5.00031639e-03  -5.00087733e-03  -8.09184428e-03   2.35866207e-14   1.32183152e-14  -2.27443500e-14
  5.20800000e-05  -4.88502989e-03  -4.96234078e-03  -8.03978397e-03   2.25861449e-14   1.42172117e-14  -2.24986943e-14
  5.21600000e-05  -4.77053556e-03  -4.92041152e-03  -8.07452488e-03   2.18496833e-14   1.52811706e-14  -2.22210399e-14
  5.22400000e-05  -4.65717491e-03  -4.87732353e-03  -8.06679396e-03   2.09586192e-14   1.62385186e-14  -2.19180588e-14
  5.23200000e-05  -4.54735111e-03  -4.84055695e-03  -8.06606111e-03   2.00673316e-14   1.71578049e-14  -2.16098703e-14
  5.24000000e-05  -4.43651546e-03  -4.79968976e-03  -8.08459583e-03   1.92220594e-14   1.80572221e-14  -2.12685991e-14
  5.24800000e-05  -4.33271998e-03  -4.76150353e-03  -8.08099646e-03   1.82946639e-14   1.88743448e-14  -2.09300816e-14
  5.25600000e-05  -4.22551010e-03  -4.72223262e-03  -8.12897505e-03   1.75007808e-14   1.97339577e-14  -2.05607797e-14
  5.26400000e-05  -4.12797611e-03  -4.67701059e-03  -8.17439024e-03   1.66867688e-14   2.05591516e-14  -2.01896347e-14
  5.27200000e-05  -4.03362380e-03  -4.63793440e-03  -8.26384223e-03   1.59619369e-14   2.14355431e-14  -1.98214204e-14
  5.28000000e-05  -3.94414828e-03  -4.60192007e-03  -8.28593313e-03   1.50298158e-14   2.21495210e-14  -1.94558833e-14
  5.28800000e-05  -3.85002956e-03  -4.55944239e-03  -8.33514007e-03   1.41619146e-14   2.28661778e-14  -1.90495671e-14
  5.29600000e-05  -3.76390103e-03  -4.52254511e-03  -8.41573634e-03   1.33422569e-14   2.36202767e-14  -1.86606014e-14
  5.30400000e-05  -3.67853233e-03  -4.49293378e-03  -8.48980585e-03   1.24692704e-14   2.43246181e-14  -1.82757433e-14
  5.31200000e-05  -3.59127081e-03  -4.45394218e-03  -8.56680175e-03   1.15944531e-14   2.49923448e-14  -1.78541869e-14
  5.32000000e-05  -3.51080061e-03  -4.42226322e-03  -8.71115115e-03   1.08234850e-14   2.57868733e-14  -1.74529676e-14
  5.32800000e-05  -3.43063308e-03  -4.38778702e-03  -8.80335792e-03   9.91198716e-15   2.64283345e-14  -1.70351240e-14
  5.33600000e-05  -3.35286839e-03  -4.36038595e-03  -8.87992721e-03   8.92423233e-15   2.70011440e-14  -1.66281977e-14
  5.34400000e-05  -3.27872184e-03  -4.32614235e-03  -9.07477846e-03   8.14220020e-15   2.78159919e-14  -1.62022633e-14
  5.35200000e-05  -3.20353292e-03  -4.29651240e-03  -9.08847216e-03   6.98782971e-15   2.81603187e-14  -1.57756880e-14
  5.36000000e-05  -3.13051630e-03  -4.26673541e-03  -9.28163846e-03   6.11085141e-15   2.88944322e-14  -1.53437367e-14
  5.36800000e-05  -3.05748885e-03  -4.23787419e-03  -9.51450280e-03   5.23438376e-15   2.96875151e-14  -1.49052480e-14
  5.37600000e-05  -2.99792122e-03  -4.21539665e-03  -9.66939129e-03   4.16691087e-15   3.02801416e-14  -1.44926266e-14
  5.38400000e-05  -2.93000509e-03  -4.18509315e-03  -9.86145204e-03   3.11527699e-15   3.08998843e-14  -1.40391771e-14
  5.39200000e-05  -2.85360108e-03  -4.15048249e-03  -1.00017001e-02   1.96101416e-15   3.13213848e-14  -1.35571763e-14
  5.40000000e-05  -2.79765340e-03  -4.12905131e-03  -1.01478756e-02   7.40838726e-16   3.17502365e-14  -1.31230388e-14
  5.40800000e-05  -2.72408575e-03  -4.10384291e-03  -1.04046670e-02  -4.15453656e-16   3.23551093e-14  -1.26528369e-14
  5.41600000e-05  -2.68040919e-03  -4.08647638e-03  -1.05149656e-02  -1.77470939e-15   3.26067835e-14  -1.22197169e-14
  5.42400000e-05  -2.62703917e-03  -4.06824604e-03  -1.07198843e-02  -3.10212910e-15   3.30038706e-14  -1.17649079e-14
  5.43200000e-05  -2.56964869e-03  -4.04879553e-03  -1.07943024e-02  -4.54858848e-15   3.29996727e-14  -1.12949080e-14
  5.44000000e-05  -2.51171521e-03  -4.02360603e-03  -1.10063430e-02  -5.94016442e-15   3.32582575e-14  -1.08026911e-14
  5.44800000e-05  -2.46007227e-03  -4.00190022e-03  -1.11864327e-02  -7.40197186e-15   3.33767440e-14  -1.03125828e-14
  5.45600000e-05  -2.41282006e-03  -3.98985477e-03  -1.13791244e-02  -8.92895284e-15   3.34537454e-14  -9.83657667e-15
  5.46400000e-05  -2.36252935e-03  -3.98658586e-03  -1.15726778e-02  -1.05222027e-14   3.34356454e-14  -9.36991939e-15
  5.47200000e-05  -2.31610515e-03  -3.96595367e-03  -1.17476194e-02  -1.21004133e-14   3.32917019e-14  -8.85349743e-15
  5.48000000e-05  -2.26275375e-03  -3.93595103e-03  -1.19222293e-02  -1.36815255e-14   3.30326663e-14  -8.30859992e-15
  5.48800000e-05  -2.21225343e-03  -3.91660687e-03  -1.21198993e-02  -1.53231339e-14   3.27318713e-14  -7.78052804e-15
  5.49600000e-05  -2.16340842e-03  -3.89139651e-03  -1.22574957e-02  -1.69394222e-14   3.22011956e-14  -7.23318478e-15
  5.50400000e-05  -2.10923570e-03  -3.85387958e-03  -1.24199719e-02  -1.85357215e-14   3.16055146e-14  -6.65924546e-15
  5.51200000e-05  -2.05058417e-03  -3.81169251e-03  -1.25941996e-02  -2.01241966e-14   3.09141759e-14  -6.07970143e-15
  5.52000000e-05  -1.98681853e-03  -3.76803006e-03  -1.26979070e-02  -2.16383093e-14   2.99652550e-14  -5.50630806e-15
  5.52800000e-05  -1.92807735e-03  -3.72717902e-03  -1.28018057e-02  -2.31254645e-14   2.89343867e-14  -4.94117440e-15
  5.53600000e-05  -1.86421074e-03  -3.65869147e-03  -1.29025597e-02  -2.44891937e-14   2.77875129e-14  -4.34122530e-15
  5.54400000e-05  -1.78920884e-03  -3.57204594e-03  -1.30034233e-02  -2.57503738e-14   2.65178028e-14  -3.74132351e-15
  5.55200000e-05  -1.71236376e-03  -3.48394373e-03  -1.30292646e-02  -2.68540082e-14   2.50424493e-14  -3.16692115e-15
  5.56000000e-05  -1.62960708e-03  -3.38073488e-03  -1.30797538e-02  -2.78659391e-14   2.35219627e-14  -2.60792281e-15
  5.56800000e-05  -1.53523614e-03  -3.25391200e-03  -1.31063306e-02  -2.86937177e-14   2.18728698e-14  -2.06928712e-15
  5.57600000e-05  -1.42762319e-03  -3.10993767e-03  -1.32065471e-02  -2.94955924e-14   2.02221718e-14  -1.57354543e-15
  5.58400000e-05  -1.31820136e-03  -2.93495379e-03  -1.31456950e-02  -2.98638357e-14   1.83354120e-14  -1.09899387e-15
  5.59200000e-05  -1.20005520e-03  -2.75069985e-03  -1.30777112e-02  -3.00831713e-14   1.64086575e-14  -6.90780314e-16
  5.60000000e-05  -1.06657379e-03  -2.52488888e-03  -1.30090025e-02  -3.00667158e-14   1.44402019e-14  -3.37576559e-16
  5.60800000e-05  -9.26180716e-04  -2.29492177e-03  -1.29508054e-02  -2.99458753e-14   1.24800106e-14  -6.99072885e-17
  5.61600000e-05  -7.68207159e-04  -2.02414838e-03  -1.27999563e-02  -2.94257159e-14   1.04372057e-14   1.15515436e-16
  5.62400000e-05  -5.95484883e-04  -1.72431432e-03  -1.26929707e-02  -2.87879591e-14   8.43537319e-15   2.04645526e-16
  5.63200000e-05  -4.17549352e-04  -1.40201633e-03  -1.25134468e-02  -2.78425599e-14   6.44774321e-15   2.06641831e-16
  5.64000000e-05  -2.21141967e-04  -1.04745660e-03  -1.23323015e-02  -2.66944521e-14   4.49398194e-15   9.69821061e-17
  5.64800000e-05  -5.64193679e-06  -6.75198349e-04  -1.21043711e-02  -2.53061065e-14   2.57012393e-15  -1.31569659e-16
  5.65600000e-05   2.14446403e-04  -2.74034524e-04  -1.18392657e-02  -2.36682440e-14   7.41785457e-16  -4.45876015e-16
  5.66400000e-05   4.44212583e-04   1.42038570e-04  -1.15801032e-02  -2.19133589e-14  -9.92939258e-16  -8.52775249e-16
  5.67200000e-05   6.86618656e-04   5.73582940e-04  -1.12474088e-02  -1.98947056e-14  -2.63376644e-15  -1.34882263e-15
  5.68000000e-05   9.48187602e-04   1.04456256e-03  -1.08883320e-02  -1.76384083e-14  -4.19198610e-15  -1.93815838e-15
  5.68800000e-05   1.22775012e-03   1.52478616e-03  -1.05703405e-02  -1.53708102e-14  -5.67455441e-15  -2.60388927e-15
  5.69600000e-05   1.50903694e-03   2.01181402e-03  -1.00801633e-02  -1.27047734e-14  -6.99204046e-15  -3.29743243e-15
  5.70400000e-05   1.79524763e-03   2.51019466e-03  -9.62371709e-03  -1.00258834e-14  -8.19554949e-15  -4.00794906e-15
  5.71200000e-05   2.09406671e-03   3.02127009e-03  -9.13323388e-03  -7.21052965e-15  -9.30523113e-15  -4.73139604e-15
  5.72000000e-05   2.39717020e-03   3.52305420e-03  -8.58711956e-03  -4.29685730e-15  -1.02970453e-14  -5.42409438e-15
  5.72800000e-05   2.70037535e-03   4.03639148e-03  -8.00049391e-03  -1.26020591e-15  -1.11788336e-14  -6.06527277e-15
  5.73600000e-05   3.01670160e-03   4.54101610e-03  -7.37846337e-03   1.81790467e-15  -1.20098045e-14  -6.64808339e-15
  5.74400000e-05   3.32150879e-03   5.03399233e-03  -6.68961733e-03   4.96785766e-15  -1.27252801e-14  -7.10925264e-15
  5.75200000e-05   3.62054567e-03   5.52476374e-03  -5.98955781e-03   8.11383104e-15  -1.33856967e-14  -7.44233841e-15
  5.76000000e-05   3.91411297e-03   5.98593416e-03  -5.21240471e-03   1.12586153e-14  -1.39992502e-14  -7.62241233e-15
  5.76800000e-05   4.20788332e-03   6.44222801e-03  -4.39656734e-03   1.44026030e-14  -1.46283843e-14  -7.65026699e-15
  5.77600000e-05   4.48997238e-03   6.88461588e-03  -3.56246752e-03   1.74717464e-14  -1.52694710e-14  -7.48828828e-15
  5.78400000e-05   4.74753834e-03   7.27817520e-03  -2.68725942e-03   2.03646949e-14  -1.59078056e-14  -7.10672977e-15
  5.79200000e-05   4.99688197e-03   7.67862239e-03  -1.76144022e-03   2.32543297e-14  -1.66304271e-14  -6.52853769e-15
  5.80000000e-05   5.22880340e-03   8.02962157e-03  -7.87333984e-04   2.59247586e-14  -1.74440273e-14  -5.73260139e-15
  5.80800000e-05  -6.19851513e-03  -1.00961207e-02  -3.34018099e-04  -3.42744648e-14   2.08299076e-14   6.43535925e-15
  5.81600000e-05  -1.05289237e-02  -1.68738380e-02  -1.82424536e-03  -5.82405924e-14   3.46335715e-14   1.57925466e-14
  5.82400000e-05  -1.07951944e-02  -1.72132867e-02  -3.31263549e-03  -6.05649415e-14   3.38409508e-14   2.15225391e-14
  5.83200000e-05  -1.10427642e-02  -1.74754729e-02  -4.83294831e-03  -6.26218805e-14   3.19665774e-14   2.74961773e-14
  5.84000000e-05  -1.12546813e-02  -1.76478885e-02  -6.33862819e-03  -6.42486149e-14   2.89269893e-14   3.35399703e-14
  5.84800000e-05  -1.14523332e-02  -1.77401414e-02  -7.79532430e-03  -6.53474271e-14   2.48097060e-14   3.95432959e-14
  5.85600000e-05  -1.16056409e-02  -1.77423949e-02  -9.22693953e-03  -6.58602355e-14   1.95341374e-14   4.52769696e-14
  5.86400000e-05  -1.17359326e-02  -1.76582519e-02  -1.05301720e-02  -6.55332941e-14   1.33754157e-14   5.06077075e-14
  5.87200000e-05  -1.18345517e-02  -1.75018595e-02  -1.17376096e-02  -6.44031043e-14   6.41444720e-15   5.53704830e-14
  5.88000000e-05  -1.18959133e-02  -1.72610342e-02  -1.28358605e-02  -6.23762129e-14  -1.16585485e-15   5.93762980e-14
  5.88800000e-05  -1.19189440e-02  -1.69491808e-02  -1.37481106e-02  -5.93268552e-14  -8.98310050e-15   6.25082007e-14
  5.89600000e-05  -1.19096628e-02  -1.65651926e-02  -1.45105485e-02  -5.53679786e-14  -1.68383829e-14   6.46664056e-14
  5.90400000e-05  -1.18671539e-02  -1.61401953e-02  -1.51447142e-02  -5.06657735e-14  -2.45451874e-14   6.58594565e-14
  5.91200000e-05  -1.17936309e-02  -1.56645546e-02  -1.56112389e-02  -4.52248081e-14  -3.17656738e-14   6.60395907e-14
  5.92000000e-05  -1.16796727e-02  -1.51499080e-02  -1.58742804e-02  -3.91595872e-14  -3.81635126e-14   6.52341295e-14
  5.92800000e-05  -1.15423302e-02  -1.46219324e-02  -1.59306271e-02  -3.26730880e-14  -4.35027344e-14   6.36018661e-14
  5.93600000e-05  -1.13760008e-02  -1.40746135e-02  -1.58003413e-02  -2.60015020e-14  -4.76894623e-14   6.12014536e-14
  5.94400000e-05  -1.11695508e-02  -1.35050653e-02  -1.55211228e-02  -1.93935282e-14  -5.07520240e-14   5.81160533e-14
  5.95200000e-05  -1.09501222e-02  -1.29477946e-02  -1.51409231e-02  -1.30708576e-14  -5.28065782e-14   5.46106874e-14
  5.96000000e-05  -1.06873284e-02  -1.23709151e-02  -1.46080328e-02  -7.13616144e-15  -5.36735740e-14   5.06747034e-14
  5.96800000e-05  -1.04264422e-02  -1.18176599e-02  -1.39858506e-02  -1.75686382e-15  -5.36163932e-14   4.66141217e-14
  5.97600000e-05  -1.01215132e-02  -1.12730913e-02  -1.32686251e-02   2.98952944e-15  -5.26608230e-14   4.24604434e-14
  5.98400000e-05  -9.79369144e-03  -1.07183150e-02  -1.25365714e-02   7.02000046e-15  -5.11664901e-14   3.82614051e-14
  5.99200000e-05  -9.46442623e-03  -1.01837298e-02  -1.17130517e-02   1.03516863e-14  -4.89658414e-14   3.42081754e-14
  6.00000000e-05  -9.10668944e-03  -9.64960730e-03  -1.09445402e-02   1.29888044e-14  -4.66232930e-14   3.02992594e-14
  6.00800000e-05  -8.73158872e-03  -9.12540032e-03  -1.01008808e-02   1.49582422e-14  -4.37722796e-14   2.66145460e-14
  6.01600000e-05  -8.33640682e-03  -8.60584195e-03  -9.35260701e-03   1.63653315e-14  -4.10471162e-14   2.31825130e-14
  6.02400000e-05  -7.93991887e-03  -8.10328932e-03  -8.53195113e-03   1.72019665e-14  -3.79637802e-14   2.00480844e-14
  6.03200000e-05  -7.52833025e-03  -7.61663245e-03  -7.81536030e-03   1.76489555e-14  -3.51241962e-14   1.72302903e-14
  6.04000000e-05  -7.09881331e-03  -7.12055967e-03  -7.08482419e-03   1.76449472e-14  -3.21733912e-14   1.46558846e-14
  6.04800000e-05  -6.67874309e-03  -6.65329161e-03  -6.37798305e-03   1.73310383e-14  -2.92974492e-14   1.24137866e-14
  6.05600000e-05  -6.25298924e-03  -6.18567408e-03  -5.74729318e-03   1.67869798e-14  -2.66485351e-14   1.04171384e-14
  6.06400000e-05  -5.81639417e-03  -5.73789039e-03  -5.12903893e-03   1.60238080e-14  -2.40354620e-14   8.71743496e-15
  6.07200000e-05  -5.38356592e-03  -5.29457461e-03  -4.56688299e-03   1.51201526e-14  -2.16152255e-14   7.23536941e-15
  6.08000000e-05  -4.95469775e-03  -4.85761430e-03  -4.03237418e-03   1.40820845e-14  -1.93079026e-14   5.95626070e-15
  6.08800000e-05  -4.53242294e-03  -4.43100178e-03  -3.52037467e-03   1.29412607e-14  -1.71052935e-14   4.86832250e-15
  6.09600000e-05  -4.11547014e-03  -4.01638058e-03  -3.03625570e-03   1.17379332e-14  -1.50195913e-14   3.95792793e-15
  6.10400000e-05  -3.69876724e-03  -3.60740721e-03  -2.60692201e-03   1.05331184e-14  -1.31109470e-14   3.19801342e-15
  6.11200000e-05  -3.29360941e-03  -3.22217715e-03  -2.17424675e-03   9.28117349e-15  -1.12401413e-14   2.59821761e-15
  6.12000000e-05  -2.88488378e-03  -2.84191259e-03  -1.80643368e-03   8.08778616e-15  -9.55594375e-15   2.11733967e-15
  6.12800000e-05  -2.49301362e-03  -2.47120202e-03  -1.45801626e-03   6.89683810e-15  -7.96949663e-15   1.71488135e-15
  6.13600000e-05  -2.11075038e-03  -2.10391854e-03  -1.13400156e-03   5.71884928e-15  -6.47730302e-15   1.37270942e-15
  6.14400000e-05  -1.73555717e-03  -1.75994462e-03  -7.98071130e-04   4.52985268e-15  -4.98035073e-15   1.13188302e-15
  6.15200000e-05  -1.37080214e-03  -1.41527445e-03  -4.96372601e-04   3.38289860e-15  -3.59677543e-15   9.12902433e-16
  6.16000000e-05  -1.14343403e-03  -1.18130907e-03  -2.12505457e-04   2.44682952e-15  -2.50108926e-15   7.37728354e-16
  6.16800000e-05  -1.82047850e-03  -1.67527635e-03  -5.78740189e-05   3.01021799e-15  -3.29290451e-15   6.30471507e-16
  6.17600000e-05  -2.78557988e-03  -2.47481461e-03  -2.97334221e-04   4.86506765e-15  -5.55501579e-15   6.57844453e-16
  6.18400000e-05  -3.06887861e-03  -2.73007466e-03  -5.42518974e-04   5.80173694e-15  -6.64212599e-15   6.05828455e-16
  6.19200000e-05  -3.34219606e-03  -2.97653604e-03  -7.78579059e-04   6.72000471e-15  -7.67760044e-15   5.04869923e-16
  6.20000000e-05  -3.60130783e-03  -3.21264634e-03  -1.00880941e-03   7.62492409e-15  -8.65909113e-15   3.55764520e-16
  6.20800000e-05  -3.85408318e-03  -3.44277548e-03  -1.23861827e-03   8.53584710e-15  -9.60986003e-15   1.50753275e-16
  6.21600000e-05  -4.10336774e-03  -3.67410869e-03  -1.45521139e-03   9.43981066e-15  -1.05016283e-14  -1.03689955e-16
  6.22400000e-05  -4.34166894e-03  -3.89606489e-03  -1.69743061e-03   1.04002977e-14  -1.14070199e-14  -4.19551695e-16
  6.23200000e-05  -4.57309251e-03  -4.10191728e-03  -1.87508804e-03   1.12127424e-14  -1.21244900e-14  -8.23029706e-16
  6.24000000e-05  -4.78626130e-03  -4.30896304e-03  -2.10358359e-03   1.21546546e-14  -1.28909744e-14  -1.24959175e-15
  6.24800000e-05  -4.99212976e-03  -4.50730676e-03  -2.34337426e-03   1.31260729e-14  -1.36296024e-14  -1.74716449e-15
  6.25600000e-05  -5.18853543e-03  -4.69731275e-03  -2.55998686e-03   1.40482002e-14  -1.42582673e-14  -2.31018506e-15
  6.26400000e-05  -5.36892599e-03  -4.87956612e-03  -2.78778648e-03   1.49997027e-14  -1.48343423e-14  -2.92244042e-15
  6.27200000e-05  -5.53440812e-03  -5.05338263e-03  -3.00661679e-03   1.59303697e-14  -1.53140868e-14  -3.58450307e-15
  6.28000000e-05  -5.69474293e-03  -5.21924631e-03  -3.21743834e-03   1.68397243e-14  -1.57135151e-14  -4.31560566e-15
  6.28800000e-05  -5.83272679e-03  -5.37118598e-03  -3.44276097e-03   1.77728998e-14  -1.60417107e-14  -5.08355286e-15
  6.29600000e-05  -5.96287822e-03  -5.52106119e-03  -3.65799300e-03   1.86850739e-14  -1.62735467e-14  -5.89655941e-15
  6.30400000e-05  -6.07542972e-03  -5.65904867e-03  -3.88489569e-03   1.96144655e-14  -1.64285080e-14  -6.74318747e-15
  6.31200000e-05  -6.17870752e-03  -5.78698025e-03  -4.09029446e-03   2.04729344e-14  -1.64595840e-14  -7.63881094e-15
  6.32000000e-05  -6.26035040e-03  -5.90498841e-03  -4.34918375e-03   2.14645051e-14  -1.64667609e-14  -8.53937037e-15
  6.32800000e-05  -6.33545883e-03  -6.01859641e-03  -4.51252264e-03   2.21763717e-14  -1.62409030e-14  -9.47364765e-15
  6.33600000e-05  -6.39109372e-03  -6.12148339e-03  -4.71631562e-03   2.29780592e-14  -1.59716390e-14  -1.04074474e-14
  6.34400000e-05  -6.43448933e-03  -6.20824370e-03  -4.92644707e-03   2.37645061e-14  -1.56145983e-14  -1.13617844e-14
  6.35200000e-05  -6.46206785e-03  -6.29540646e-03  -5.10433537e-03   2.44398351e-14  -1.51181725e-14  -1.22948098e-14
  6.36000000e-05  -6.48345075e-03  -6.36381074e-03  -5.34263716e-03   2.52575951e-14  -1.46065420e-14  -1.32524637e-14
  6.36800000e-05  -6.48697067e-03  -6.43012084e-03  -5.48800656e-03   2.57624052e-14  -1.38934006e-14  -1.41734018e-14
  6.37600000e-05  -6.47906124e-03  -6.48075625e-03  -5.70682520e-03   2.64553385e-14  -1.31663847e-14  -1.50832776e-14
  6.38400000e-05  -6.46347460e-03  -6.52535639e-03  -5.86095144e-03   2.69054110e-14  -1.23015802e-14  -1.59752639e-14
  6.39200000e-05  -6.43501892e-03  -6.55683188e-03  -6.08073579e-03   2.75261067e-14  -1.14039864e-14  -1.68329951e-14
  6.40000000e-05  -6.39912303e-03  -6.58423995e-03  -6.22902451e-03   2.78739915e-14  -1.03815899e-14  -1.76615491e-14
  6.40800000e-05  -6.34940711e-03  -6.59838017e-03  -6.44513493e-03   2.84021577e-14  -9.32057903e-15  -1.84381148e-14
  6.41600000e-05  -6.29338801e-03  -6.60345702e-03  -6.66932068e-03   2.89168416e-14  -8.18637615e-15  -1.91813421e-14
  6.42400000e-05  -6.22396345e-03  -6.59545653e-03  -6.83580249e-03   2.91857027e-14  -6.95726488e-15  -1.98607858e-14
  6.43200000e-05  -6.14748520e-03  -6.58136789e-03  -7.07224707e-03   2.96545102e-14  -5.68143391e-15  -2.04898180e-14
  6.44000000e-05  -6.05308488e-03  -6.54270654e-03  -7.28371200e-03   2.99810102e-14  -4.32617042e-15  -2.10294883e-14
  6.44800000e-05  -5.94787806e-03  -6.48558804e-03  -7.52111055e-03   3.03496211e-14  -2.90548015e-15  -2.14957747e-14
  6.45600000e-05  -5.82471072e-03  -6.41612709e-03  -7.76171208e-03   3.06855209e-14  -1.41786479e-15  -2.18556267e-14
  6.46400000e-05  -5.67829473e-03  -6.31383946e-03  -8.06888575e-03   3.12036478e-14   1.56208154e-16  -2.20810887e-14
  6.47200000e-05  -5.51401712e-03  -6.19007349e-03  -8.36033670e-03   3.16218660e-14   1.79525921e-15  -2.21852664e-14
  6.48000000e-05  -5.32760273e-03  -6.02568419e-03  -8.65639663e-03   3.20081456e-14   3.50148330e-15  -2.21368688e-14
  6.48800000e-05  -5.11360201e-03  -5.84246529e-03  -9.01135916e-03   3.25618302e-14   5.30634439e-15  -2.19179338e-14
  6.49600000e-05  -4.87082169e-03  -5.61344907e-03  -9.37314084e-03   3.30942723e-14   7.18637583e-15  -2.15015071e-14
  6.50400000e-05  -4.59121424e-03  -5.33949845e-03  -9.75109867e-03   3.36424640e-14   9.14116692e-15  -2.08457542e-14
  6.51200000e-05  -4.27626664e-03  -5.01424654e-03  -1.01585121e-02   3.42527765e-14   1.11855606e-14  -1.99400426e-14
  6.52000000e-05  -3.91960394e-03  -4.63563405e-03  -1.05548022e-02   3.47871562e-14   1.32757571e-14  -1.87491364e-14
  6.52800000e-05  -3.52621072e-03  -4.20071577e-03  -1.09798296e-02   3.53790290e-14   1.54549954e-14  -1.72749452e-14
  6.53600000e-05  -3.10144040e-03  -3.72573777e-03  -1.13447241e-02   3.57296893e-14   1.75967762e-14  -1.55468281e-14
  6.54400000e-05  -2.62687540e-03  -3.19028120e-03  -1.17736351e-02   3.62417898e-14   1.98700831e-14  -1.34702509e-14
  6.55200000e-05  -2.12506163e-03  -2.59631686e-03  -1.21258313e-02   3.64535028e-14   2.20657968e-14  -1.11131136e-14
  6.56000000e-05  -1.58231842e-03  -1.95340948e-03  -1.25236955e-02   3.67338608e-14   2.43768993e-14  -8.44341282e-15
  6.56800000e-05  -1.03465482e-03  -1.28311081e-03  -1.28441132e-02   3.66805596e-14   2.65940531e-14  -5.61150726e-15
  6.57600000e-05  -4.73058250e-04  -5.95271044e-04  -1.30647118e-02   3.62297318e-14   2.86296342e-14  -2.61629697e-15
