       time             b_x              b_y              b_z              F_x              F_y              F_z
  0.00000000e+00   1.36786401e-03   1.06624105e-03  -1.68180789e-02   3.63059102e-14   5.25952230e-14   6.28732535e-15
  8.00000000e-08   2.99415781e-03   2.34406422e-03  -1.77745970e-02   3.05519737e-14   6.28361232e-14   1.34331787e-14
  1.60000000e-07   5.14936116e-03   4.04241976e-03  -1.85218052e-02   2.16397313e-14   7.41254914e-14   2.21942266e-14
  2.40000000e-07   7.80745339e-03   6.14817044e-03  -1.88444303e-02   9.02970443e-15   8.56609123e-14   3.16887736e-14
  3.20000000e-07   1.08690964e-02   8.58576948e-03  -1.84933504e-02  -7.30420311e-15   9.63597433e-14   4.04433183e-14
  4.00000000e-07   1.40693573e-02   1.11367891e-02  -1.72524767e-02  -2.62117757e-14   1.04813131e-13   4.62831457e-14
  4.80000000e-07   1.69671088e-02   1.34586054e-02  -1.49943184e-02  -4.51568776e-14   1.09373382e-13   4.70732653e-14
  5.60000000e-07   1.92603151e-02   1.53008581e-02  -1.19738082e-02  -6.11789256e-14   1.10060607e-13   4.22335425e-14
  6.40000000e-07   2.06230886e-02   1.63907915e-02  -8.49724234e-03  -7.14442032e-14   1.06712206e-13   3.24455136e-14
  7.20000000e-07   2.10609694e-02   1.67450961e-02  -4.95344214e-03  -7.50948296e-14   1.00378186e-13   2.00411084e-14
  8.00000000e-07   2.06616533e-02   1.64181754e-02  -1.70445861e-03  -7.25471814e-14   9.20601920e-14   7.34289829e-15
  8.80000000e-07  -1.86112495e-02  -1.46557663e-02  -1.09418980e-03   6.16556870e-14  -7.80042617e-14  -3.90896234e-15
  9.60000000e-07  -1.70366972e-02  -1.34176065e-02  -3.38000652e-03   5.39699749e-14  -6.56941332e-14  -1.12461610e-14
  1.04000000e-06  -1.52449979e-02  -1.20330684e-02  -5.01152128e-03   4.69449302e-14  -5.28527515e-14  -1.59022746e-14
  1.12000000e-06  -1.34762799e-02  -1.06782669e-02  -6.08615137e-03   4.07945278e-14  -4.10211092e-14  -1.83571054e-14
  1.20000000e-06  -1.18288259e-02  -9.43216712e-03  -6.80692571e-03   3.54468642e-14  -3.05615718e-14  -1.92499428e-14
  1.28000000e-06  -1.03832443e-02  -8.34185072e-03  -7.21443561e-03   3.09228295e-14  -2.19220201e-14  -1.91572954e-14
  1.36000000e-06  -9.10110283e-03  -7.36513859e-03  -7.47168309e-03   2.69097827e-14  -1.46015893e-14  -1.83848765e-14
  1.44000000e-06  -7.99556359e-03  -6.52944545e-03  -7.63148197e-03   2.34648978e-14  -8.51587161e-15  -1.72982343e-14
  1.52000000e-06  -7.00891654e-03  -5.77997345e-03  -7.76907598e-03   2.03396398e-14  -3.20003368e-15  -1.59687881e-14
  1.60000000e-06  -6.12741061e-03  -5.10160310e-03  -7.80896517e-03   1.74814894e-14   1.19491566e-15  -1.44977275e-14
  1.68000000e-06  -5.34366253e-03  -4.49881058e-03  -7.83167552e-03   1.48894156e-14   4.96565389e-15  -1.30117174e-14
  1.76000000e-06  -4.62100768e-03  -3.93221780e-03  -7.91733474e-03   1.23897204e-14   8.53284790e-15  -1.14692649e-14
  1.84000000e-06  -3.96087274e-03  -3.41315963e-03  -7.86501638e-03   1.00718494e-14   1.12710041e-14  -9.96349485e-15
  1.92000000e-06  -3.36289827e-03  -2.93016791e-03  -7.89211987e-03   7.83981018e-15   1.39032322e-14  -8.50256838e-15
  2.00000000e-06  -2.81920412e-03  -2.47738781e-03  -7.87528241e-03   5.70158540e-15   1.60759277e-14  -7.09818868e-15
  2.08000000e-06  -2.29709973e-03  -2.05033993e-03  -7.87465758e-03   3.62316668e-15   1.81177485e-14  -5.77425977e-15
  2.16000000e-06  -1.82287759e-03  -1.63896737e-03  -7.89219025e-03   1.56336408e-15   1.99567704e-14  -4.50550680e-15
  2.24000000e-06  -1.38614216e-03  -1.26191433e-03  -7.77505619e-03  -3.21235594e-16   2.11313921e-14  -3.37241657e-15
  2.32000000e-06  -9.76019530e-04  -9.02445616e-04  -7.71913188e-03  -2.19153151e-15   2.23445351e-14  -2.33520433e-15
  2.40000000e-06  -6.02145219e-04  -5.58989662e-04  -7.61218083e-03  -3.98196780e-15   2.31973412e-14  -1.38847871e-15
  2.48000000e-06  -2.61368796e-04  -2.52603508e-04  -7.62277001e-03  -5.74514464e-15   2.42704917e-14  -6.07287085e-16
  2.56000000e-06   3.83554148e-05   3.69710871e-05  -7.50600840e-03  -7.35025624e-15   2.47319822e-14   8.42586512e-17
  2.64000000e-06   3.09000906e-04   2.96844586e-04  -7.32277010e-03  -8.76600834e-15   2.48410513e-14   6.37085011e-16
  2.72000000e-06   5.44830692e-04   5.31223396e-04  -7.22232702e-03  -1.01646535e-14   2.50690996e-14   1.07711504e-15
  2.80000000e-06   7.40492794e-04   7.33360299e-04  -7.04896821e-03  -1.13410943e-14   2.49029576e-14   1.39947316e-15
  2.88000000e-06   9.06151424e-04   9.06108255e-04  -6.86585877e-03  -1.23671295e-14   2.45899435e-14   1.61300417e-15
  2.96000000e-06   1.03456730e-03   1.04612778e-03  -6.63543125e-03  -1.31747475e-14   2.39947415e-14   1.72881044e-15
  3.04000000e-06   1.13512402e-03   1.15980620e-03  -6.51922357e-03  -1.40048862e-14   2.36557996e-14   1.76997462e-15
  3.12000000e-06   1.17932781e-03   1.21657972e-03  -6.28457927e-03  -1.44098472e-14   2.27667846e-14   1.70316491e-15
  3.20000000e-06   1.19011813e-03   1.24314027e-03  -6.03856866e-03  -1.46301394e-14   2.17439636e-14   1.59296074e-15
  3.28000000e-06   1.17038398e-03   1.24170725e-03  -5.81841092e-03  -1.47302327e-14   2.07135646e-14   1.45746924e-15
  3.36000000e-06   1.10602273e-03   1.19725072e-03  -5.45667036e-03  -1.43513473e-14   1.91574032e-14   1.29443376e-15
  3.44000000e-06   1.01104402e-03   1.11057052e-03  -5.14715663e-03  -1.38420920e-14   1.76823847e-14   1.09625007e-15
  3.52000000e-06   8.80675125e-04   9.84131958e-04  -4.85276117e-03  -1.31484468e-14   1.61679585e-14   8.92665947e-16
  3.60000000e-06   7.05204121e-04   8.26377252e-04  -4.52151158e-03  -1.21991393e-14   1.44421192e-14   7.36867611e-16
  3.68000000e-06   5.16643932e-04   6.24129462e-04  -4.14261803e-03  -1.09239991e-14   1.25944499e-14   5.35108330e-16
  3.76000000e-06   2.78359684e-04   3.89340982e-04  -3.73325386e-03  -9.40196938e-15   1.05446254e-14   3.98667129e-16
  3.84000000e-06   1.64922445e-05   1.21350241e-04  -3.33348468e-03  -7.72036015e-15   8.48751353e-15   2.70778430e-16
  3.92000000e-06  -2.71774651e-04  -1.77181019e-04  -2.97349130e-03  -5.96558993e-15   6.48282846e-15   1.58958586e-16
  4.00000000e-06  -5.88111944e-04  -5.06114126e-04  -2.53129901e-03  -3.87729645e-15   4.21289514e-15   5.84990581e-17
  4.08000000e-06  -9.25474835e-04  -8.56034436e-04  -2.05109281e-03  -1.59270540e-15   1.80917474e-15  -3.64230778e-17
  4.16000000e-06  -1.28274954e-03  -1.23979727e-03  -1.55907278e-03   8.62979818e-16  -6.69090115e-16  -1.77958895e-16
  4.24000000e-06  -1.66923332e-03  -1.64148864e-03  -1.01946196e-03   3.49990460e-15  -3.35553519e-15  -3.27706672e-16
  4.32000000e-06  -2.05812203e-03  -2.05700868e-03  -4.43908348e-04   6.25998261e-15  -6.14207813e-15  -5.62053127e-16
  4.40000000e-06  -1.22438736e-03  -1.35754268e-03  -1.41099270e-04   4.46882994e-15  -3.95450999e-15  -7.31136420e-16
  4.48000000e-06  -5.14674782e-04  -6.56069642e-04  -7.07694962e-04   7.54724928e-16  -1.90190926e-17  -5.31245887e-16
  4.56000000e-06  -1.73724109e-04  -2.95588301e-04  -1.31055618e-03  -1.84396764e-15   2.70452473e-15  -3.65557952e-16
  4.64000000e-06   1.57620917e-04   5.35326412e-05  -1.91629545e-03  -4.43403462e-15   5.37900175e-15  -2.14447323e-16
  4.72000000e-06   4.86634427e-04   4.15585119e-04  -2.57287757e-03  -7.22806685e-15   8.13105000e-15  -5.37463530e-17
  4.80000000e-06   8.13790951e-04   7.63624526e-04  -3.27912917e-03  -1.01544762e-14   1.09341383e-14   2.62128558e-17
  4.88000000e-06   1.12218600e-03   1.09683314e-03  -4.00262636e-03  -1.31619174e-14   1.36216810e-14   4.26199474e-17
  4.96000000e-06   1.45059295e-03   1.44195627e-03  -4.73280252e-03  -1.63435310e-14   1.62744874e-14  -5.08602855e-17
  5.04000000e-06   1.72645353e-03   1.75040493e-03  -5.56141924e-03  -1.97751643e-14   1.88153667e-14  -2.16921507e-16
  5.12000000e-06   2.00084506e-03   2.04773934e-03  -6.40949728e-03  -2.33870712e-14   2.11907084e-14  -5.30596804e-16
  5.20000000e-06   2.25298900e-03   2.31628510e-03  -7.31839358e-03  -2.72451026e-14   2.33692608e-14  -9.91070760e-16
  5.28000000e-06   2.47822597e-03   2.55187466e-03  -8.21672181e-03  -3.11702712e-14   2.51262468e-14  -1.59771056e-15
  5.36000000e-06   2.66466843e-03   2.74872094e-03  -9.22887586e-03  -3.54934708e-14   2.66063724e-14  -2.32366742e-15
  5.44000000e-06   2.81473140e-03   2.91181539e-03  -1.02682137e-02  -4.00133058e-14   2.75669567e-14  -3.15116343e-15
  5.52000000e-06   2.91041542e-03   3.01471222e-03  -1.13082123e-02  -4.45545882e-14   2.78318677e-14  -4.04726116e-15
  5.60000000e-06   2.97346436e-03   3.05350698e-03  -1.23466718e-02  -4.90772214e-14   2.74089093e-14  -5.04071652e-15
  5.68000000e-06   2.97557184e-03   3.05346700e-03  -1.34883990e-02  -5.39670474e-14   2.62726441e-14  -5.95772521e-15
  5.76000000e-06   2.91443635e-03   2.96927413e-03  -1.45942907e-02  -5.85841622e-14   2.41609604e-14  -6.78342641e-15
  5.84000000e-06   2.77272689e-03   2.79833210e-03  -1.56964566e-02  -6.29467190e-14   2.10256760e-14  -7.37091430e-15
  5.92000000e-06   2.57379798e-03   2.57090242e-03  -1.67828722e-02  -6.70294905e-14   1.69069543e-14  -7.68963955e-15
  6.00000000e-06   2.28092053e-03   2.25390998e-03  -1.78675786e-02  -7.06593471e-14   1.16830016e-14  -7.54640149e-15
  6.08000000e-06   1.92601383e-03   1.88464277e-03  -1.88729722e-02  -7.35596018e-14   5.46008520e-15  -6.96162209e-15
  6.16000000e-06   1.48553475e-03   1.44181629e-03  -1.98202088e-02  -7.55909884e-14  -1.74555558e-15  -5.79256311e-15
  6.24000000e-06   9.74307480e-04   9.36419012e-04  -2.06860379e-02  -7.65657339e-14  -9.75965800e-15  -4.04802974e-15
  6.32000000e-06   3.76338711e-04   3.84793240e-04  -2.13942132e-02  -7.61310990e-14  -1.84240628e-14  -1.67057018e-15
  6.40000000e-06  -2.64380241e-04  -1.79995898e-04  -2.19309017e-02  -7.42577166e-14  -2.73275432e-14   1.11947602e-15
  6.48000000e-06  -9.77474487e-04  -7.77048248e-04  -2.24370164e-02  -7.12959358e-14  -3.65322193e-14   4.37122538e-15
  6.56000000e-06  -1.71191190e-03  -1.37789761e-03  -2.26868716e-02  -6.65690931e-14  -4.53371044e-14   7.77675804e-15
  6.64000000e-06  -2.46974477e-03  -1.96551134e-03  -2.28924417e-02  -6.08615323e-14  -5.38648593e-14   1.11907872e-14
  6.72000000e-06  -3.22812290e-03  -2.52195549e-03  -2.28560196e-02  -5.37329881e-14  -6.14854050e-14   1.43734627e-14
  6.80000000e-06  -3.98324805e-03  -3.05627523e-03  -2.26955380e-02  -4.56653569e-14  -6.82395564e-14   1.72040561e-14
  6.88000000e-06  -4.71380631e-03  -3.52206080e-03  -2.24337896e-02  -3.70532266e-14  -7.40001339e-14   1.94035298e-14
  6.96000000e-06  -5.38638072e-03  -3.93377718e-03  -2.19493428e-02  -2.78335215e-14  -7.82503735e-14   2.08544503e-14
  7.04000000e-06  -6.03925716e-03  -4.31965238e-03  -2.14531188e-02  -1.85763143e-14  -8.16455766e-14   2.16690008e-14
  7.12000000e-06  -6.61477660e-03  -4.64927050e-03  -2.09268692e-02  -9.49955603e-15  -8.39585849e-14   2.16555859e-14
  7.20000000e-06  -7.11277545e-03  -4.91656253e-03  -2.02464148e-02  -6.72015875e-16  -8.48634617e-14   2.08440071e-14
  7.28000000e-06  -7.56811529e-03  -5.14764073e-03  -1.95577130e-02   7.63879587e-15  -8.49582890e-14   1.94053089e-14
  7.36000000e-06  -7.94797748e-03  -5.32668102e-03  -1.88403753e-02   1.52759040e-14  -8.41313103e-14   1.73419111e-14
  7.44000000e-06  -8.25433476e-03  -5.47223083e-03  -1.81573198e-02   2.22101937e-14  -8.26393220e-14   1.48089627e-14
  7.52000000e-06  -8.50575554e-03  -5.59083723e-03  -1.74975343e-02   2.84399574e-14  -8.05908168e-14   1.19254982e-14
  7.60000000e-06  -8.69904310e-03  -5.69049087e-03  -1.67906748e-02   3.39379059e-14  -7.78598984e-14   8.80451422e-15
  7.68000000e-06  -8.82764487e-03  -5.76041990e-03  -1.60701041e-02   3.86260607e-14  -7.45900856e-14   5.51913459e-15
  7.76000000e-06  -8.92752111e-03  -5.82187960e-03  -1.54104795e-02   4.26665512e-14  -7.11715254e-14   2.17030984e-15
  7.84000000e-06  -8.97933275e-03  -5.86201994e-03  -1.47873416e-02   4.60277840e-14  -6.75112429e-14  -1.18659167e-15
  7.92000000e-06  -8.98660390e-03  -5.89483496e-03  -1.42141842e-02   4.88329430e-14  -6.36911016e-14  -4.45989608e-15
  8.00000000e-06  -8.97628322e-03  -5.92145536e-03  -1.35369757e-02   5.08401613e-14  -5.95963845e-14  -7.64264921e-15
  8.08000000e-06  -8.92167026e-03  -5.93967387e-03  -1.29679266e-02   5.24586502e-14  -5.55391283e-14  -1.06520090e-14
  8.16000000e-06  -8.86167010e-03  -5.95544968e-03  -1.24291490e-02   5.36262543e-14  -5.15649868e-14  -1.35267096e-14
  8.24000000e-06  -8.78840434e-03  -5.97420754e-03  -1.18728648e-02   5.42940034e-14  -4.76079271e-14  -1.62334888e-14
  8.32000000e-06  -8.69569123e-03  -5.98525144e-03  -1.13576720e-02   5.46022672e-14  -4.37365046e-14  -1.87565267e-14
  8.40000000e-06  -8.57678953e-03  -5.99140618e-03  -1.08965547e-02   5.46522861e-14  -3.99397542e-14  -2.10567351e-14
  8.48000000e-06  -8.47468172e-03  -6.00656664e-03  -1.04669414e-02   5.44838568e-14  -3.63610166e-14  -2.32473333e-14
  8.56000000e-06  -8.36506436e-03  -6.02760491e-03  -1.00126216e-02   5.39454474e-14  -3.28951756e-14  -2.52659121e-14
  8.64000000e-06  -8.25599524e-03  -6.05313500e-03  -9.61521750e-03   5.33174924e-14  -2.96013019e-14  -2.71453336e-14
  8.72000000e-06  -8.13379215e-03  -6.06862842e-03  -9.24935412e-03   5.25061155e-14  -2.64102394e-14  -2.88452466e-14
  8.80000000e-06  -7.99974738e-03  -6.08766849e-03  -8.84668624e-03   5.13514509e-14  -2.33495683e-14  -3.03677779e-14
  8.88000000e-06  -7.87429019e-03  -6.10812820e-03  -8.54712281e-03   5.03591117e-14  -2.04395334e-14  -3.17878864e-14
  8.96000000e-06  -7.72397905e-03  -6.11889645e-03  -8.20550467e-03   4.90068992e-14  -1.76323433e-14  -3.29824661e-14
  9.04000000e-06  -7.59540157e-03  -6.14392564e-03  -7.91539245e-03   4.77277245e-14  -1.50147631e-14  -3.41438087e-14
  9.12000000e-06  -7.47417419e-03  -6.16742517e-03  -7.59046255e-03   4.61687285e-14  -1.26027261e-14  -3.52214041e-14
  9.20000000e-06  -7.34831698e-03  -6.19622087e-03  -7.34781995e-03   4.48083244e-14  -1.02356225e-14  -3.61799276e-14
  9.28000000e-06  -7.22585985e-03  -6.22919464e-03  -7.15967953e-03   4.35547706e-14  -7.92750015e-15  -3.70601401e-14
  9.36000000e-06  -7.10093238e-03  -6.26271117e-03  -6.88144681e-03   4.18509745e-14  -5.87291745e-15  -3.78409602e-14
  9.44000000e-06  -6.96774067e-03  -6.28308523e-03  -6.67761517e-03   4.03153162e-14  -3.81747471e-15  -3.84749859e-14
  9.52000000e-06  -6.84213958e-03  -6.31157995e-03  -6.49159136e-03   3.87870792e-14  -1.86536519e-15  -3.90679564e-14
  9.60000000e-06  -6.72220237e-03  -6.33575005e-03  -6.25557051e-03   3.69850098e-14  -1.50361634e-16  -3.95916033e-14
  9.68000000e-06  -6.58749028e-03  -6.34880065e-03  -6.10714891e-03   3.54410566e-14   1.66191186e-15  -3.99562491e-14
  9.76000000e-06  -6.45985662e-03  -6.37012255e-03  -5.89389000e-03   3.36088392e-14   3.19512647e-15  -4.02894573e-14
  9.84000000e-06  -6.32626879e-03  -6.39696136e-03  -5.85070228e-03   3.24040252e-14   5.03234009e-15  -4.05401347e-14
  9.92000000e-06  -6.19755965e-03  -6.41515941e-03  -5.67626445e-03   3.06298238e-14   6.44269532e-15  -4.07241558e-14
  1.00000000e-05  -6.06251118e-03  -6.42937347e-03  -5.68269080e-03   2.95092887e-14   8.24506821e-15  -4.08100711e-14
  1.00800000e-05  -5.93305846e-03  -6.44021221e-03  -5.65109388e-03   2.81970100e-14   9.86776303e-15  -4.08496128e-14
  1.01600000e-05  -5.80135803e-03  -6.44773461e-03  -5.47832393e-03   2.63207856e-14   1.09937583e-14  -4.08119601e-14
  1.02400000e-05  -5.67140605e-03  -6.45374005e-03  -5.43127588e-03   2.48984091e-14   1.23885709e-14  -4.07200093e-14
  1.03200000e-05  -5.54246253e-03  -6.45102264e-03  -5.45838920e-03   2.37194873e-14   1.39344268e-14  -4.05532960e-14
  1.04000000e-05  -5.40263406e-03  -6.45154836e-03  -5.30912380e-03   2.18818490e-14   1.48458351e-14  -4.03076390e-14
  1.04800000e-05  -5.26858885e-03  -6.44895453e-03  -5.29517494e-03   2.05250185e-14   1.60971528e-14  -4.00265699e-14
  1.05600000e-05  -5.12747952e-03  -6.43883688e-03  -5.34254673e-03   1.93631264e-14   1.74832173e-14  -3.96544250e-14
  1.06400000e-05  -5.00629565e-03  -6.42557344e-03  -5.36946567e-03   1.81098222e-14   1.87320259e-14  -3.93013282e-14
  1.07200000e-05  -4.86820763e-03  -6.41355432e-03  -5.34768473e-03   1.66837561e-14   1.97349042e-14  -3.88562302e-14
  1.08000000e-05  -4.72214044e-03  -6.38442420e-03  -5.40699037e-03   1.55235729e-14   2.09470377e-14  -3.82910365e-14
  1.08800000e-05  -4.58900139e-03  -6.35760158e-03  -5.46036806e-03   1.43306312e-14   2.20745785e-14  -3.77455620e-14
  1.09600000e-05  -4.44992708e-03  -6.32999928e-03  -5.53308735e-03   1.31898485e-14   2.32004639e-14  -3.71497449e-14
  1.10400000e-05  -4.31554467e-03  -6.29457133e-03  -5.74377499e-03   1.24523907e-14   2.47822315e-14  -3.65147263e-14
  1.11200000e-05  -4.18370587e-03  -6.27289917e-03  -5.73758052e-03   1.10317792e-14   2.54932545e-14  -3.59158941e-14
  1.12000000e-05  -4.04815796e-03  -6.23838045e-03  -5.84279494e-03   9.93611527e-15   2.65556820e-14  -3.52378295e-14
  1.12800000e-05  -3.91806254e-03  -6.19718204e-03  -5.94384978e-03   8.81832499e-15   2.75443483e-14  -3.45311704e-14
  1.13600000e-05  -3.78548754e-03  -6.16286385e-03  -6.13342302e-03   7.90000745e-15   2.88146660e-14  -3.38287841e-14
  1.14400000e-05  -3.65872494e-03  -6.12600109e-03  -6.28080471e-03   6.83769863e-15   2.98708418e-14  -3.31177417e-14
  1.15200000e-05  -3.53862475e-03  -6.08565425e-03  -6.50898072e-03   5.94167059e-15   3.11945785e-14  -3.23959727e-14
  1.16000000e-05  -3.41600149e-03  -6.04899536e-03  -6.58810809e-03   4.64917235e-15   3.18680564e-14  -3.16708989e-14
  1.16800000e-05  -3.30095608e-03  -6.00642410e-03  -6.84847229e-03   3.73178207e-15   3.32135797e-14  -3.09285465e-14
  1.17600000e-05  -3.18270923e-03  -5.97316471e-03  -7.00666019e-03   2.52553511e-15   3.40871633e-14  -3.02064435e-14
  1.18400000e-05  -3.06641797e-03  -5.92965493e-03  -7.24054943e-03   1.43210057e-15   3.52060653e-14  -2.94385446e-14
  1.19200000e-05  -2.95933346e-03  -5.89693228e-03  -7.49330784e-03   2.89428693e-16   3.63525890e-14  -2.87223315e-14
  1.20000000e-05  -2.85417734e-03  -5.86620573e-03  -7.74324440e-03  -9.47680427e-16   3.74298272e-14  -2.80071515e-14
  1.20800000e-05  -2.75437876e-03  -5.84086024e-03  -7.99690336e-03  -2.27063878e-15   3.84634531e-14  -2.73112535e-14
  1.21600000e-05  -2.65767900e-03  -5.82108769e-03  -8.26439508e-03  -3.67440170e-15   3.94855098e-14  -2.66302897e-14
  1.22400000e-05  -2.56146407e-03  -5.80032126e-03  -8.54901157e-03  -5.15214507e-15   4.04976690e-14  -2.59331098e-14
  1.23200000e-05  -2.46716065e-03  -5.77278865e-03  -8.84416901e-03  -6.70183974e-15   4.14692777e-14  -2.51983946e-14
  1.24000000e-05  -2.38183054e-03  -5.75856430e-03  -9.12494593e-03  -8.40208915e-15   4.23136166e-14  -2.45100992e-14
  1.24800000e-05  -2.29707304e-03  -5.75246127e-03  -9.44005090e-03  -1.02064305e-14   4.31912880e-14  -2.38358137e-14
  1.25600000e-05  -2.22286306e-03  -5.76209969e-03  -9.77933569e-03  -1.21668642e-14   4.40792798e-14  -2.32064773e-14
  1.26400000e-05  -2.15612854e-03  -5.78713031e-03  -1.01754810e-02  -1.42913478e-14   4.50783159e-14  -2.26092610e-14
  1.27200000e-05  -2.08412909e-03  -5.81018100e-03  -1.04824367e-02  -1.65790752e-14   4.55822306e-14  -2.19689452e-14
  1.28000000e-05  -2.02481043e-03  -5.84400713e-03  -1.08969694e-02  -1.90321605e-14   4.63691856e-14  -2.13311909e-14
  1.28800000e-05  -1.96370018e-03  -5.87893944e-03  -1.12292270e-02  -2.16293095e-14   4.66745372e-14  -2.06535409e-14
  1.29600000e-05  -1.90473591e-03  -5.91429754e-03  -1.15485395e-02  -2.43400488e-14   4.67576324e-14  -1.99312810e-14
  1.30400000e-05  -1.84777420e-03  -5.95822846e-03  -1.19322661e-02  -2.72260805e-14   4.68686885e-14  -1.91871940e-14
  1.31200000e-05  -1.79812640e-03  -6.01877769e-03  -1.23347570e-02  -3.03136129e-14   4.68364261e-14  -1.84349256e-14
  1.32000000e-05  -1.75403161e-03  -6.06983334e-03  -1.27655335e-02  -3.35229095e-14   4.66584243e-14  -1.75792588e-14
  1.32800000e-05  -1.70522251e-03  -6.12622066e-03  -1.31317118e-02  -3.68013515e-14   4.59855374e-14  -1.66743726e-14
  1.33600000e-05  -1.65888506e-03  -6.18054131e-03  -1.35011194e-02  -4.01475917e-14   4.50494370e-14  -1.56897854e-14
  1.34400000e-05  -1.61914729e-03  -6.24848514e-03  -1.38551401e-02  -4.35766367e-14   4.37951274e-14  -1.46585460e-14
  1.35200000e-05  -1.58113466e-03  -6.30082773e-03  -1.42262878e-02  -4.70023923e-14   4.22776529e-14  -1.35008584e-14
  1.36000000e-05  -1.54062535e-03  -6.34639996e-03  -1.46691228e-02  -5.05373022e-14   4.05857257e-14  -1.22511892e-14
  1.36800000e-05  -1.50211282e-03  -6.38840611e-03  -1.50953981e-02  -5.40258638e-14   3.84895223e-14  -1.09128461e-14
  1.37600000e-05  -1.46699714e-03  -6.41863508e-03  -1.54994569e-02  -5.73846252e-14   3.59769799e-14  -9.46743007e-15
  1.38400000e-05  -1.43314463e-03  -6.43124380e-03  -1.58431480e-02  -6.04546322e-14   3.29841721e-14  -7.92071257e-15
  1.39200000e-05  -1.39297634e-03  -6.42057802e-03  -1.62251825e-02  -6.33788365e-14   2.96707805e-14  -6.29998100e-15
  1.40000000e-05  -1.35759676e-03  -6.39091394e-03  -1.66678779e-02  -6.62018706e-14   2.60802791e-14  -4.60774759e-15
  1.40800000e-05  -1.32032087e-03  -6.30298079e-03  -1.70186489e-02  -6.83587084e-14   2.19953192e-14  -2.84280178e-15
  1.41600000e-05  -1.27758728e-03  -6.18634995e-03  -1.73928045e-02  -7.01996705e-14   1.75765857e-14  -1.09520598e-15
  1.42400000e-05  -1.23834595e-03  -6.04744797e-03  -1.78290554e-02  -7.18197738e-14   1.28743801e-14   6.21490126e-16
  1.43200000e-05  -1.18697387e-03  -5.82949488e-03  -1.82707356e-02  -7.28048425e-14   7.78948391e-15   2.24450127e-15
  1.44000000e-05  -1.13027298e-03  -5.55288874e-03  -1.86156634e-02  -7.29186585e-14   2.40621078e-15   3.70959484e-15
  1.44800000e-05  -1.06675419e-03  -5.23352334e-03  -1.90584266e-02  -7.27187458e-14  -3.24272134e-15   4.96073925e-15
  1.45600000e-05  -9.86205991e-04  -4.82190771e-03  -1.94008533e-02  -7.14387317e-14  -9.08260333e-15   5.88885338e-15
  1.46400000e-05  -8.84980306e-04  -4.36008969e-03  -1.97548912e-02  -6.95315520e-14  -1.50830612e-14   6.44384990e-15
  1.47200000e-05  -7.77290967e-04  -3.80055017e-03  -2.00280686e-02  -6.65556698e-14  -2.10125136e-14   6.57039058e-15
  1.48000000e-05  -6.37556837e-04  -3.17532998e-03  -2.02722789e-02  -6.27807775e-14  -2.69001816e-14   6.18792132e-15
  1.48800000e-05  -4.90802883e-04  -2.50037117e-03  -2.05126676e-02  -5.83412115e-14  -3.25968001e-14   5.36927407e-15
  1.49600000e-05  -3.11066132e-04  -1.74147156e-03  -2.06554616e-02  -5.28988881e-14  -3.79499623e-14   3.99622308e-15
  1.50400000e-05  -1.05047776e-04  -9.24396534e-04  -2.06527801e-02  -4.65190380e-14  -4.26815907e-14   2.14699599e-15
  1.51200000e-05   1.42215646e-04  -5.12385052e-05  -2.06962488e-02  -3.96657951e-14  -4.71532840e-14  -1.55826929e-16
  1.52000000e-05   4.00529456e-04   8.48817828e-04  -2.05272431e-02  -3.20133056e-14  -5.05946195e-14  -2.71677432e-15
  1.52800000e-05   6.84138327e-04   1.77856799e-03  -2.02930897e-02  -2.39400540e-14  -5.33206940e-14  -5.48032804e-15
  1.53600000e-05   1.00529463e-03   2.70117075e-03  -1.98919703e-02  -1.55412690e-14  -5.50984790e-14  -8.26735369e-15
  1.54400000e-05   1.34222372e-03   3.63451410e-03  -1.93818968e-02  -6.95981363e-15  -5.59866134e-14  -1.09806468e-14
  1.55200000e-05   1.67798395e-03   4.50236025e-03  -1.87248414e-02   1.41609711e-15  -5.58687706e-14  -1.33066625e-14
  1.56000000e-05   2.02447863e-03   5.36056549e-03  -1.78851725e-02   9.67278866e-15  -5.47753129e-14  -1.53224297e-14
  1.56800000e-05   2.36131566e-03   6.10869168e-03  -1.69427360e-02   1.72087829e-14  -5.29537671e-14  -1.66940492e-14
  1.57600000e-05   2.68418123e-03   6.81166055e-03  -1.59055025e-02   2.41846117e-14  -5.05434841e-14  -1.75643100e-14
  1.58400000e-05   2.99113113e-03   7.41407926e-03  -1.47403075e-02   3.02869817e-14  -4.76042344e-14  -1.77980842e-14
  1.59200000e-05   3.25687957e-03   7.90479687e-03  -1.34391905e-02   3.53675158e-14  -4.41751258e-14  -1.74123327e-14
  1.60000000e-05   3.48802667e-03   8.29797757e-03  -1.20791717e-02   3.94320543e-14  -4.06131288e-14  -1.65132826e-14
  1.60800000e-05   3.66878985e-03   8.57755387e-03  -1.06515806e-02   4.23881752e-14  -3.69577635e-14  -1.51614963e-14
  1.61600000e-05   3.79907539e-03   8.74011301e-03  -9.16277156e-03   4.42144303e-14  -3.33297212e-14  -1.34600732e-14
  1.62400000e-05   3.88866225e-03   8.79950682e-03  -7.59906335e-03   4.49737102e-14  -2.98401317e-14  -1.15396951e-14
  1.63200000e-05   3.91981950e-03   8.75199097e-03  -6.06479116e-03   4.47490699e-14  -2.66330766e-14  -9.51131999e-15
  1.64000000e-05   3.91541499e-03   8.61306844e-03  -4.50875018e-03   4.36270365e-14  -2.37467607e-14  -7.47757614e-15
  1.64800000e-05   3.86388948e-03   8.37818184e-03  -2.95373507e-03   4.16560717e-14  -2.11582577e-14  -5.52293038e-15
  1.65600000e-05   3.75704476e-03   8.05799017e-03  -1.42256655e-03   3.89621769e-14  -1.88262421e-14  -3.73903879e-15
  1.66400000e-05  -2.56855721e-03  -6.19337537e-03  -1.08432338e-04  -2.87497109e-14   1.18794157e-14   2.50475370e-15
  1.67200000e-05  -6.78608097e-03  -1.54478670e-02  -2.16073084e-03  -6.94542679e-14   2.90503493e-14   1.04392231e-14
  1.68000000e-05  -6.51180326e-03  -1.46640397e-02  -4.06259252e-03  -6.36979195e-14   2.43380725e-14   1.42504715e-14
  1.68800000e-05  -6.21063039e-03  -1.37957500e-02  -5.85155545e-03  -5.78189482e-14   1.87928983e-14   1.70604193e-14
  1.69600000e-05  -5.87362783e-03  -1.28616422e-02  -7.48981270e-03  -5.18710663e-14   1.26833975e-14   1.88979383e-14
  1.70400000e-05  -5.51246068e-03  -1.18694186e-02  -8.96674215e-03  -4.58251104e-14   6.32682773e-15   1.97968615e-14
  1.71200000e-05  -5.12224311e-03  -1.08481406e-02  -1.02672896e-02  -3.97541676e-14  -4.21990901e-17   1.98775236e-14
  1.72000000e-05  -4.72059221e-03  -9.80066297e-03  -1.13660431e-02  -3.36329794e-14  -6.08767731e-15   1.92178450e-14
  1.72800000e-05  -4.29642313e-03  -8.73878500e-03  -1.23382730e-02  -2.74235856e-14  -1.18586446e-14   1.79484984e-14
  1.73600000e-05  -3.85943330e-03  -7.69306098e-03  -1.31091330e-02  -2.12878107e-14  -1.70090244e-14   1.62490034e-14
  1.74400000e-05  -3.41087785e-03  -6.65779834e-03  -1.36964448e-02  -1.51942050e-14  -2.14683104e-14   1.42195483e-14
  1.75200000e-05  -2.96326967e-03  -5.65226333e-03  -1.42060284e-02  -9.14393161e-15  -2.53965252e-14   1.20120683e-14
  1.76000000e-05  -2.51989283e-03  -4.69748661e-03  -1.45086899e-02  -3.35964319e-15  -2.84048845e-14   9.78017356e-15
  1.76800000e-05  -2.08915853e-03  -3.80109217e-03  -1.46871196e-02   2.15227133e-15  -3.06756004e-14   7.63283420e-15
  1.77600000e-05  -1.67154939e-03  -2.96265822e-03  -1.48519284e-02   7.49470848e-15  -3.25105834e-14   5.64168972e-15
  1.78400000e-05  -1.28036619e-03  -2.22106795e-03  -1.47616393e-02   1.21575500e-14  -3.32606038e-14   3.94996407e-15
  1.79200000e-05  -9.18769526e-04  -1.55241538e-03  -1.46638661e-02   1.65040629e-14  -3.36079252e-14   2.52389308e-15
  1.80000000e-05  -5.93811946e-04  -9.72511260e-04  -1.44632734e-02   2.02926966e-14  -3.33345022e-14   1.40826579e-15
  1.80800000e-05  -3.06438560e-04  -4.85451677e-04  -1.41958975e-02   2.35188809e-14  -3.25865106e-14   6.06660074e-16
  1.81600000e-05  -5.70776863e-05  -8.91797328e-05  -1.38714123e-02   2.61625591e-14  -3.14506787e-14   9.45444308e-17
  1.82400000e-05   1.37593939e-04   2.01366050e-04  -1.34559879e-02   2.80650372e-14  -2.98497408e-14  -1.59716656e-16
  1.83200000e-05   2.87075975e-04   3.99333481e-04  -1.30700501e-02   2.95000663e-14  -2.81348635e-14  -2.11661976e-16
  1.84000000e-05   3.82824607e-04   4.94829543e-04  -1.26289564e-02   3.02374554e-14  -2.61425931e-14  -1.07727461e-16
  1.84800000e-05   4.38462043e-04   5.03001079e-04  -1.22330190e-02   3.05607393e-14  -2.41552221e-14   1.02151516e-16
  1.85600000e-05   4.47570898e-04   4.13769880e-04  -1.17516213e-02   3.01296362e-14  -2.19364533e-14   3.75140127e-16
  1.86400000e-05   4.01475408e-04   2.42361898e-04  -1.12758707e-02   2.92146694e-14  -1.96552159e-14   6.17716900e-16
  1.87200000e-05   3.17752650e-04  -8.37957200e-06  -1.07885405e-02   2.77945123e-14  -1.73710244e-14   8.32118274e-16
  1.88000000e-05   1.86005117e-04  -3.61504879e-04  -1.02904919e-02   2.57974066e-14  -1.50588372e-14   9.95316148e-16
  1.88800000e-05   1.77311133e-06  -7.84603419e-04  -9.86495709e-03   2.35816941e-14  -1.28254793e-14   1.02430530e-15
  1.89600000e-05  -2.13064852e-04  -1.28517989e-03  -9.37784282e-03   2.07770306e-14  -1.05756845e-14   9.77282550e-16
  1.90400000e-05  -4.71787319e-04  -1.87883231e-03  -8.83871428e-03   1.73555678e-14  -8.28655657e-15   8.35066413e-16
  1.91200000e-05  -7.66528543e-04  -2.54091048e-03  -8.30138643e-03   1.35693023e-14  -6.05704983e-15   6.01003692e-16
  1.92000000e-05  -1.10301816e-03  -3.28676937e-03  -7.74351687e-03   9.31041270e-15  -3.82851655e-15   2.98817278e-16
  1.92800000e-05  -1.48646642e-03  -4.11315876e-03  -7.22391290e-03   4.76775085e-15  -1.62999923e-15  -5.29707285e-17
  1.93600000e-05  -1.90335640e-03  -5.01735625e-03  -6.59356979e-03  -4.60379603e-16   6.54674833e-16  -3.65275636e-16
  1.94400000e-05  -2.36698561e-03  -5.99194909e-03  -5.87794327e-03  -6.26231758e-15   3.07144825e-15  -6.09251534e-16
  1.95200000e-05  -2.86436930e-03  -7.04095003e-03  -5.05417854e-03  -1.26987004e-14   5.63156017e-15  -6.48526015e-16
  1.96000000e-05  -3.38760752e-03  -8.13594983e-03  -4.15050256e-03  -1.95505866e-14   8.33270390e-15  -3.77001716e-16
  1.96800000e-05  -3.94389919e-03  -9.28623555e-03  -3.07918228e-03  -2.70494107e-14   1.13783620e-14   3.30607129e-16
  1.97600000e-05  -4.50446289e-03  -1.04264432e-02  -1.83318749e-03  -3.48861962e-14   1.47862522e-14   1.62316014e-15
  1.98400000e-05  -2.51696527e-03  -5.83196696e-03  -3.65403605e-04  -2.12617873e-14   9.05775677e-15   1.89008011e-15
  1.99200000e-05   6.79308812e-03   1.46907645e-02  -1.23840721e-03   5.93876417e-14  -2.75811096e-14  -1.42287855e-15
  2.00000000e-05   7.20964181e-03   1.54904030e-02  -3.03979873e-03   6.75820292e-14  -3.08264401e-14   3.20029175e-15
  2.00800000e-05   7.53429466e-03   1.61033704e-02  -5.10642488e-03   7.59742560e-14  -3.27596371e-14   8.78733394e-15
  2.01600000e-05   7.71573824e-03   1.64376867e-02  -7.41594408e-03   8.41881079e-14  -3.27222164e-14   1.50615836e-14
  2.02400000e-05   7.73159293e-03   1.64438677e-02  -9.87680350e-03   9.17682677e-14  -3.01793009e-14   2.15910400e-14
  2.03200000e-05   7.50638124e-03   1.59584258e-02  -1.24147204e-02   9.78485782e-14  -2.45853063e-14   2.75596981e-14
  2.04000000e-05   7.04668482e-03   1.50162910e-02  -1.48752016e-02   1.01989331e-13  -1.59726929e-14   3.21902236e-14
  2.04800000e-05   6.36831899e-03   1.36257259e-02  -1.70882490e-02   1.03538780e-13  -4.80203321e-15   3.47570304e-14
  2.05600000e-05   5.52757966e-03   1.19015865e-02  -1.89208352e-02   1.02309501e-13   7.98924098e-15   3.49143445e-14
  2.06400000e-05   4.60447011e-03   9.99293248e-03  -2.02933614e-02   9.84163718e-14   2.12315226e-14   3.27851263e-14
  2.07200000e-05   3.67429617e-03   8.05461594e-03  -2.11912313e-02   9.22608623e-14   3.38454284e-14   2.88612612e-14
  2.08000000e-05   2.80739269e-03   6.23065544e-03  -2.16681126e-02   8.44982864e-14   4.50421111e-14   2.38997164e-14
  2.08800000e-05   2.04767385e-03   4.60747358e-03  -2.18101756e-02   7.57636127e-14   5.44229536e-14   1.86101890e-14
  2.09600000e-05   1.41154746e-03   3.23153614e-03  -2.17142577e-02   6.66273577e-14   6.19328225e-14   1.35480492e-14
  2.10400000e-05   9.27309365e-04   2.15880231e-03  -2.14570047e-02   5.76084084e-14   6.76109600e-14   9.29204781e-15
  2.11200000e-05   5.45539045e-04   1.28693579e-03  -2.11460038e-02   4.88358960e-14   7.19370996e-14   5.63795965e-15
  2.12000000e-05   2.72178751e-04   6.58051366e-04  -2.08039495e-02   4.05686770e-14   7.50353292e-14   2.90420973e-15
