       time             b_x              b_y              b_z              F_x              F_y              F_z
  0.00000000e+00  -4.03395552e-02  -2.79059810e-02  -8.25645401e-02   2.93694478e-13  -1.52741312e-13  -9.18688389e-14
  8.00000000e-08  -1.90766278e-02  -1.33122953e-02  -5.19737533e-02   1.72264182e-13  -1.47835782e-14  -5.94418553e-14
  1.60000000e-07  -1.33786162e-02  -9.41943398e-03  -3.76650626e-02   1.21422849e-13   1.48844311e-14  -4.68517105e-14
  2.40000000e-07  -1.07976575e-02  -7.67062637e-03  -2.94913512e-02   9.28948141e-14   2.39490694e-14  -4.02406368e-14
  3.20000000e-07  -9.34265522e-03  -6.69687911e-03  -2.41079589e-02   7.44943322e-14   2.63425384e-14  -3.61867075e-14
  4.00000000e-07  -8.21355931e-03  -5.95762820e-03  -2.05593369e-02   6.16435858e-14   2.78322869e-14  -3.26920888e-14
  4.80000000e-07  -7.31854061e-03  -5.37435617e-03  -1.79429708e-02   5.19450126e-14   2.84344927e-14  -2.97040429e-14
  5.60000000e-07  -6.57060108e-03  -4.87949444e-03  -1.60438308e-02   4.44498640e-14   2.89865789e-14  -2.70198670e-14
  6.40000000e-07  -5.89914359e-03  -4.43191378e-03  -1.45515087e-02   3.82757728e-14   2.94084369e-14  -2.44737465e-14
  7.20000000e-07  -5.25911537e-03  -4.00597894e-03  -1.34317902e-02   3.31131808e-14   3.01580202e-14  -2.19597259e-14
  8.00000000e-07  -4.65785635e-03  -3.59363366e-03  -1.25291075e-02   2.86054453e-14   3.09022085e-14  -1.94978989e-14
  8.80000000e-07  -4.07468705e-03  -3.18596655e-03  -1.17636646e-02   2.45443542e-14   3.15826613e-14  -1.70552180e-14
  9.60000000e-07  -3.51204532e-03  -2.78139987e-03  -1.12694724e-02   2.09893253e-14   3.28488438e-14  -1.46485324e-14
  1.04000000e-06  -2.96149143e-03  -2.37787631e-03  -1.07375033e-02   1.75559179e-14   3.35934660e-14  -1.22815150e-14
  1.12000000e-06  -2.43057067e-03  -1.97708943e-03  -1.02956499e-02   1.43518073e-14   3.43600073e-14  -9.98634277e-15
  1.20000000e-06  -1.90498881e-03  -1.57602401e-03  -1.00194555e-02   1.13846025e-14   3.55693322e-14  -7.75946978e-15
  1.28000000e-06  -1.40605589e-03  -1.17507623e-03  -9.64946605e-03   8.44192222e-15   3.61086750e-14  -5.62728132e-15
  1.36000000e-06  -9.25460154e-04  -7.82798519e-04  -9.37433589e-03   5.67627486e-15   3.68275834e-14  -3.63564357e-15
  1.44000000e-06  -4.68006577e-04  -4.00850967e-04  -9.12610009e-03   3.01496347e-15   3.74551143e-14  -1.79977662e-15
  1.52000000e-06  -4.43366078e-05  -3.70240841e-05  -8.85079112e-03   4.82709729e-16   3.77482721e-14  -1.60324303e-16
  1.60000000e-06   3.44929292e-04   3.09386466e-04  -8.50181959e-03  -1.91149881e-15   3.75261876e-14   1.28804928e-15
  1.68000000e-06   7.10815818e-04   6.33585272e-04  -8.29545693e-03  -4.17713904e-15   3.77689605e-14   2.52676625e-15
  1.76000000e-06   1.02728254e-03   9.34461912e-04  -8.04634119e-03  -6.29093083e-15   3.76122671e-14   3.56493305e-15
  1.84000000e-06   1.30993920e-03   1.21483917e-03  -7.71621412e-03  -8.21687026e-15   3.69621759e-14   4.42438455e-15
  1.92000000e-06   1.54694352e-03   1.45188475e-03  -7.41926877e-03  -9.92593315e-15   3.62757340e-14   5.02924589e-15
  2.00000000e-06   1.73863869e-03   1.66147761e-03  -7.09195955e-03  -1.14224618e-14   3.52983339e-14   5.46927223e-15
  2.08000000e-06   1.89289122e-03   1.83730161e-03  -6.82869960e-03  -1.27584701e-14   3.44561309e-14   5.73402128e-15
  2.16000000e-06   2.00565057e-03   1.98747866e-03  -6.49060801e-03  -1.38326669e-14   3.31719730e-14   5.88313023e-15
  2.24000000e-06   2.07575660e-03   2.08607321e-03  -6.13593619e-03  -1.46004842e-14   3.16905625e-14   5.83477092e-15
  2.32000000e-06   2.09807742e-03   2.15351473e-03  -5.78648390e-03  -1.51459187e-14   3.00899551e-14   5.70672137e-15
  2.40000000e-06   2.08050357e-03   2.16889620e-03  -5.43186996e-03  -1.53865153e-14   2.83596840e-14   5.43045232e-15
  2.48000000e-06   2.02435789e-03   2.15126287e-03  -5.04593638e-03  -1.53454752e-14   2.64099379e-14   5.10311333e-15
  2.56000000e-06   1.92407651e-03   2.09419948e-03  -4.68020258e-03  -1.50786004e-14   2.44225030e-14   4.72911412e-15
  2.64000000e-06   1.78331769e-03   1.98338882e-03  -4.25510324e-03  -1.44059420e-14   2.21144143e-14   4.27042773e-15
  2.72000000e-06   1.60943504e-03   1.83926587e-03  -3.85936870e-03  -1.35499444e-14   1.98465188e-14   3.80768734e-15
  2.80000000e-06   1.39983690e-03   1.64847668e-03  -3.44154167e-03  -1.23801945e-14   1.74195575e-14   3.30825032e-15
  2.88000000e-06   1.16089503e-03   1.41463620e-03  -3.00107110e-03  -1.09152819e-14   1.48546570e-14   2.77982054e-15
  2.96000000e-06   8.92352641e-04   1.14192798e-03  -2.54046513e-03  -9.18170395e-15   1.21593849e-14   2.24046534e-15
  3.04000000e-06   5.85981223e-04   8.38291378e-04  -2.07349281e-03  -7.24687387e-15   9.34830518e-15   1.73141262e-15
  3.12000000e-06   2.64938195e-04   5.02535449e-04  -1.57246274e-03  -5.06334315e-15   6.40303933e-15   1.19321190e-15
  3.20000000e-06  -7.81393869e-05   1.42989109e-04  -1.08164021e-03  -2.76777556e-15   3.44245181e-15   6.55028720e-16
  3.28000000e-06  -4.46387244e-04  -2.51940123e-04  -5.57661207e-04  -2.47013688e-16   2.94935021e-16   6.44796404e-17
  3.36000000e-06  -1.49953720e-03  -1.66708092e-03  -1.14311981e-05   6.03275315e-15  -5.40841206e-15  -2.63114779e-15
  3.44000000e-06  -1.76549952e-03  -2.22021695e-03  -5.50919001e-04   6.89974628e-15  -4.47207863e-15  -4.08864817e-15
  3.52000000e-06  -1.43207796e-03  -1.85901868e-03  -1.10633808e-03   4.43602863e-15  -1.28980461e-15  -3.57482765e-15
  3.60000000e-06  -1.08662367e-03  -1.48785224e-03  -1.68947843e-03   1.88545384e-15   2.02916382e-15  -2.99966819e-15
  3.68000000e-06  -7.47196751e-04  -1.11616122e-03  -2.28905439e-03  -7.19336447e-16   5.36547251e-15  -2.38144035e-15
  3.76000000e-06  -4.19861486e-04  -7.45669737e-04  -2.92486261e-03  -3.44068715e-15   8.75056909e-15  -1.73697818e-15
  3.84000000e-06  -8.09029795e-05  -3.54829537e-04  -3.59068008e-03  -6.37284617e-15   1.22279612e-14  -1.06477310e-15
  3.92000000e-06   2.47527710e-04   2.77846038e-05  -4.29774618e-03  -9.47167874e-15   1.57336282e-14  -4.43802459e-16
  4.00000000e-06   5.58316499e-04   3.99062973e-04  -5.06510102e-03  -1.28073178e-14   1.92771190e-14   1.07055639e-16
  4.08000000e-06   8.65959809e-04   7.68142676e-04  -5.85015761e-03  -1.63577474e-14   2.27285706e-14   5.62999053e-16
  4.16000000e-06   1.14960585e-03   1.11205319e-03  -6.68022862e-03  -2.01435560e-14   2.60634864e-14   8.72250582e-16
  4.24000000e-06   1.42318335e-03   1.45099237e-03  -7.55513644e-03  -2.42782209e-14   2.92791631e-14   1.04981329e-15
  4.32000000e-06   1.66278191e-03   1.75185868e-03  -8.48504286e-03  -2.87123378e-14   3.22586735e-14   1.03361658e-15
  4.40000000e-06   1.86946342e-03   2.02157183e-03  -9.48685747e-03  -3.35573096e-14   3.49811836e-14   8.41460174e-16
  4.48000000e-06   2.03969812e-03   2.24662457e-03  -1.05464348e-02  -3.87704865e-14   3.72949446e-14   4.46373656e-16
  4.56000000e-06   2.17177866e-03   2.43666371e-03  -1.16673208e-02  -4.44305005e-14   3.90960451e-14  -1.05362530e-16
  4.64000000e-06   2.24900296e-03   2.53982261e-03  -1.28182973e-02  -5.02666971e-14   4.01329625e-14  -8.67458828e-16
  4.72000000e-06   2.28182088e-03   2.58030474e-03  -1.40588409e-02  -5.65571848e-14   4.04696583e-14  -1.75187373e-15
  4.80000000e-06   2.24253139e-03   2.55315419e-03  -1.53876581e-02  -6.32833863e-14   3.98360607e-14  -2.61296256e-15
  4.88000000e-06   2.11808675e-03   2.41026649e-03  -1.67180537e-02  -6.99236078e-14   3.78577849e-14  -3.40092920e-15
  4.96000000e-06   1.92426252e-03   2.17042710e-03  -1.80282987e-02  -7.63526557e-14   3.44697891e-14  -3.99973345e-15
  5.04000000e-06   1.63905725e-03   1.83334085e-03  -1.93300915e-02  -8.24700390e-14   2.95410212e-14  -4.19110043e-15
  5.12000000e-06   1.24507899e-03   1.36256012e-03  -2.07442093e-02  -8.84522808e-14   2.30729140e-14  -3.79343668e-15
  5.20000000e-06   7.37845984e-04   7.77640416e-04  -2.20340150e-02  -9.32015657e-14   1.47777121e-14  -2.59946518e-15
  5.28000000e-06   1.43147237e-04   1.00857253e-04  -2.32119814e-02  -9.65581281e-14   4.88824655e-15  -5.74229916e-16
  5.36000000e-06  -5.72282602e-04  -6.74391828e-04  -2.43253931e-02  -9.83987767e-14  -6.50374075e-15   2.49525166e-15
  5.44000000e-06  -1.41610590e-03  -1.54687214e-03  -2.52572415e-02  -9.79506282e-14  -1.91542450e-14   6.66492539e-15
  5.52000000e-06  -2.35431443e-03  -2.48696226e-03  -2.60021161e-02  -9.50414490e-14  -3.25753017e-14   1.17210076e-14
  5.60000000e-06  -3.34457136e-03  -3.42164241e-03  -2.65514790e-02  -8.97282454e-14  -4.62008322e-14   1.72564868e-14
  5.68000000e-06  -4.39125573e-03  -4.35817226e-03  -2.68175204e-02  -8.16139207e-14  -5.94624863e-14   2.30273100e-14
  5.76000000e-06  -5.47704930e-03  -5.27464561e-03  -2.68714422e-02  -7.11395700e-14  -7.19713951e-14   2.86273631e-14
  5.84000000e-06  -6.54701012e-03  -6.12361070e-03  -2.66489247e-02  -5.85231747e-14  -8.30019777e-14   3.34506411e-14
  5.92000000e-06  -7.58090666e-03  -6.88472268e-03  -2.62197160e-02  -4.44757873e-14  -9.23187333e-14   3.71001605e-14
  6.00000000e-06  -8.55398985e-03  -7.55835203e-03  -2.56024163e-02  -2.95086974e-14  -9.96844778e-14   3.92879900e-14
  6.08000000e-06  -9.42585885e-03  -8.12700158e-03  -2.47163324e-02  -1.40949509e-14  -1.04611551e-13   3.97726993e-14
  6.16000000e-06  -1.02145717e-02  -8.59795564e-03  -2.38666717e-02   6.74329266e-16  -1.07987966e-13   3.86140039e-14
  6.24000000e-06  -1.08857377e-02  -8.96936811e-03  -2.28721477e-02   1.47332869e-14  -1.09279764e-13   3.58421842e-14
  6.32000000e-06  -1.14419640e-02  -9.25861575e-03  -2.17872231e-02   2.76548654e-14  -1.08764582e-13   3.16967194e-14
  6.40000000e-06  -1.18936312e-02  -9.47959354e-03  -2.06452546e-02   3.91568696e-14  -1.06740401e-13   2.64534520e-14
  6.48000000e-06  -1.22210816e-02  -9.64030153e-03  -1.95598762e-02   4.90567484e-14  -1.03548892e-13   2.03843833e-14
  6.56000000e-06  -1.24654726e-02  -9.76083463e-03  -1.84932516e-02   5.74202474e-14  -9.94534436e-14   1.37876291e-14
  6.64000000e-06  -1.26167676e-02  -9.83544206e-03  -1.73940440e-02   6.41492545e-14  -9.44646624e-14   6.88428064e-15
  6.72000000e-06  -1.27081616e-02  -9.89154510e-03  -1.63674752e-02   6.94738512e-14  -8.90884625e-14  -1.01566329e-16
  6.80000000e-06  -1.27318945e-02  -9.93299818e-03  -1.53987850e-02   7.34977044e-14  -8.33536528e-14  -7.00141860e-15
  6.88000000e-06  -1.26824202e-02  -9.95742770e-03  -1.45195523e-02   7.63695195e-14  -7.73486970e-14  -1.36613220e-14
  6.96000000e-06  -1.26128160e-02  -9.98032924e-03  -1.36353415e-02   7.81152134e-14  -7.13130052e-14  -2.00600432e-14
  7.04000000e-06  -1.25046703e-02  -1.00076643e-02  -1.28733459e-02   7.91327039e-14  -6.52974841e-14  -2.61045633e-14
  7.12000000e-06  -1.23493544e-02  -1.00160721e-02  -1.20962256e-02   7.91123862e-14  -5.92337524e-14  -3.17204201e-14
  7.20000000e-06  -1.21699635e-02  -1.00291608e-02  -1.14595575e-02   7.86685481e-14  -5.32900495e-14  -3.69070867e-14
  7.28000000e-06  -1.19967431e-02  -1.00640679e-02  -1.07830237e-02   7.74903964e-14  -4.76291361e-14  -4.17591141e-14
  7.36000000e-06  -1.18138989e-02  -1.01169300e-02  -1.01564019e-02   7.58804509e-14  -4.21821254e-14  -4.62457446e-14
  7.44000000e-06  -1.15952287e-02  -1.01457732e-02  -9.72835962e-03   7.42328258e-14  -3.66573297e-14  -5.02479001e-14
  7.52000000e-06  -1.13658079e-02  -1.01828172e-02  -9.26504197e-03   7.20167834e-14  -3.13774854e-14  -5.38602770e-14
  7.60000000e-06  -1.11381202e-02  -1.02274932e-02  -8.81933068e-03   6.94486493e-14  -2.63612977e-14  -5.71378291e-14
  7.68000000e-06  -1.09077256e-02  -1.02814347e-02  -8.43142275e-03   6.67265137e-14  -2.15156803e-14  -6.00874201e-14
  7.76000000e-06  -1.06815247e-02  -1.03499557e-02  -8.05846079e-03   6.37556285e-14  -1.69293159e-14  -6.27650447e-14
  7.84000000e-06  -1.04555117e-02  -1.04184170e-02  -7.67910389e-03   6.04426209e-14  -1.26452527e-14  -6.51397638e-14
  7.92000000e-06  -1.02192893e-02  -1.04901350e-02  -7.39668540e-03   5.72229402e-14  -8.36597509e-15  -6.71946342e-14
  8.00000000e-06  -9.98498764e-03  -1.05663472e-02  -7.20658326e-03   5.41176694e-14  -4.08599999e-15  -6.89911082e-14
  8.08000000e-06  -9.74115145e-03  -1.06385259e-02  -6.95251829e-03   5.05320591e-14  -2.15829141e-16  -7.04700536e-14
  8.16000000e-06  -9.50351054e-03  -1.07152234e-02  -6.76374307e-03   4.70119929e-14   3.58000657e-15  -7.17264885e-14
  8.24000000e-06  -9.26115749e-03  -1.07874532e-02  -6.56389073e-03   4.32631961e-14   7.09506969e-15  -7.27015461e-14
  8.32000000e-06  -9.01545935e-03  -1.08579912e-02  -6.44792877e-03   3.96768167e-14   1.06550955e-14  -7.34185625e-14
  8.40000000e-06  -8.77257702e-03  -1.09249076e-02  -6.37499495e-03   3.61034729e-14   1.41347642e-14  -7.39046059e-14
  8.48000000e-06  -8.52489426e-03  -1.09931634e-02  -6.25706571e-03   3.22420737e-14   1.72050997e-14  -7.41559643e-14
  8.56000000e-06  -8.26909547e-03  -1.10552514e-02  -6.17649960e-03   2.84096167e-14   2.01733949e-14  -7.41429315e-14
  8.64000000e-06  -8.02484787e-03  -1.11132293e-02  -6.23849454e-03   2.49903863e-14   2.34692448e-14  -7.39542439e-14
  8.72000000e-06  -7.77020071e-03  -1.11668470e-02  -6.19476292e-03   2.11037474e-14   2.61001211e-14  -7.35195869e-14
  8.80000000e-06  -7.52180094e-03  -1.12230889e-02  -6.24346850e-03   1.74637788e-14   2.88697600e-14  -7.29349319e-14
  8.88000000e-06  -7.27500159e-03  -1.12665654e-02  -6.35521388e-03   1.39551062e-14   3.16753368e-14  -7.21290711e-14
  8.96000000e-06  -7.03063640e-03  -1.13135582e-02  -6.47950246e-03   1.04014378e-14   3.43039656e-14  -7.11827244e-14
  9.04000000e-06  -6.78402917e-03  -1.13513776e-02  -6.56374347e-03   6.66963414e-15   3.65096242e-14  -7.00334381e-14
  9.12000000e-06  -6.54473773e-03  -1.13871414e-02  -6.73583598e-03   3.13817548e-15   3.88639302e-14  -6.87498340e-14
  9.20000000e-06  -6.31056532e-03  -1.14202899e-02  -6.90487919e-03  -4.66067338e-16   4.09655959e-14  -6.73288873e-14
  9.28000000e-06  -6.07748525e-03  -1.14527562e-02  -7.06220907e-03  -4.15861337e-15   4.27658356e-14  -6.57744304e-14
  9.36000000e-06  -5.85022728e-03  -1.14839638e-02  -7.34822799e-03  -7.59296107e-15   4.48846918e-14  -6.41016618e-14
  9.44000000e-06  -5.63189226e-03  -1.15072664e-02  -7.62256215e-03  -1.11242399e-14   4.67077833e-14  -6.22924913e-14
  9.52000000e-06  -5.41965466e-03  -1.15305023e-02  -7.91641271e-03  -1.46959306e-14   4.83601543e-14  -6.03770951e-14
  9.60000000e-06  -5.20900132e-03  -1.15510223e-02  -8.27084911e-03  -1.82328639e-14   4.99935926e-14  -5.83376730e-14
  9.68000000e-06  -5.01183610e-03  -1.15770204e-02  -8.61235256e-03  -2.19088134e-14   5.13161340e-14  -5.62313894e-14
  9.76000000e-06  -4.81696933e-03  -1.15971258e-02  -8.98858590e-03  -2.56056685e-14   5.24815234e-14  -5.39899282e-14
  9.84000000e-06  -4.63216629e-03  -1.16238615e-02  -9.32622552e-03  -2.94626777e-14   5.32023670e-14  -5.16758812e-14
  9.92000000e-06  -4.46359134e-03  -1.16596227e-02  -9.75572590e-03  -3.33360501e-14   5.40088309e-14  -4.92965968e-14
  1.00000000e-05  -4.29118102e-03  -1.16949759e-02  -1.02505761e-02  -3.72630588e-14   5.46815169e-14  -4.67872720e-14
  1.00800000e-05  -4.13771747e-03  -1.17362227e-02  -1.07609452e-02  -4.13317160e-14   5.50840332e-14  -4.41838067e-14
  1.01600000e-05  -3.98537408e-03  -1.17604283e-02  -1.12659731e-02  -4.54469532e-14   5.50473612e-14  -4.13863439e-14
  1.02400000e-05  -3.83588836e-03  -1.17575653e-02  -1.17506068e-02  -4.95239870e-14   5.45126198e-14  -3.83782055e-14
  1.03200000e-05  -3.69500461e-03  -1.17557280e-02  -1.23384426e-02  -5.36479549e-14   5.38705915e-14  -3.52604129e-14
  1.04000000e-05  -3.56214736e-03  -1.17687539e-02  -1.29397996e-02  -5.79028320e-14   5.27808945e-14  -3.20644022e-14
  1.04800000e-05  -3.44784751e-03  -1.17807563e-02  -1.35877531e-02  -6.22134184e-14   5.13422897e-14  -2.87279744e-14
  1.05600000e-05  -3.33143876e-03  -1.17425573e-02  -1.42603895e-02  -6.63058496e-14   4.93536958e-14  -2.51497147e-14
  1.06400000e-05  -3.22570375e-03  -1.16884693e-02  -1.48985424e-02  -7.02457946e-14   4.67156758e-14  -2.14411995e-14
  1.07200000e-05  -3.12383668e-03  -1.16145685e-02  -1.56300475e-02  -7.40708459e-14   4.36332910e-14  -1.76196919e-14
  1.08000000e-05  -3.02536411e-03  -1.14914837e-02  -1.63067619e-02  -7.74349890e-14   3.97965190e-14  -1.36784981e-14
  1.08800000e-05  -2.92818623e-03  -1.13253355e-02  -1.70188571e-02  -8.03834756e-14   3.53551187e-14  -9.69693764e-15
  1.09600000e-05  -2.83142639e-03  -1.10969102e-02  -1.77859917e-02  -8.27903127e-14   3.02965691e-14  -5.72268521e-15
  1.10400000e-05  -2.73350571e-03  -1.08124319e-02  -1.85874317e-02  -8.45932412e-14   2.45751224e-14  -1.85505615e-15
  1.11200000e-05  -2.62764694e-03  -1.04570180e-02  -1.93517454e-02  -8.55264261e-14   1.81465096e-14   1.80732400e-15
  1.12000000e-05  -2.51683173e-03  -9.99341874e-03  -2.01162733e-02  -8.53729066e-14   1.11289891e-14   5.15267369e-15
  1.12800000e-05  -2.39599309e-03  -9.46305327e-03  -2.08936576e-02  -8.43003584e-14   3.57447409e-15   8.04826233e-15
  1.13600000e-05  -2.25343609e-03  -8.81632988e-03  -2.16294793e-02  -8.18984520e-14  -4.44151858e-15   1.03428667e-14
  1.14400000e-05  -2.08241676e-03  -8.07206667e-03  -2.23147132e-02  -7.82001775e-14  -1.27553634e-14   1.19117598e-14
  1.15200000e-05  -1.88577867e-03  -7.20790291e-03  -2.29366675e-02  -7.30493249e-14  -2.11411623e-14   1.26495404e-14
  1.16000000e-05  -1.64723964e-03  -6.20607274e-03  -2.34733240e-02  -6.63266560e-14  -2.94074720e-14   1.24294628e-14
  1.16800000e-05  -1.37751881e-03  -5.14017345e-03  -2.39668286e-02  -5.84910795e-14  -3.73383307e-14   1.13698005e-14
  1.17600000e-05  -1.05762694e-03  -3.95413209e-03  -2.42735827e-02  -4.91276878e-14  -4.45238080e-14   9.39341286e-15
  1.18400000e-05  -7.09852150e-04  -2.70018013e-03  -2.44856428e-02  -3.87233038e-14  -5.08015693e-14   6.72480645e-15
  1.19200000e-05  -3.03388293e-04  -1.36088210e-03  -2.44243730e-02  -2.71625200e-14  -5.57268607e-14   3.44240065e-15
  1.20000000e-05   1.42266941e-04  -2.38248284e-05  -2.42531106e-02  -1.52155130e-14  -5.94445082e-14  -3.08582800e-17
  1.20800000e-05   6.08553548e-04   1.33808344e-03  -2.38570626e-02  -2.86805746e-15  -6.15627607e-14  -3.52606180e-15
  1.21600000e-05   1.08560071e-03   2.66062219e-03  -2.32064833e-02   9.31383319e-15  -6.19945336e-14  -6.67196858e-15
  1.22400000e-05   1.59470137e-03   3.94637766e-03  -2.23593136e-02   2.10713931e-14  -6.11309983e-14  -9.28666371e-15
  1.23200000e-05   2.07130620e-03   5.11712142e-03  -2.13323194e-02   3.18011147e-14  -5.89125155e-14  -1.10439303e-14
  1.24000000e-05   2.53124984e-03   6.21493505e-03  -2.01988996e-02   4.15525684e-14  -5.58475649e-14  -1.19763483e-14
  1.24800000e-05   2.95569702e-03   7.15588987e-03  -1.87910982e-02   4.96683510e-14  -5.17724141e-14  -1.19031413e-14
  1.25600000e-05   3.32768120e-03   7.95620878e-03  -1.72883865e-02   5.61901748e-14  -4.73044529e-14  -1.09542389e-14
  1.26400000e-05   3.64801804e-03   8.60848672e-03  -1.56475584e-02   6.09835970e-14  -4.26421183e-14  -9.24200716e-15
  1.27200000e-05   3.89317441e-03   9.08921020e-03  -1.39488792e-02   6.39924289e-14  -3.80441782e-14  -6.92943461e-15
  1.28000000e-05   4.06275880e-03   9.42474912e-03  -1.21561690e-02   6.53255221e-14  -3.36482956e-14  -4.25503339e-15
  1.28800000e-05   4.15975185e-03   9.59254053e-03  -1.03313493e-02   6.49981796e-14  -2.96874944e-14  -1.39402849e-15
  1.29600000e-05   4.18792888e-03   9.61241179e-03  -8.49448543e-03   6.32248069e-14  -2.62676283e-14   1.44631888e-15
  1.30400000e-05   4.15022148e-03   9.49586970e-03  -6.66426839e-03   6.01881925e-14  -2.34331437e-14   4.09290986e-15
  1.31200000e-05   4.04514589e-03   9.24456764e-03  -4.84798227e-03   5.60055473e-14  -2.11507498e-14   6.39875941e-15
  1.32000000e-05   3.90301252e-03   8.87906392e-03  -3.11103212e-03   5.09963750e-14  -1.95068846e-14   8.30483719e-15
  1.32800000e-05   3.69861025e-03   8.41640581e-03  -1.39511147e-03   4.52268689e-14  -1.82687960e-14   9.69023635e-15
  1.33600000e-05  -4.18274010e-03  -1.05297861e-02  -3.74178549e-04  -5.22494174e-14   2.11876444e-14  -1.21750161e-14
  1.34400000e-05  -6.29417730e-03  -1.55876938e-02  -2.61526407e-03  -7.45078160e-14   3.22515893e-14  -1.29097834e-14
  1.35200000e-05  -5.87351882e-03  -1.45448493e-02  -4.75479288e-03  -6.63378964e-14   2.92171990e-14  -7.42889858e-15
  1.36000000e-05  -5.43273438e-03  -1.34177328e-02  -6.73104485e-03  -5.80780823e-14   2.50782327e-14  -3.11544954e-15
  1.36800000e-05  -4.97740468e-03  -1.22279515e-02  -8.62045817e-03  -4.96696891e-14   2.01652107e-14   7.50453007e-17
  1.37600000e-05  -4.51449074e-03  -1.10049283e-02  -1.03090420e-02  -4.13847286e-14   1.48791201e-14   2.23952174e-15
  1.38400000e-05  -4.03704886e-03  -9.75978144e-03  -1.18023924e-02  -3.31945600e-14   9.47297375e-15   3.52080373e-15
  1.39200000e-05  -3.56208693e-03  -8.51790628e-03  -1.30805487e-02  -2.51909909e-14   4.29680441e-15   4.06196432e-15
  1.40000000e-05  -3.08210786e-03  -7.27891021e-03  -1.42128674e-02  -1.72267080e-14  -5.73074344e-16   4.02916085e-15
  1.40800000e-05  -2.60229501e-03  -6.07360827e-03  -1.51345904e-02  -9.52172053e-15  -4.89572559e-15   3.60188442e-15
  1.41600000e-05  -2.13856017e-03  -4.92064706e-03  -1.58439178e-02  -2.17167564e-15  -8.48849562e-15   2.92939856e-15
  1.42400000e-05  -1.68948011e-03  -3.82763178e-03  -1.64098797e-02   4.86370205e-15  -1.13931127e-14   2.15671980e-15
  1.43200000e-05  -1.26392003e-03  -2.81627151e-03  -1.67964128e-02   1.13913956e-14  -1.35035730e-14   1.40696202e-15
  1.44000000e-05  -8.61202777e-04  -1.88844019e-03  -1.69675623e-02   1.72852561e-14  -1.48126623e-14   7.71278520e-16
  1.44800000e-05  -4.87869916e-04  -1.05324543e-03  -1.69816956e-02   2.25245746e-14  -1.54213289e-14   3.09355559e-16
  1.45600000e-05  -1.56568590e-04  -3.36551035e-04  -1.67876395e-02   2.68246789e-14  -1.53016720e-14   5.65827850e-17
  1.46400000e-05   1.24306587e-04   2.66074439e-04  -1.65463387e-02   3.04192313e-14  -1.46665729e-14  -7.31819446e-18
  1.47200000e-05   3.65035765e-04   7.45600498e-04  -1.61845105e-02   3.30883140e-14  -1.36032535e-14   1.19609763e-16
  1.48000000e-05   5.61561432e-04   1.10004797e-03  -1.56845386e-02   3.47528682e-14  -1.21867519e-14   3.89546602e-16
  1.48800000e-05   7.04520753e-04   1.33028918e-03  -1.50830094e-02   3.54510399e-14  -1.05198820e-14   7.28071425e-16
  1.49600000e-05   8.05309800e-04   1.44401321e-03  -1.43711988e-02   3.51960837e-14  -8.74785469e-15   1.09327925e-15
  1.50400000e-05   8.46678048e-04   1.41881867e-03  -1.35975297e-02   3.39671236e-14  -6.89747181e-15   1.39532374e-15
  1.51200000e-05   8.41978828e-04   1.27157271e-03  -1.27387174e-02   3.18153935e-14  -5.09594264e-15   1.59419708e-15
  1.52000000e-05   7.90388424e-04   1.00557334e-03  -1.17843404e-02   2.87560669e-14  -3.39527954e-15   1.63897674e-15
  1.52800000e-05   6.98420917e-04   6.32887580e-04  -1.07428138e-02   2.48894393e-14  -1.87233764e-15   1.50782896e-15
  1.53600000e-05   5.64145339e-04   1.54191289e-04  -9.63594249e-03   2.02884429e-14  -5.25661865e-16   1.17939454e-15
  1.54400000e-05   3.97391230e-04  -4.13343831e-04  -8.44964221e-03   1.50346658e-14   6.03514786e-16   6.77565403e-16
  1.55200000e-05   1.97498613e-04  -1.06540513e-03  -7.13889502e-03   9.07863529e-15   1.53525585e-15   2.20410040e-17
  1.56000000e-05  -2.02082485e-05  -1.77794445e-03  -5.72523670e-03   2.60136505e-15   2.25683419e-15  -7.10030880e-16
  1.56800000e-05  -2.55054035e-04  -2.53127057e-03  -4.20397878e-03  -4.29569440e-15   2.85121284e-15  -1.45613412e-15
  1.57600000e-05  -4.94925407e-04  -3.29374401e-03  -2.55966696e-03  -1.14745910e-14   3.36882793e-15  -2.11628712e-15
  1.58400000e-05  -7.33751316e-04  -4.02566246e-03  -8.19365467e-04  -1.86714571e-14   3.93248746e-15  -2.60037926e-15
  1.59200000e-05   2.22281837e-03   8.23248958e-03  -9.10057489e-04   4.32353071e-14  -1.08776936e-14   7.20145245e-15
  1.60000000e-05   2.36763918e-03   8.69982281e-03  -2.61596927e-03   4.88202285e-14  -1.04958867e-14   9.28005216e-15
  1.60800000e-05   2.46946201e-03   9.03632413e-03  -4.37203376e-03   5.38808434e-14  -9.14468168e-15   1.15329365e-14
  1.61600000e-05   2.51967084e-03   9.21705557e-03  -6.13789888e-03   5.81771015e-14  -6.69849009e-15   1.38234260e-14
  1.62400000e-05   2.51994763e-03   9.23858412e-03  -7.87123998e-03   6.15503431e-14  -3.14502513e-15   1.60137491e-14
  1.63200000e-05   2.46109864e-03   9.07963385e-03  -9.53766624e-03   6.37567645e-14   1.51704253e-15   1.78959792e-14
  1.64000000e-05   2.35338543e-03   8.76150077e-03  -1.10773937e-02   6.46996469e-14   7.07958628e-15   1.93448941e-14
  1.64800000e-05   2.21577952e-03   8.33522138e-03  -1.24729912e-02   6.45130477e-14   1.32798102e-14   2.03348855e-14
  1.65600000e-05   2.04005914e-03   7.79012460e-03  -1.36836394e-02   6.30072231e-14   1.98899948e-14   2.07170030e-14
  1.66400000e-05   1.85509139e-03   7.20066010e-03  -1.47125731e-02   6.05015557e-14   2.65628501e-14   2.06290203e-14
  1.67200000e-05   1.66500501e-03   6.58843060e-03  -1.55598736e-02   5.70875267e-14   3.30640314e-14   2.01088455e-14
  1.68000000e-05   1.48159528e-03   5.98826829e-03  -1.62464894e-02   5.29777113e-14   3.91965539e-14   1.92786884e-14
  1.68800000e-05   1.30989105e-03   5.42212366e-03  -1.67848183e-02   4.83278811e-14   4.48061148e-14   1.82455686e-14
  1.69600000e-05   1.15463043e-03   4.90848665e-03  -1.71959515e-02   4.33058168e-14   4.98003839e-14   1.71230265e-14
  1.70400000e-05   1.01834971e-03   4.44747237e-03  -1.75064819e-02   3.80129463e-14   5.41511560e-14   1.59681565e-14
  1.71200000e-05   8.99699647e-04   4.05050147e-03  -1.77262585e-02   3.25765527e-14   5.78241342e-14   1.48664115e-14
  1.72000000e-05   7.99426439e-04   3.72063847e-03  -1.78821257e-02   2.71028177e-14   6.08610495e-14   1.38746744e-14
  1.72800000e-05   7.17894266e-04   3.44612294e-03  -1.79811829e-02   2.16125936e-14   6.32578602e-14   1.29863492e-14
  1.73600000e-05   6.50462017e-04   3.22786469e-03  -1.80411004e-02   1.61797514e-14   6.50824048e-14   1.22277192e-14
  1.74400000e-05   5.94670756e-04   3.06476983e-03  -1.80613827e-02   1.08554992e-14   6.63384910e-14   1.16141525e-14
  1.75200000e-05   5.48141149e-04   2.94598643e-03  -1.80495284e-02   5.65318119e-15   6.70669490e-14   1.11181333e-14
  1.76000000e-05   5.14643850e-04   2.87796057e-03  -1.80198908e-02   6.39858714e-16   6.73193062e-14   1.07698548e-14
  1.76800000e-05   4.86723031e-04   2.84568561e-03  -1.79671230e-02  -4.19791120e-15   6.71179475e-14   1.05166173e-14
  1.77600000e-05   4.65096668e-04   2.85619419e-03  -1.78959907e-02  -8.79727045e-15   6.64976417e-14   1.03843704e-14
  1.78400000e-05   4.48471717e-04   2.89763767e-03  -1.78135410e-02  -1.31760616e-14   6.55110853e-14   1.03246344e-14
  1.79200000e-05   4.35303745e-04   2.96549556e-03  -1.77130488e-02  -1.73124092e-14   6.41614595e-14   1.03163701e-14
  1.80000000e-05   4.22806219e-04   3.07496015e-03  -1.76041465e-02  -2.11395190e-14   6.25217264e-14   1.04131090e-14
  1.80800000e-05   4.15693156e-04   3.22030953e-03  -1.74867006e-02  -2.46597505e-14   6.06013962e-14   1.05739996e-14
  1.81600000e-05   4.11468936e-04   3.41982576e-03  -1.73635571e-02  -2.78003956e-14   5.84488573e-14   1.08529553e-14
  1.82400000e-05   4.05359817e-04   3.64375561e-03  -1.72288427e-02  -3.06425772e-14   5.60927521e-14   1.11421883e-14
  1.83200000e-05   4.03222145e-04   3.91905586e-03  -1.70958429e-02  -3.31191689e-14   5.35851097e-14   1.15027178e-14
  1.84000000e-05   3.98342119e-04   4.21464394e-03  -1.69623901e-02  -3.53331857e-14   5.09652578e-14   1.18335752e-14
  1.84800000e-05   3.88817404e-04   4.53936549e-03  -1.68320728e-02  -3.72668928e-14   4.82704897e-14   1.21569922e-14
  1.85600000e-05   3.80961705e-04   4.90270181e-03  -1.67044967e-02  -3.88942207e-14   4.54999930e-14   1.24670436e-14
  1.86400000e-05   3.70513112e-04   5.30935354e-03  -1.65790697e-02  -4.02063095e-14   4.26877674e-14   1.27719762e-14
  1.87200000e-05   3.60259601e-04   5.76530124e-03  -1.64544487e-02  -4.11895215e-14   3.98423284e-14   1.30581163e-14
  1.88000000e-05   3.46317367e-04   6.25263785e-03  -1.63326104e-02  -4.19189160e-14   3.69991375e-14   1.32755851e-14
  1.88800000e-05   3.28812179e-04   6.78366575e-03  -1.62213562e-02  -4.23977370e-14   3.41900209e-14   1.34386286e-14
  1.89600000e-05   3.10775603e-04   7.36176956e-03  -1.61144294e-02  -4.26062457e-14   3.14043990e-14   1.35252053e-14
  1.90400000e-05   2.88769651e-04   7.99536264e-03  -1.60061273e-02  -4.25089883e-14   2.86575653e-14   1.35480817e-14
  1.91200000e-05   2.66215359e-04   8.66500387e-03  -1.59011278e-02  -4.21942472e-14   2.59633771e-14   1.34418143e-14
  1.92000000e-05   2.39818490e-04   9.39053947e-03  -1.57956839e-02  -4.15976658e-14   2.33386103e-14   1.32432538e-14
  1.92800000e-05   2.10236863e-04   1.01690300e-02  -1.56873817e-02  -4.07279832e-14   2.07939109e-14   1.29334126e-14
  1.93600000e-05   1.83085868e-04   1.09935363e-02  -1.55715476e-02  -3.95908625e-14   1.83247011e-14   1.24717687e-14
  1.94400000e-05   1.54260738e-04   1.18597114e-02  -1.54419298e-02  -3.81732592e-14   1.59536521e-14   1.18713838e-14
  1.95200000e-05   1.22276519e-04   1.27953692e-02  -1.53003474e-02  -3.64109664e-14   1.37085894e-14   1.11732271e-14
  1.96000000e-05   8.93154737e-05   1.37750305e-02  -1.51384395e-02  -3.43369901e-14   1.15982494e-14   1.03510943e-14
  1.96800000e-05   5.73705460e-05   1.48054599e-02  -1.49485266e-02  -3.18977005e-14   9.63781095e-15   9.42315177e-15
  1.97600000e-05   2.92539986e-05   1.58910463e-02  -1.47321275e-02  -2.90885139e-14   7.84741620e-15   8.40697981e-15
  1.98400000e-05  -1.51972632e-06   1.70157727e-02  -1.44795861e-02  -2.59057880e-14   6.26365846e-15   7.36349491e-15
  1.99200000e-05  -2.81988938e-05   1.81879965e-02  -1.41800423e-02  -2.22793300e-14   4.88989375e-15   6.31631563e-15
  2.00000000e-05  -5.41920073e-05   1.94179660e-02  -1.38354340e-02  -1.81992808e-14   3.76258457e-15   5.35205436e-15
  2.00800000e-05  -7.74222163e-05   2.06817287e-02  -1.34380730e-02  -1.37020345e-14   2.89181424e-15   4.52956012e-15
  2.01600000e-05  -9.86431904e-05   2.19672153e-02  -1.29788488e-02  -8.79324723e-15   2.28928768e-15   3.94154137e-15
  2.02400000e-05  -1.20815596e-04   2.32879481e-02  -1.24536790e-02  -3.45226982e-15   1.96550181e-15   3.70891142e-15
  2.03200000e-05  -1.43324890e-04   2.46331934e-02  -1.18614027e-02   2.25337167e-15   1.91041234e-15   3.94022474e-15
  2.04000000e-05  -1.69948724e-04   2.59927395e-02  -1.11945541e-02   8.27036985e-15   2.10929322e-15   4.77203198e-15
  2.04800000e-05  -2.05001824e-04   2.73626283e-02  -1.04521457e-02   1.45075079e-14   2.53196836e-15   6.34388817e-15
  2.05600000e-05  -2.49104937e-04   2.87346087e-02  -9.63202066e-03   2.08456753e-14   3.12196553e-15   8.77445141e-15
  2.06400000e-05  -3.08509393e-04   3.00985068e-02  -8.73724687e-03   2.71108031e-14   3.81697722e-15   1.21916410e-14
  2.07200000e-05  -3.86303344e-04   3.14558367e-02  -7.76595524e-03   3.31534439e-14   4.52860298e-15   1.66938523e-14
  2.08000000e-05  -4.94875051e-04   3.28099444e-02  -6.71475405e-03   3.88047559e-14   5.16971579e-15   2.24006093e-14
  2.08800000e-05  -6.45408073e-04   3.41153296e-02  -5.58915299e-03   4.37167600e-14   5.63573844e-15   2.93514822e-14
  2.09600000e-05  -8.38383591e-04   3.54241842e-02  -4.40066362e-03   4.77056421e-14   5.79324701e-15   3.75455694e-14
  2.10400000e-05  -1.09180803e-03   3.67326385e-02  -3.14304192e-03   5.05166645e-14   5.52214818e-15   4.69890560e-14
  2.11200000e-05  -1.40471067e-03   3.80188810e-02  -1.81921358e-03   5.18051619e-14   4.66559708e-15   5.75026031e-14
  2.12000000e-05  -1.79590798e-03   3.92949837e-02  -4.31660951e-04   5.12835942e-14   3.10143114e-15   6.89663273e-14
  2.12800000e-05  -2.26988569e-03   4.05593095e-02   1.02160863e-03   4.86596108e-14   6.80798592e-16   8.10868574e-14
  2.13600000e-05  -2.83972793e-03   4.18496491e-02   2.54755759e-03   4.37101732e-14  -2.73169422e-15   9.35976658e-14
  2.14400000e-05  -3.51246265e-03   4.31590371e-02   4.14022475e-03   3.60940468e-14  -7.23414139e-15   1.06032304e-13
  2.15200000e-05  -4.30054889e-03   4.45550952e-02   5.81332171e-03   2.56074678e-14  -1.29224973e-14   1.17985775e-13
  2.16000000e-05  -5.22430745e-03   4.60633171e-02   7.57916100e-03   1.19862816e-14  -1.98476779e-14   1.28888924e-13
  2.16800000e-05  -6.26357422e-03   4.76882111e-02   9.45556284e-03  -4.95929075e-15  -2.79661278e-14   1.37759300e-13
  2.17600000e-05  -7.44971418e-03   4.95057612e-02   1.14555010e-02  -2.54371331e-14  -3.71079812e-14   1.43822560e-13
  2.18400000e-05  -8.75308293e-03   5.15517986e-02   1.35946449e-02  -4.95292812e-14  -4.68283534e-14   1.45686184e-13
  2.19200000e-05  -1.01939465e-02   5.39737423e-02   1.59058771e-02  -7.73023639e-14  -5.64818731e-14   1.42118658e-13
  2.20000000e-05  -1.17170562e-02   5.67331475e-02   1.83891643e-02  -1.08125544e-13  -6.47567808e-14   1.30889196e-13
  2.20800000e-05  -1.33138013e-02   5.99772880e-02   2.11026342e-02  -1.40868023e-13  -7.00180996e-14   1.10128756e-13
  2.21600000e-05  -1.49082431e-02   6.38792293e-02   2.40598339e-02  -1.73674191e-13  -6.97376308e-14   7.75403958e-14
  2.22400000e-05  -1.64234628e-02   6.83520114e-02   2.73377924e-02  -2.01623047e-13  -6.09228864e-14   3.11968578e-14
  2.23200000e-05  -1.76681884e-02   7.35037832e-02   3.09947211e-02  -2.18214768e-13  -4.00596917e-14  -2.93895448e-14
  2.24000000e-05  -1.85204947e-02   7.93184067e-02   3.51622550e-02  -2.13664186e-13  -4.93415270e-15  -1.01409802e-13
  2.24800000e-05  -1.87002985e-02   8.54788157e-02   3.99658907e-02  -1.75554913e-13   4.41380288e-14  -1.76545439e-13
  2.25600000e-05  -1.81864695e-02   9.15216726e-02   4.55823822e-02  -9.33590332e-14   1.00080335e-13  -2.38192704e-13
  2.26400000e-05  -1.69469797e-02   9.71107364e-02   5.22413781e-02   3.42423592e-14   1.48421823e-13  -2.64791024e-13
  2.27200000e-05  -1.52596919e-02   1.01523108e-01   5.98554022e-02   1.91958861e-13   1.66471677e-13  -2.33420686e-13
  2.28000000e-05  -1.39022540e-02   1.04421350e-01   6.84669514e-02   3.44150590e-13   1.32140346e-13  -1.31651902e-13
  2.28800000e-05  -1.35278390e-02   1.05940756e-01   7.77236121e-02   4.39554040e-13   3.41604380e-14   2.99424281e-14
  2.29600000e-05  -1.49408101e-02   1.06757176e-01   8.72846326e-02   4.28179192e-13  -1.17343543e-13   2.16814905e-13
  2.30400000e-05  -1.86327660e-02   1.08135784e-01   9.68497010e-02   2.78012235e-13  -2.87818777e-13   3.74845205e-13
  2.31200000e-05  -2.42747407e-02   1.11497762e-01   1.06089747e-01  -9.61717918e-15  -4.18326049e-13   4.37450035e-13
  2.32000000e-05  -3.10130831e-02   1.18450131e-01   1.15081628e-01  -3.79924564e-13  -4.31439379e-13   3.41682854e-13
  2.32800000e-05  -3.67082535e-02   1.29579897e-01   1.23747052e-01  -6.94477450e-13  -2.48537989e-13   5.42434949e-14
  2.33600000e-05  -3.88179517e-02   1.43725587e-01   1.32758610e-01  -7.23548249e-13   1.36661188e-13  -3.59512430e-13
  2.34400000e-05  -3.53592465e-02   1.56828784e-01   1.43471009e-01  -2.72607129e-13   5.48916950e-13  -6.67209082e-13
  2.35200000e-05  -2.82062037e-02   1.63242493e-01   1.56794763e-01   5.16761745e-13   6.32038328e-13  -5.65067504e-13
  2.36000000e-05  -2.36525306e-02   1.61398092e-01   1.72045683e-01   1.06035904e-12   1.72012819e-13  -1.55910117e-14
  2.36800000e-05  -2.74590445e-02   1.56725181e-01   1.86843170e-01   8.08079613e-13  -5.66936525e-13   5.94307644e-13
  2.37600000e-05  -3.89468619e-02   1.58288010e-01   1.99040522e-01  -2.04703372e-13  -9.76293307e-13   7.36347398e-13
  2.38400000e-05  -5.03916421e-02   1.71678325e-01   2.07859183e-01  -1.22759026e-12  -5.37093289e-13   1.45997819e-13
  2.39200000e-05  -5.13603477e-02   1.91899381e-01   2.15652861e-01  -1.09503609e-12   5.84912530e-13  -7.81282408e-13
  2.40000000e-05  -3.93454057e-02   2.02446677e-01   2.26116495e-01   4.50101169e-13   1.15138392e-12  -9.52537478e-13
  2.40800000e-05  -3.00615485e-02   1.94729873e-01   2.39799236e-01   1.59933440e-12   2.18472013e-13   2.30836489e-14
  2.41600000e-05  -3.73640913e-02   1.83435101e-01   2.51269497e-01   7.58764491e-13  -1.13232940e-12   9.39467413e-13
  2.42400000e-05  -5.41122899e-02   1.88137268e-01   2.56547062e-01  -1.14082540e-12  -1.14489073e-12   5.98969789e-13
  2.43200000e-05  -5.94504155e-02   2.08347826e-01   2.57030830e-01  -1.61466541e-12   4.11607584e-13  -7.07113910e-13
  2.44000000e-05  -4.53046150e-02   2.19461145e-01   2.58960614e-01   3.17218621e-13   1.42052226e-12  -1.14835213e-12
  2.44800000e-05  -3.27800085e-02   2.06207901e-01   2.64678165e-01   1.81241028e-12   2.48947240e-13   3.05122881e-14
  2.45600000e-05  -4.07444661e-02   1.89730048e-01   2.67538413e-01   6.85266643e-13  -1.30000903e-12   1.02628851e-12
  2.46400000e-05  -5.74033271e-02   1.92500590e-01   2.63295090e-01  -1.34891320e-12  -1.06928742e-12   4.87689893e-13
  2.47200000e-05  -5.91811595e-02   2.09028166e-01   2.54157828e-01  -1.46847883e-12   5.99501243e-13  -8.34988744e-13
  2.48000000e-05  -4.32433744e-02   2.12714610e-01   2.46853291e-01   5.03886199e-13   1.30779162e-12  -1.03866003e-12
  2.48800000e-05  -3.19650795e-02   1.95132250e-01   2.43249505e-01   1.63355355e-12   1.64445027e-13   8.27468933e-14
  2.49600000e-05  -3.81786098e-02   1.76659436e-01   2.37537461e-01   6.68326173e-13  -1.06269750e-12   8.97758626e-13
  2.50400000e-05  -5.12827033e-02   1.73488360e-01   2.26532516e-01  -9.02467040e-13  -1.01221098e-12   5.70893205e-13
  2.51200000e-05  -5.55207055e-02   1.82051166e-01   2.11642563e-01  -1.35045733e-12   5.07229519e-14  -3.97899717e-13
  2.52000000e-05  -4.59365144e-02   1.86533526e-01   1.97200627e-01  -3.47556080e-13   8.88615798e-13  -9.21509004e-13
  2.52800000e-05  -3.28487669e-02   1.76963356e-01   1.86123217e-01   8.36753316e-13   7.12614363e-13  -5.29865731e-13
  2.53600000e-05  -2.75176354e-02   1.59248854e-01   1.77122881e-01   1.08944010e-12  -3.57405192e-14   2.01388166e-13
  2.54400000e-05  -3.11963488e-02   1.44196508e-01   1.67325445e-01   5.20891571e-13  -6.04807227e-13   6.18322009e-13
  2.55200000e-05  -3.84054862e-02   1.36759561e-01   1.55571859e-01  -2.45202108e-13  -6.99598940e-13   5.54468773e-13
  2.56000000e-05  -4.35023827e-02   1.36024534e-01   1.42224160e-01  -7.25105334e-13  -4.10105203e-13   1.70439110e-13
  2.56800000e-05  -4.33200715e-02   1.37613367e-01   1.28239301e-01  -7.29735253e-13   1.38635979e-14  -2.61386326e-13
  2.57600000e-05  -3.82355027e-02   1.37090820e-01   1.15280575e-01  -3.64631528e-13   3.22659835e-13  -5.04643309e-13
  2.58400000e-05  -3.09640531e-02   1.32027222e-01   1.04207180e-01   9.24621852e-14   4.00391643e-13  -4.79809478e-13
  2.59200000e-05  -2.47373727e-02   1.23016396e-01   9.50181572e-02   4.04982264e-13   2.93343159e-13  -2.74345679e-13
  2.60000000e-05  -2.10637442e-02   1.12533349e-01   8.72185625e-02   5.03349979e-13   1.16160932e-13  -2.83144250e-14
  2.60800000e-05  -1.99936327e-02   1.02539218e-01   8.01117218e-02   4.38640593e-13  -4.32696120e-14   1.64855414e-13
  2.61600000e-05  -2.07242948e-02   9.42740019e-02   7.33331380e-02   2.93276250e-13  -1.49261608e-13   2.74765722e-13
  2.62400000e-05  -2.23466574e-02   8.78568971e-02   6.66942283e-02   1.29847676e-13  -2.00561021e-13   3.07707744e-13
  2.63200000e-05  -2.41675916e-02   8.32184543e-02   6.01963370e-02  -1.43843488e-14  -2.09382026e-13   2.83685260e-13
  2.64000000e-05  -2.57211806e-02   7.98751395e-02   5.37976375e-02  -1.22249517e-13  -1.89785070e-13   2.23331499e-13
  2.64800000e-05  -2.67264942e-02   7.74745820e-02   4.75760862e-02  -1.88423665e-13  -1.54256448e-13   1.45347178e-13
  2.65600000e-05  -2.70361184e-02   7.55760623e-02   4.15358700e-02  -2.14526739e-13  -1.12246594e-13   6.45992311e-14
  2.66400000e-05  -2.66531972e-02   7.38308843e-02   3.57720028e-02  -2.06846403e-13  -7.09592349e-14  -7.66339296e-15
  2.67200000e-05  -2.56714689e-02   7.19649297e-02   3.03492958e-02  -1.74210660e-13  -3.51431332e-14  -6.40268706e-14
  2.68000000e-05  -2.42333123e-02   6.98006327e-02   2.53541739e-02  -1.26690357e-13  -7.33084790e-15  -1.00907613e-13
  2.68800000e-05  -2.25165143e-02   6.72929987e-02   2.08629665e-02  -7.38607384e-14   1.19686200e-14  -1.18319257e-13
  2.69600000e-05  -2.06869502e-02   6.44564532e-02   1.68715297e-02  -2.31396061e-14   2.37201287e-14  -1.18993551e-13
  2.70400000e-05  -1.89033699e-02   6.13668832e-02   1.34111836e-02   2.03048703e-14   2.96976604e-14  -1.07270352e-13
  2.71200000e-05  -1.72571363e-02   5.81464284e-02   1.04313710e-02   5.42033028e-14   3.18175871e-14  -8.76860069e-14
  2.72000000e-05  -1.58070813e-02   5.49154446e-02   7.88568637e-03   7.82238810e-14   3.17453757e-14  -6.42709016e-14
  2.72800000e-05  -1.45705304e-02   5.17423078e-02   5.72362451e-03   9.32334755e-14   3.06864604e-14  -4.00667601e-14
  2.73600000e-05  -1.35383691e-02   4.86818136e-02   3.88699040e-03   1.00758390e-13   2.93875593e-14  -1.71174620e-14
  2.74400000e-05  -1.27007713e-02   4.57798826e-02   2.31451560e-03   1.02546698e-13   2.82801717e-14   3.35241340e-15
  2.75200000e-05  -1.20238326e-02   4.30595457e-02   9.71222512e-04   1.00116151e-13   2.74861761e-14   2.08372230e-14
  2.76000000e-05  -1.14969173e-02   4.05712592e-02  -1.81401695e-04   9.48873512e-14   2.70464172e-14   3.52542018e-14
  2.76800000e-05  -1.10696050e-02   3.82442543e-02  -1.18272500e-03   8.77653957e-14   2.68488034e-14   4.67430729e-14
  2.77600000e-05  -1.07488242e-02   3.61405996e-02  -2.05143672e-03   7.96534351e-14   2.68478622e-14   5.56278748e-14
  2.78400000e-05  -1.04851694e-02   3.41839160e-02  -2.81022434e-03   7.09873557e-14   2.68887077e-14   6.22181190e-14
  2.79200000e-05  -1.02792423e-02   3.23783339e-02  -3.48303260e-03   6.22417599e-14   2.69481616e-14   6.68206327e-14
  2.80000000e-05  -1.01044670e-02   3.07052026e-02  -4.07462694e-03   5.36561951e-14   2.69186386e-14   6.97916645e-14
  2.80800000e-05  -9.95958781e-03   2.91641885e-02  -4.60707277e-03   4.54728177e-14   2.68128566e-14   7.14303205e-14
  2.81600000e-05  -9.82857638e-03   2.77282213e-02  -5.08624224e-03   3.77792341e-14   2.65922479e-14   7.19666170e-14
  2.82400000e-05  -9.70654429e-03   2.63763130e-02  -5.52155044e-03   3.06542411e-14   2.62626983e-14   7.15680141e-14
  2.83200000e-05  -9.58075213e-03   2.51063411e-02  -5.92066573e-03   2.41508680e-14   2.58361000e-14   7.04762737e-14
  2.84000000e-05  -9.46283746e-03   2.39176473e-02  -6.29131278e-03   1.82894321e-14   2.53408160e-14   6.88286832e-14
  2.84800000e-05  -9.33726257e-03   2.27856947e-02  -6.63853859e-03   1.30664669e-14   2.47967524e-14   6.67324881e-14
  2.85600000e-05  -9.20542672e-03   2.17217981e-02  -6.96685549e-03   8.46159019e-15   2.42295858e-14   6.43644213e-14
  2.86400000e-05  -9.07022308e-03   2.07112591e-02  -7.27367736e-03   4.42829392e-15   2.36307016e-14   6.17646270e-14
  2.87200000e-05  -8.92496638e-03   1.97522392e-02  -7.56588675e-03   9.43889033e-16   2.30419520e-14   5.90421167e-14
  2.88000000e-05  -8.76597076e-03   1.88296573e-02  -7.84773775e-03  -2.01132983e-15   2.24963255e-14   5.62237644e-14
  2.88800000e-05  -8.60000077e-03   1.79467503e-02  -8.11578728e-03  -4.49800289e-15   2.19794022e-14   5.33702593e-14
  2.89600000e-05  -8.42050167e-03   1.70970770e-02  -8.37627606e-03  -6.53677218e-15   2.15357448e-14   5.05285626e-14
  2.90400000e-05  -8.23731569e-03   1.62935807e-02  -8.62940548e-03  -8.20135096e-15   2.11559038e-14   4.77741536e-14
  2.91200000e-05  -8.04926911e-03   1.55189758e-02  -8.86540245e-03  -9.53632045e-15   2.08008274e-14   4.50704803e-14
  2.92000000e-05  -7.85129415e-03   1.47788320e-02  -9.09163976e-03  -1.05775815e-14   2.05158302e-14   4.24838338e-14
  2.92800000e-05  -7.64149912e-03   1.40492378e-02  -9.31494805e-03  -1.12927940e-14   2.03403540e-14   3.99422888e-14
  2.93600000e-05  -7.43003898e-03   1.33576315e-02  -9.52252300e-03  -1.18166857e-14   2.01993199e-14   3.75544914e-14
  2.94400000e-05  -7.22098995e-03   1.27069857e-02  -9.71605902e-03  -1.21952524e-14   2.00855504e-14   3.53320823e-14
  2.95200000e-05  -6.99780183e-03   1.20647033e-02  -9.90169950e-03  -1.23598914e-14   2.00694399e-14   3.31886369e-14
  2.96000000e-05  -6.76884004e-03   1.14452530e-02  -1.00787313e-02  -1.23808236e-14   2.01281480e-14   3.11721338e-14
  2.96800000e-05  -6.54627886e-03   1.08627122e-02  -1.02382348e-02  -1.23492887e-14   2.01857733e-14   2.93130740e-14
  2.97600000e-05  -6.32244603e-03   1.03055153e-02  -1.03822187e-02  -1.22518705e-14   2.02695452e-14   2.75808000e-14
  2.98400000e-05  -6.09044077e-03   9.75348412e-03  -1.05211398e-02  -1.20236175e-14   2.04425439e-14   2.59111810e-14
  2.99200000e-05  -5.86394194e-03   9.23358249e-03  -1.06414168e-02  -1.17985850e-14   2.06057298e-14   2.43812386e-14
  3.00000000e-05  -5.64712365e-03   8.74809474e-03  -1.07481464e-02  -1.15941916e-14   2.07567028e-14   2.29858644e-14
  3.00800000e-05  -5.42589906e-03   8.27507238e-03  -1.08432059e-02  -1.13469693e-14   2.09472241e-14   2.16640086e-14
  3.01600000e-05  -5.20483517e-03   7.81497516e-03  -1.09250060e-02  -1.10725546e-14   2.11551845e-14   2.04080494e-14
  3.02400000e-05  -4.99735436e-03   7.39387280e-03  -1.09856902e-02  -1.08893427e-14   2.12960621e-14   1.92867517e-14
  3.03200000e-05  -4.79027842e-03   6.98468614e-03  -1.10343251e-02  -1.06910329e-14   2.14461139e-14   1.82165557e-14
  3.04000000e-05  -4.58712647e-03   6.59539034e-03  -1.10697982e-02  -1.05171328e-14   2.15863116e-14   1.72192452e-14
  3.04800000e-05  -4.39629854e-03   6.23524841e-03  -1.10892843e-02  -1.04139544e-14   2.16687405e-14   1.63123992e-14
  3.05600000e-05  -4.21554968e-03   5.89999157e-03  -1.10906329e-02  -1.03715223e-14   2.16877234e-14   1.54796443e-14
  3.06400000e-05  -4.02956685e-03   5.56614902e-03  -1.10746186e-02  -1.02967268e-14   2.17060054e-14   1.46560541e-14
  3.07200000e-05  -3.85714979e-03   5.26077514e-03  -1.10475726e-02  -1.02927494e-14   2.16663146e-14   1.39109550e-14
  3.08000000e-05  -3.69618758e-03   4.98170374e-03  -1.10040520e-02  -1.03595098e-14   2.15531183e-14   1.32371186e-14
  3.08800000e-05  -3.54096440e-03   4.71797329e-03  -1.09455633e-02  -1.04501566e-14   2.13920017e-14   1.26015008e-14
  3.09600000e-05  -3.39747580e-03   4.48030680e-03  -1.08686680e-02  -1.06114980e-14   2.11430521e-14   1.20327226e-14
  3.10400000e-05  -3.27962078e-03   4.28105763e-03  -1.07748212e-02  -1.08937835e-14   2.07459633e-14   1.15586274e-14
  3.11200000e-05  -3.16410998e-03   4.08888603e-03  -1.06675370e-02  -1.11576872e-14   2.03086347e-14   1.10938300e-14
  3.12000000e-05  -3.05403380e-03   3.90875430e-03  -1.05454716e-02  -1.14231737e-14   1.98140380e-14   1.06524363e-14
  3.12800000e-05  -2.95594059e-03   3.74952335e-03  -1.04067550e-02  -1.17280011e-14   1.92281358e-14   1.02590692e-14
  3.13600000e-05  -2.87512621e-03   3.61489916e-03  -1.02518963e-02  -1.20857953e-14   1.85268207e-14   9.92214240e-15
  3.14400000e-05  -2.81808133e-03   3.51500337e-03  -1.00779781e-02  -1.25393530e-14   1.76684555e-14   9.66876456e-15
  3.15200000e-05  -2.77424840e-03   3.43479629e-03  -9.88618276e-03  -1.30177712e-14   1.67023699e-14   9.45600255e-15
  3.16000000e-05  -2.74334904e-03   3.37100827e-03  -9.67457944e-03  -1.35038522e-14   1.56257014e-14   9.27380349e-15
  3.16800000e-05  -2.72320119e-03   3.32183760e-03  -9.44799791e-03  -1.39859207e-14   1.44641082e-14   9.11662928e-15
  3.17600000e-05  -2.72635472e-03   3.29968926e-03  -9.20088344e-03  -1.45203480e-14   1.31452061e-14   9.01682054e-15
  3.18400000e-05  -2.74190804e-03   3.29550410e-03  -8.93501985e-03  -1.50643342e-14   1.17260600e-14   8.94774710e-15
  3.19200000e-05  -2.77470158e-03   3.31060245e-03  -8.64854262e-03  -1.56237628e-14   1.01812422e-14   8.90986241e-15
  3.20000000e-05  -2.82605391e-03   3.34443352e-03  -8.33858674e-03  -1.61964009e-14   8.50005330e-15   8.89836223e-15
  3.20800000e-05  -2.89388477e-03   3.39808877e-03  -8.00772088e-03  -1.67892776e-14   6.70264160e-15   8.91169997e-15
  3.21600000e-05  -2.97845415e-03   3.46665452e-03  -7.65351937e-03  -1.73818317e-14   4.78569265e-15   8.93201263e-15
  3.22400000e-05  -3.08103805e-03   3.55168333e-03  -7.27193520e-03  -1.79855142e-14   2.73792604e-15   8.95749177e-15
  3.23200000e-05  -3.19995752e-03   3.65550722e-03  -6.86695843e-03  -1.86183339e-14   5.83186067e-16   8.98647036e-15
  3.24000000e-05  -3.33218439e-03   3.76999657e-03  -6.43111894e-03  -1.92480182e-14  -1.67493917e-15   8.99119288e-15
  3.24800000e-05  -3.47741694e-03   3.89649193e-03  -5.96723527e-03  -1.98913422e-14  -4.02030491e-15   8.96653176e-15
  3.25600000e-05  -3.63436894e-03   4.03384025e-03  -5.47731771e-03  -2.05548189e-14  -6.43354393e-15   8.90069000e-15
  3.26400000e-05  -3.80036848e-03   4.17694254e-03  -4.95791787e-03  -2.12266618e-14  -8.89912089e-15   8.77344503e-15
  3.27200000e-05  -3.97282882e-03   4.32642848e-03  -4.41047785e-03  -2.19259183e-14  -1.13902124e-14   8.57707078e-15
  3.28000000e-05  -4.15193168e-03   4.47665609e-03  -3.83378990e-03  -2.26414924e-14  -1.38981286e-14   8.29173954e-15
  3.28800000e-05  -4.33144842e-03   4.62627054e-03  -3.23105209e-03  -2.33851276e-14  -1.63717905e-14   7.90799453e-15
  3.29600000e-05  -4.50663255e-03   4.76980259e-03  -2.60015671e-03  -2.41488362e-14  -1.87762058e-14   7.41152885e-15
  3.30400000e-05  -4.67092060e-03   4.90836652e-03  -1.94878119e-03  -2.49571497e-14  -2.10487516e-14   6.80316354e-15
  3.31200000e-05  -4.82343262e-03   5.03198909e-03  -1.27747528e-03  -2.57772801e-14  -2.31683683e-14   6.06821693e-15
  3.32000000e-05  -4.95812946e-03   5.14047833e-03  -5.89025905e-04  -2.66249747e-14  -2.50829927e-14   5.21452606e-15
  3.32800000e-05   5.49954437e-04  -6.24131951e-04  -1.14321309e-04   3.32794147e-15   3.03621503e-15  -5.66671544e-16
  3.33600000e-05   2.57539881e-03  -2.67571612e-03  -8.40984176e-04   1.43748415e-14   1.46491971e-14  -2.58761496e-15
  3.34400000e-05   2.63852143e-03  -2.72288683e-03  -1.61697941e-03   1.48420325e-14   1.61243652e-14  -2.93374231e-15
  3.35200000e-05   2.67039001e-03  -2.72360567e-03  -2.31532034e-03   1.49335545e-14   1.74043944e-14  -3.24978467e-15
  3.36000000e-05   2.66490366e-03  -2.69311286e-03  -3.00014380e-03   1.47523848e-14   1.85445200e-14  -3.54276386e-15
  3.36800000e-05   2.61480289e-03  -2.61569204e-03  -3.66525330e-03   1.42131618e-14   1.94918331e-14  -3.77054869e-15
  3.37600000e-05   2.53010950e-03  -2.50440519e-03  -4.26376933e-03   1.33815567e-14   2.02109613e-14  -3.93070806e-15
  3.38400000e-05   2.40505642e-03  -2.35837345e-03  -4.84202387e-03   1.22706748e-14   2.07335883e-14  -4.00367276e-15
  3.39200000e-05   2.24258206e-03  -2.16750637e-03  -5.40067813e-03   1.08348844e-14   2.10635714e-14  -3.95456040e-15
  3.40000000e-05   2.03904689e-03  -1.94822527e-03  -5.86472961e-03   9.18048787e-15   2.10324217e-14  -3.79496611e-15
  3.40800000e-05   1.80315299e-03  -1.69948796e-03  -6.22971935e-03   7.33420562e-15   2.06547368e-14  -3.51184069e-15
  3.41600000e-05   1.53000967e-03  -1.43328423e-03  -6.61819347e-03   5.35457019e-15   2.01144384e-14  -3.11824719e-15
  3.42400000e-05   1.22982826e-03  -1.13123981e-03  -6.85505093e-03   3.21703263e-15   1.91249070e-14  -2.57889529e-15
  3.43200000e-05   8.98412330e-04  -8.21779729e-04  -7.11713420e-03   1.03233672e-15   1.79814720e-14  -1.94591598e-15
  3.44000000e-05   5.49943617e-04  -4.90454819e-04  -7.31774996e-03  -1.22628444e-15   1.65846905e-14  -1.20370725e-15
  3.44800000e-05   1.63936099e-04  -1.48137522e-04  -7.40113304e-03  -3.45007087e-15   1.47173997e-14  -3.70995937e-16
  3.45600000e-05  -2.41565375e-04   2.09912090e-04  -7.47939927e-03  -5.70263489e-15   1.26776284e-14   5.39982753e-16
  3.46400000e-05  -6.67246653e-04   5.77191933e-04  -7.50551802e-03  -7.91588777e-15   1.03697694e-14   1.50118844e-15
  3.47200000e-05  -1.11949656e-03   9.55205764e-04  -7.47106516e-03  -1.00770589e-14   7.74717695e-15   2.50049764e-15
  3.48000000e-05  -1.59229474e-03   1.33580963e-03  -7.31739762e-03  -1.20929848e-14   4.74029880e-15   3.49683511e-15
  3.48800000e-05  -2.07592889e-03   1.72817286e-03  -7.12090398e-03  -1.40623443e-14   1.54399017e-15   4.47425058e-15
  3.49600000e-05  -2.59039774e-03   2.12747990e-03  -6.88754806e-03  -1.59661909e-14  -1.92737533e-15   5.40952053e-15
  3.50400000e-05  -3.12123159e-03   2.53098632e-03  -6.55689854e-03  -1.77538931e-14  -5.68728426e-15   6.25594144e-15
  3.51200000e-05  -3.66911716e-03   2.94196268e-03  -6.21343183e-03  -1.95162861e-14  -9.58921671e-15   6.98429202e-15
  3.52000000e-05  -4.21725527e-03   3.33838845e-03  -5.72295842e-03  -2.10657394e-14  -1.37289434e-14   7.51482905e-15
  3.52800000e-05  -4.76940053e-03   3.73952726e-03  -5.18907624e-03  -2.26025905e-14  -1.79408834e-14   7.84540116e-15
  3.53600000e-05  -5.30757142e-03   4.12490889e-03  -4.52914309e-03  -2.40074572e-14  -2.22116729e-14   7.90440184e-15
  3.54400000e-05  -5.82510471e-03   4.48746351e-03  -3.78647277e-03  -2.53174990e-14  -2.64022183e-14   7.65833879e-15
  3.55200000e-05  -6.29758364e-03   4.80585012e-03  -2.90313880e-03  -2.64540773e-14  -3.03985320e-14   7.06338114e-15
  3.56000000e-05  -6.68234577e-03   5.08022214e-03  -1.95194983e-03  -2.75096873e-14  -3.38315122e-14   6.12600057e-15
  3.56800000e-05  -6.97301056e-03   5.27405896e-03  -9.12020812e-04  -2.83421888e-14  -3.66318924e-14   4.85912278e-15
  3.57600000e-05   5.65879042e-03  -4.49277475e-03  -1.65637976e-04   2.41550553e-14   3.05484039e-14  -3.37303051e-15
  3.58400000e-05   9.38619699e-03  -7.33750438e-03  -1.18018868e-03   3.90670065e-14   5.13195127e-14  -8.36013034e-15
  3.59200000e-05   9.34160760e-03  -7.28465887e-03  -2.19067718e-03   3.79198168e-14   5.20040126e-14  -1.12291498e-14
  3.60000000e-05   9.19803351e-03  -7.14478180e-03  -3.18944577e-03   3.58414418e-14   5.23365796e-14  -1.38778527e-14
  3.60800000e-05   8.97967132e-03  -6.94267527e-03  -4.13764264e-03   3.30211318e-14   5.23810010e-14  -1.62279287e-14
  3.61600000e-05   8.66745260e-03  -6.67149561e-03  -5.02467969e-03   2.94948233e-14   5.19942286e-14  -1.81572340e-14
  3.62400000e-05   8.28363754e-03  -6.34537123e-03  -5.81828006e-03   2.54500053e-14   5.12097518e-14  -1.96151209e-14
  3.63200000e-05   7.85903100e-03  -5.98743954e-03  -6.59627249e-03   2.09937363e-14   5.02733884e-14  -2.06205019e-14
  3.64000000e-05   7.39286250e-03  -5.60152719e-03  -7.24058972e-03   1.63756230e-14   4.89531384e-14  -2.11515378e-14
  3.64800000e-05   6.89363238e-03  -5.18661578e-03  -7.80996224e-03   1.16015761e-14   4.73566339e-14  -2.12092785e-14
  3.65600000e-05   6.38343271e-03  -4.77132008e-03  -8.22039675e-03   7.04395245e-15   4.54111368e-14  -2.08878571e-14
  3.66400000e-05   5.88896551e-03  -4.37674479e-03  -8.62031579e-03   2.59554651e-15   4.34900842e-14  -2.03078309e-14
  3.67200000e-05   5.41204271e-03  -3.99548037e-03  -8.93996268e-03  -1.60765331e-15   4.14590226e-14  -1.95022513e-14
  3.68000000e-05   4.94355999e-03  -3.62800379e-03  -9.17796865e-03  -5.51013826e-15   3.92630395e-14  -1.84884217e-14
  3.68800000e-05   4.51364103e-03  -3.29287984e-03  -9.36396277e-03  -9.06508497e-15   3.70895340e-14  -1.74122775e-14
  3.69600000e-05   4.11715419e-03  -2.98116893e-03  -9.52450849e-03  -1.23677697e-14   3.49563798e-14  -1.62875479e-14
  3.70400000e-05   3.75236007e-03  -2.69394830e-03  -9.64591434e-03  -1.53667531e-14   3.28314679e-14  -1.51471247e-14
  3.71200000e-05   3.42450277e-03  -2.43814589e-03  -9.74745781e-03  -1.80812178e-14   3.07711388e-14  -1.40491714e-14
  3.72000000e-05   3.12151489e-03  -2.19642261e-03  -9.74631434e-03  -2.03326007e-14   2.85943261e-14  -1.29560505e-14
  3.72800000e-05   2.87218705e-03  -2.00685382e-03  -9.82931853e-03  -2.25223696e-14   2.67269752e-14  -1.20380258e-14
  3.73600000e-05   2.63950972e-03  -1.83412457e-03  -9.87715363e-03  -2.44494032e-14   2.48238303e-14  -1.11433353e-14
  3.74400000e-05   2.43089598e-03  -1.67800017e-03  -9.90158644e-03  -2.61455871e-14   2.29425510e-14  -1.03069147e-14
  3.75200000e-05   2.26653245e-03  -1.55032517e-03  -9.87798882e-03  -2.74811549e-14   2.11386734e-14  -9.62328960e-15
  3.76000000e-05   2.11185425e-03  -1.42841007e-03  -9.91440562e-03  -2.89195406e-14   1.94114310e-14  -8.95679900e-15
  3.76800000e-05   1.99162558e-03  -1.33147415e-03  -9.90160640e-03  -3.00122532e-14   1.77320171e-14  -8.42114807e-15
  3.77600000e-05   1.89008232e-03  -1.25463251e-03  -9.89457052e-03  -3.09727891e-14   1.61081734e-14  -7.95900732e-15
  3.78400000e-05   1.79919489e-03  -1.18493354e-03  -9.92475256e-03  -3.19756605e-14   1.45250161e-14  -7.53082991e-15
  3.79200000e-05   1.73401649e-03  -1.12701248e-03  -9.88877967e-03  -3.26231578e-14   1.29688658e-14  -7.19857956e-15
  3.80000000e-05   1.68494078e-03  -1.07801393e-03  -9.94436594e-03  -3.35172207e-14   1.15078547e-14  -6.92655120e-15
  3.80800000e-05   1.64592117e-03  -1.03844623e-03  -9.93856240e-03  -3.40847339e-14   1.00253640e-14  -6.69227439e-15
  3.81600000e-05   1.62150798e-03  -1.00905053e-03  -9.94949187e-03  -3.46193987e-14   8.58585632e-15  -6.51281443e-15
  3.82400000e-05   1.61510613e-03  -9.96906230e-04  -9.96191477e-03  -3.50393263e-14   7.19578382e-15  -6.40095341e-15
  3.83200000e-05   1.63559124e-03  -9.95924468e-04  -9.98395686e-03  -3.54033510e-14   5.89025594e-15  -6.38741349e-15
  3.84000000e-05   1.65576054e-03  -9.90794368e-04  -9.94826636e-03  -3.55063159e-14   4.57534174e-15  -6.36524771e-15
  3.84800000e-05   1.68398081e-03  -9.90976986e-04  -9.97716351e-03  -3.57933313e-14   3.27172583e-15  -6.36628718e-15
  3.85600000e-05   1.72047890e-03  -9.94880911e-04  -9.96835334e-03  -3.58681508e-14   1.99762523e-15  -6.39000181e-15
  3.86400000e-05   1.77540395e-03  -1.00567232e-03  -9.92534043e-03  -3.57357265e-14   8.09850715e-16  -6.47431640e-15
  3.87200000e-05   1.86583132e-03  -1.03305352e-03  -9.96819770e-03  -3.58412675e-14  -2.96410349e-16  -6.67799274e-15
  3.88000000e-05   1.94943390e-03  -1.06338230e-03  -9.95800340e-03  -3.56859042e-14  -1.39877317e-15  -6.83669988e-15
  3.88800000e-05   2.04607130e-03  -1.09623955e-03  -9.88891612e-03  -3.52508239e-14  -2.38750724e-15  -7.02892191e-15
  3.89600000e-05   2.15651210e-03  -1.13447136e-03  -9.90047847e-03  -3.50807073e-14  -3.39444730e-15  -7.25228248e-15
  3.90400000e-05   2.29904713e-03  -1.18483266e-03  -9.83702500e-03  -3.45411201e-14  -4.19399476e-15  -7.56758076e-15
  3.91200000e-05   2.44994361e-03  -1.23190410e-03  -9.77083137e-03  -3.39796008e-14  -4.93218356e-15  -7.89821518e-15
  3.92000000e-05   2.61024542e-03  -1.27931499e-03  -9.76381282e-03  -3.36272051e-14  -5.70596488e-15  -8.24222394e-15
  3.92800000e-05   2.78771022e-03  -1.33974566e-03  -9.65778065e-03  -3.28258403e-14  -6.24955974e-15  -8.60820027e-15
  3.93600000e-05   2.97901571e-03  -1.39673359e-03  -9.55004452e-03  -3.20236191e-14  -6.69948648e-15  -9.00953565e-15
  3.94400000e-05   3.16209974e-03  -1.44685522e-03  -9.48619735e-03  -3.14057782e-14  -7.22527359e-15  -9.36669090e-15
  3.95200000e-05   3.39228741e-03  -1.51346436e-03  -9.32260386e-03  -3.03487786e-14  -7.37159597e-15  -9.84651208e-15
  3.96000000e-05   3.62328971e-03  -1.57853456e-03  -9.27857794e-03  -2.97566852e-14  -7.72251095e-15  -1.03061958e-14
  3.96800000e-05   3.89118958e-03  -1.65177929e-03  -9.14685665e-03  -2.88141384e-14  -7.74660941e-15  -1.08589857e-14
  3.97600000e-05   4.16894085e-03  -1.72881125e-03  -8.99961541e-03  -2.78205554e-14  -7.66967200e-15  -1.14141361e-14
  3.98400000e-05   4.47414450e-03  -1.81118119e-03  -8.84569154e-03  -2.68095634e-14  -7.45818363e-15  -1.20331732e-14
  3.99200000e-05   4.79668789e-03  -1.88789013e-03  -8.70812505e-03  -2.59055801e-14  -7.20732716e-15  -1.27070224e-14
  4.00000000e-05   5.13885937e-03  -1.96255837e-03  -8.56204779e-03  -2.50064029e-14  -6.86065633e-15  -1.34360321e-14
  4.00800000e-05   5.48699567e-03  -2.03721196e-03  -8.40825530e-03  -2.41151103e-14  -6.46456069e-15  -1.41705765e-14
  4.01600000e-05   5.85911749e-03  -2.11433205e-03  -8.23535661e-03  -2.31818442e-14  -5.94324496e-15  -1.49670696e-14
  4.02400000e-05   6.24095386e-03  -2.19522784e-03  -8.10135980e-03  -2.24164373e-14  -5.50800444e-15  -1.57761943e-14
  4.03200000e-05   6.64326459e-03  -2.27359276e-03  -7.89228977e-03  -2.14308270e-14  -4.80833675e-15  -1.66540330e-14
  4.04000000e-05   7.06411860e-03  -2.34675729e-03  -7.68699234e-03  -2.05198120e-14  -4.08166370e-15  -1.76110117e-14
  4.04800000e-05   7.50101836e-03  -2.41921794e-03  -7.53141307e-03  -1.98330146e-14  -3.49244872e-15  -1.86311401e-14
  4.05600000e-05   7.95691910e-03  -2.48668965e-03  -7.38122954e-03  -1.92185141e-14  -2.92197336e-15  -1.97330431e-14
  4.06400000e-05   8.43083078e-03  -2.55074007e-03  -7.12287401e-03  -1.82798940e-14  -2.00896605e-15  -2.09171666e-14
  4.07200000e-05   8.92698608e-03  -2.61296316e-03  -6.92318901e-03  -1.76000461e-14  -1.29456987e-15  -2.22054754e-14
  4.08000000e-05   9.42714870e-03  -2.66132260e-03  -6.72688966e-03  -1.70061600e-14  -6.70446636e-16  -2.35674037e-14
  4.08800000e-05   9.95331043e-03  -2.71461547e-03  -6.53674086e-03  -1.64632675e-14  -1.07672657e-16  -2.50234368e-14
  4.09600000e-05   1.04943252e-02  -2.75660380e-03  -6.33376526e-03  -1.59404041e-14   4.11378080e-16  -2.65904692e-14
  4.10400000e-05   1.10479541e-02  -2.78934057e-03  -6.11916363e-03  -1.54320673e-14   8.60772481e-16  -2.82544756e-14
  4.11200000e-05   1.16167954e-02  -2.81414998e-03  -5.97146989e-03  -1.52040574e-14   9.36182400e-16  -3.00189041e-14
  4.12000000e-05   1.22095487e-02  -2.83126035e-03  -5.72569249e-03  -1.46748929e-14   1.23417763e-15  -3.19032322e-14
  4.12800000e-05   1.28131455e-02  -2.83589890e-03  -5.55317106e-03  -1.44473681e-14   1.07341007e-15  -3.38833991e-14
  4.13600000e-05   1.34357792e-02  -2.82571462e-03  -5.30564063e-03  -1.40001307e-14   1.00075567e-15  -3.59863260e-14
  4.14400000e-05   1.40717676e-02  -2.81593776e-03  -5.19578297e-03  -1.40428846e-14   1.60622146e-16  -3.81194733e-14
  4.15200000e-05   1.47271132e-02  -2.78182094e-03  -5.00937604e-03  -1.38547462e-14  -6.43473234e-16  -4.03743674e-14
  4.16000000e-05   1.53970954e-02  -2.73982884e-03  -4.76845552e-03  -1.34846989e-14  -1.51668128e-15  -4.26699476e-14
  4.16800000e-05   1.60839820e-02  -2.67736615e-03  -4.64931000e-03  -1.35497510e-14  -3.19562373e-15  -4.50342303e-14
  4.17600000e-05   1.67824906e-02  -2.59608220e-03  -4.42191893e-03  -1.32335918e-14  -4.78855585e-15  -4.74140634e-14
  4.18400000e-05   1.74971254e-02  -2.50502451e-03  -4.27670761e-03  -1.31729535e-14  -7.09470146e-15  -4.97383587e-14
  4.19200000e-05   1.82327325e-02  -2.39573667e-03  -4.06092854e-03  -1.28380209e-14  -9.50300372e-15  -5.20337910e-14
  4.20000000e-05   1.89849070e-02  -2.26822767e-03  -3.89949936e-03  -1.26394890e-14  -1.25645239e-14  -5.42275567e-14
  4.20800000e-05   1.97729171e-02  -2.11930389e-03  -3.72090893e-03  -1.23172628e-14  -1.60002989e-14  -5.63407287e-14
  4.21600000e-05   2.05577478e-02  -1.95287764e-03  -3.52070371e-03  -1.18425219e-14  -1.98088055e-14  -5.81620667e-14
  4.22400000e-05   2.13752937e-02  -1.76616350e-03  -3.32153207e-03  -1.12763474e-14  -2.40977999e-14  -5.97539263e-14
  4.23200000e-05   2.22219576e-02  -1.56377736e-03  -3.11014868e-03  -1.05647628e-14  -2.88171832e-14  -6.09958145e-14
  4.24000000e-05   2.30881938e-02  -1.33973720e-03  -2.89157321e-03  -9.71203734e-15  -3.39807742e-14  -6.18030669e-14
  4.24800000e-05   2.39980620e-02  -1.10816065e-03  -2.71191623e-03  -8.85302820e-15  -3.98014370e-14  -6.20775566e-14
  4.25600000e-05   2.49335120e-02  -8.63167470e-04  -2.40237103e-03  -7.51992407e-15  -4.54693137e-14  -6.17100701e-14
  4.26400000e-05   2.59265048e-02  -6.03963793e-04  -2.13030553e-03  -6.19099046e-15  -5.17496625e-14  -6.06747810e-14
  4.27200000e-05   2.69630123e-02  -3.37755422e-04  -1.72009061e-03  -4.47250204e-15  -5.77655913e-14  -5.87652100e-14
  4.28000000e-05   2.80620249e-02  -6.21006338e-05  -1.33777874e-03  -2.80831709e-15  -6.42360719e-14  -5.59270089e-14
  4.28800000e-05   2.92369136e-02   2.14726478e-04  -9.69693137e-04  -1.20341199e-15  -7.10337452e-14  -5.20132362e-14
  4.29600000e-05   3.05015749e-02   4.78616872e-04  -3.97936727e-04   5.98581663e-16  -7.70607785e-14  -4.68036851e-14
  4.30400000e-05   3.18589350e-02   7.30472819e-04   1.92969103e-04   2.14645274e-15  -8.30044768e-14  -4.01680067e-14
  4.31200000e-05   3.33314893e-02   9.54637588e-04   8.74337678e-04   3.36886760e-15  -8.83706958e-14  -3.19411905e-14
  4.32000000e-05   3.49105049e-02   1.14870798e-03   1.62034770e-03   4.08008228e-15  -9.29681293e-14  -2.19980570e-14
  4.32800000e-05   3.66342011e-02   1.29957177e-03   2.59216821e-03   4.12385647e-15  -9.57975316e-14  -1.02533542e-14
  4.33600000e-05   3.84801174e-02   1.38596296e-03   3.66164154e-03   3.16871094e-15  -9.69186604e-14   3.38463057e-15
  4.34400000e-05   4.04762159e-02   1.39723113e-03   4.89891678e-03   1.02614827e-15  -9.55202095e-14   1.87652119e-14
  4.35200000e-05   4.25874549e-02   1.28957183e-03   6.33926300e-03  -2.58164200e-15  -9.06671299e-14   3.57876521e-14
  4.36000000e-05   4.48209990e-02   1.07624076e-03   8.00986085e-03  -7.65559747e-15  -8.15029735e-14   5.37897420e-14
  4.36800000e-05   4.71443799e-02   7.20984636e-04   9.85287645e-03  -1.40080189e-14  -6.74418078e-14   7.19611046e-14
  4.37600000e-05   4.94827306e-02   2.17238265e-04   1.20060996e-02  -2.13799698e-14  -4.70178938e-14   8.89675584e-14
  4.38400000e-05   5.17995494e-02  -4.38828437e-04   1.43527975e-02  -2.87382029e-14  -2.03753662e-14   1.03093816e-13
  4.39200000e-05   5.40105038e-02  -1.21362225e-03   1.71181559e-02  -3.52226644e-14   1.35099697e-14   1.12090921e-13
  4.40000000e-05   5.60237785e-02  -2.10098260e-03   2.00481827e-02  -3.87359499e-14   5.24858724e-14   1.13746279e-13
  4.40800000e-05   5.77543139e-02  -3.00195560e-03   2.33584916e-02  -3.77307250e-14   9.55879968e-14   1.05574585e-13
  4.41600000e-05   5.91151689e-02  -3.82454265e-03   2.68507024e-02  -3.00122819e-14   1.38566053e-13   8.58127605e-14
  4.42400000e-05   6.01560019e-02  -4.48415633e-03   3.07365479e-02  -1.43943565e-14   1.78231610e-13   5.41741168e-14
  4.43200000e-05   6.08375234e-02  -4.81734724e-03   3.46964634e-02   1.01282579e-14   2.07971434e-13   1.11161903e-14
  4.44000000e-05   6.12451643e-02  -4.69954031e-03   3.88887972e-02   4.32651157e-14   2.23567450e-13  -4.11201937e-14
  4.44800000e-05   6.15686754e-02  -4.08769419e-03   4.32782837e-02   8.38500203e-14   2.20150309e-13  -9.84934518e-14
  4.45600000e-05   6.19392457e-02  -2.86523631e-03   4.75871965e-02   1.28810375e-13   1.92398515e-13  -1.56074549e-13
  4.46400000e-05   6.25944996e-02  -1.01611514e-03   5.21910116e-02   1.75237958e-13   1.39352264e-13  -2.07455921e-13
  4.47200000e-05   6.38077650e-02   1.42762270e-03   5.68069744e-02   2.16975292e-13   5.82707286e-14  -2.45179350e-13
  4.48000000e-05   6.58171569e-02   4.36120522e-03   6.15547680e-02   2.46702981e-13  -4.93668238e-14  -2.60288366e-13
  4.48800000e-05   6.90512286e-02   7.54278190e-03   6.64215160e-02   2.53475701e-13  -1.78988557e-13  -2.43185309e-13
  4.49600000e-05   7.36685812e-02   1.06525119e-02   7.13493826e-02   2.23468239e-13  -3.17701313e-13  -1.83299009e-13
  4.50400000e-05   7.98772627e-02   1.31666655e-02   7.64384220e-02   1.42756543e-13  -4.40546604e-13  -7.32939272e-14
  4.51200000e-05   8.73438031e-02   1.43821704e-02   8.15501264e-02   4.06746156e-15  -5.05011983e-13   8.47074204e-14
  4.52000000e-05   9.54968624e-02   1.35895985e-02   8.70664845e-02  -1.78796233e-13  -4.58435950e-13   2.67662578e-13
  4.52800000e-05   1.02884843e-01   1.04750380e-02   9.30078626e-02  -3.56515096e-13  -2.58935922e-13   4.23537990e-13
  4.53600000e-05   1.07823976e-01   5.45363168e-03   9.98628497e-02  -4.49307142e-13   8.04631711e-14   4.80731986e-13
  4.54400000e-05   1.08976948e-01   1.11779769e-04   1.07342595e-01  -3.79712380e-13   4.60315133e-13   3.85014376e-13
  4.55200000e-05   1.06441742e-01  -3.27696459e-03   1.15534824e-01  -1.35111609e-13   7.25280760e-13   1.45049205e-13
  4.56000000e-05   1.02079130e-01  -2.98060975e-03   1.23359235e-01   2.12908498e-13   7.41365382e-13  -1.58267789e-13
  4.56800000e-05   9.85570970e-02   1.28856674e-03   1.30377346e-01   5.35294428e-13   4.71013882e-13  -4.09304219e-13
  4.57600000e-05   9.83824754e-02   8.52387406e-03   1.36193993e-01   6.99063689e-13  -1.81862658e-14  -5.03844534e-13
  4.58400000e-05   1.03222233e-01   1.62583244e-02   1.40541533e-01   6.03339878e-13  -5.67437626e-13  -3.77486305e-13
  4.59200000e-05   1.12791309e-01   2.13843694e-02   1.43517299e-01   2.22338282e-13  -9.39828935e-13  -3.47008816e-14
  4.60000000e-05   1.24328132e-01   2.07709521e-02   1.45523821e-01  -3.25373792e-13  -8.81535823e-13   4.03806427e-13
  4.60800000e-05   1.32605173e-01   1.39935378e-02   1.47608351e-01  -7.44255173e-13  -3.09303537e-13   6.97930276e-13
  4.61600000e-05   1.33080592e-01   4.42928908e-03   1.50568642e-01  -7.31005536e-13   4.94101282e-13   6.31566646e-13
  4.62400000e-05   1.25824675e-01  -1.96614801e-03   1.54105506e-01  -2.64968881e-13   1.02066005e-12   2.29364888e-13
  4.63200000e-05   1.15607539e-01  -1.46109714e-03   1.57100981e-01   3.56290229e-13   9.65895054e-13  -2.53203829e-13
  4.64000000e-05   1.08368578e-01   5.27005665e-03   1.58152828e-01   7.83296897e-13   4.11103716e-13  -5.50425254e-13
  4.64800000e-05   1.07443220e-01   1.45872575e-02   1.57000517e-01   8.22100388e-13  -3.30305932e-13  -5.31914523e-13
  4.65600000e-05   1.12861335e-01   2.19124561e-02   1.53654936e-01   4.66681434e-13  -8.96617633e-13  -2.14917894e-13
  4.66400000e-05   1.21523694e-01   2.34508086e-02   1.48481290e-01  -1.09390846e-13  -9.95792418e-13   2.46803601e-13
  4.67200000e-05   1.28123153e-01   1.83434006e-02   1.42988355e-01  -5.94524789e-13  -5.62286461e-13   6.04850909e-13
  4.68000000e-05   1.28104507e-01   9.48297332e-03   1.37856593e-01  -7.15815139e-13   1.43393088e-13   6.55313980e-13
  4.68800000e-05   1.20977571e-01   1.87616859e-03   1.33903227e-01  -4.55377836e-13   7.00055923e-13   4.01611543e-13
  4.69600000e-05   1.10218547e-01  -1.05356324e-03   1.30090791e-01  -2.32288779e-14   8.63047074e-13   2.66700495e-14
  4.70400000e-05   9.99039058e-02   9.39131391e-04   1.25902210e-01   3.48709777e-13   6.65746848e-13  -2.81668547e-13
  4.71200000e-05   9.26985214e-02   6.13382331e-03   1.20767732e-01   5.43368541e-13   2.79633554e-13  -4.31279798e-13
  4.72000000e-05   8.93960903e-02   1.21709009e-02   1.14767954e-01   5.50661692e-13  -1.26710523e-13  -4.15488987e-13
  4.72800000e-05   8.94216391e-02   1.71420166e-02   1.07996606e-01   4.13328382e-13  -4.37310760e-13  -2.72824435e-13
  4.73600000e-05   9.14350439e-02   1.98828350e-02   1.00486435e-01   1.95532883e-13  -5.86741425e-13  -6.18240146e-14
  4.74400000e-05   9.38345151e-02   1.98233833e-02   9.28204895e-02  -3.09092702e-14  -5.61477927e-13   1.51160036e-13
  4.75200000e-05   9.50557644e-02   1.72966999e-02   8.51116570e-02  -2.03387799e-13  -3.94644897e-13   3.07351989e-13
  4.76000000e-05   9.41055397e-02   1.32523851e-02   7.79141534e-02  -2.86518531e-13  -1.58567206e-13   3.73030745e-13
  4.76800000e-05   9.08555272e-02   8.95220717e-03   7.14005858e-02  -2.81385124e-13   6.93561956e-14   3.49359918e-13
  4.77600000e-05   8.58051707e-02   5.34880516e-03   6.55189798e-02  -2.16070286e-13   2.36162413e-13   2.63690934e-13
  4.78400000e-05   7.98373901e-02   2.91633224e-03   6.03124948e-02  -1.26602774e-13   3.24496861e-13   1.51897122e-13
  4.79200000e-05   7.37433237e-02   1.77570238e-03   5.55632167e-02  -4.05148081e-14   3.44658223e-13   4.27564551e-14
  4.80000000e-05   6.81377498e-02   1.69955745e-03   5.11488001e-02   2.79162082e-14   3.18370626e-13  -4.77672354e-14
  4.80800000e-05   6.32501778e-02   2.36114255e-03   4.70513046e-02   7.51235395e-14   2.66168461e-13  -1.14344096e-13
  4.81600000e-05   5.91370012e-02   3.52662673e-03   4.31378228e-02   1.02812168e-13   2.03595938e-13  -1.57588162e-13
  4.82400000e-05   5.58239633e-02   4.92780206e-03   3.95567898e-02   1.15960734e-13   1.40527223e-13  -1.81154188e-13
  4.83200000e-05   5.31929867e-02   6.40999529e-03   3.60672519e-02   1.18335821e-13   8.26622741e-14  -1.89215984e-13
  4.84000000e-05   5.11095848e-02   7.87453241e-03   3.28305530e-02   1.14186720e-13   3.20722519e-14  -1.85454989e-13
  4.84800000e-05   4.94904230e-02   9.22326610e-03   2.98467604e-02   1.06412170e-13  -1.03634258e-14  -1.73244888e-13
  4.85600000e-05   4.82111182e-02   1.04185328e-02   2.69493086e-02   9.62154189e-14  -4.42363667e-14  -1.55023454e-13
  4.86400000e-05   4.71803402e-02   1.14174791e-02   2.42673287e-02   8.53980192e-14  -7.03309465e-14  -1.32940280e-13
  4.87200000e-05   4.63103868e-02   1.21979014e-02   2.17286806e-02   7.44198625e-14  -8.89951933e-14  -1.08651697e-13
  4.88000000e-05   4.55549586e-02   1.27645311e-02   1.92908101e-02   6.36364411e-14  -1.00666783e-13  -8.36663234e-14
  4.88800000e-05   4.48390846e-02   1.31104309e-02   1.69275130e-02   5.33028712e-14  -1.05923688e-13  -5.91549834e-14
  4.89600000e-05   4.41236915e-02   1.32603934e-02   1.46344734e-02   4.36876936e-14  -1.05487316e-13  -3.61378907e-14
  4.90400000e-05   4.33645308e-02   1.32263810e-02   1.24688130e-02   3.50713765e-14  -1.00470292e-13  -1.53980515e-14
  4.91200000e-05   4.25616568e-02   1.30259521e-02   1.04987628e-02   2.76106416e-14  -9.21485097e-14   2.39717924e-15
  4.92000000e-05   4.16427710e-02   1.26884069e-02   8.42768116e-03   2.08976421e-14  -7.98619178e-14   1.69779539e-14
  4.92800000e-05   4.06482792e-02   1.22391007e-02   6.59434130e-03   1.54182110e-14  -6.63168902e-14   2.80445527e-14
  4.93600000e-05   3.95290714e-02   1.17138588e-02   4.79626079e-03   1.08553182e-14  -5.12791875e-14   3.57729744e-14
  4.94400000e-05   3.83652379e-02   1.11419145e-02   3.26850041e-03   7.25498251e-15  -3.68249989e-14   4.03738234e-14
  4.95200000e-05   3.70949902e-02   1.05395235e-02   1.78320924e-03   4.31353239e-15  -2.23226953e-14   4.22048790e-14
  4.96000000e-05   3.57660907e-02   9.93439158e-03   4.16032225e-04   1.93156667e-15  -8.70073452e-15   4.17081033e-14
  4.96800000e-05   3.43918496e-02   9.33823069e-03  -7.43757529e-04  -1.81670287e-17   3.19993688e-15   3.93366789e-14
  4.97600000e-05   3.29962609e-02   8.77646963e-03  -1.77484965e-03  -1.69373670e-15   1.35751620e-14   3.56396491e-14
  4.98400000e-05   3.15855973e-02   8.23752076e-03  -2.68084746e-03  -3.19705858e-15   2.23312181e-14   3.09502384e-14
  4.99200000e-05   3.01772315e-02   7.74144344e-03  -3.44715891e-03  -4.59311830e-15   2.93601076e-14   2.57261185e-14
  5.00000000e-05   2.87872438e-02   7.28225806e-03  -4.15387871e-03  -5.96516011e-15   3.51330272e-14   2.02526983e-14
  5.00800000e-05   2.74320084e-02   6.87288980e-03  -4.72635012e-03  -7.29856221e-15   3.93325896e-14   1.48347736e-14
  5.01600000e-05   2.60958557e-02   6.49300813e-03  -5.19874914e-03  -8.60080862e-15   4.22386340e-14   9.58121489e-15
  5.02400000e-05   2.48130328e-02   6.16125943e-03  -5.52491752e-03  -9.81433569e-15   4.37362936e-14   4.69639913e-15
  5.03200000e-05   2.35619169e-02   5.85140939e-03  -5.91361891e-03  -1.11397485e-14   4.50339691e-14   1.75587856e-16
  5.04000000e-05   2.23777351e-02   5.56943676e-03  -6.31968909e-03  -1.25661565e-14   4.60065729e-14  -3.95136891e-15
  5.04800000e-05   2.12271297e-02   5.32460502e-03  -6.48071940e-03  -1.36756654e-14   4.53742650e-14  -7.51383907e-15
  5.05600000e-05   2.01290814e-02   5.10388827e-03  -6.66405436e-03  -1.48231268e-14   4.46345635e-14  -1.05890642e-14
  5.06400000e-05   1.90746246e-02   4.89972240e-03  -6.80329096e-03  -1.58919736e-14   4.35141286e-14  -1.32180559e-14
  5.07200000e-05   1.80697169e-02   4.71211511e-03  -6.85753120e-03  -1.67727017e-14   4.18770612e-14  -1.54207741e-14
  5.08000000e-05   1.71134189e-02   4.54170091e-03  -6.97970879e-03  -1.77813927e-14   4.05401413e-14  -1.72183725e-14
  5.08800000e-05   1.61939662e-02   4.38485651e-03  -7.08251096e-03  -1.87432723e-14   3.90965699e-14  -1.86508812e-14
  5.09600000e-05   1.53192648e-02   4.23421671e-03  -7.07292071e-03  -1.93967052e-14   3.71434214e-14  -1.97754186e-14
  5.10400000e-05   1.44760414e-02   4.09530104e-03  -7.11439346e-03  -2.01480730e-14   3.54925367e-14  -2.05655926e-14
  5.11200000e-05   1.36717851e-02   3.96205040e-03  -7.20794504e-03  -2.10307259e-14   3.41524858e-14  -2.11174881e-14
  5.12000000e-05   1.29097131e-02   3.84227964e-03  -7.19248350e-03  -2.15765840e-14   3.23931897e-14  -2.14228944e-14
  5.12800000e-05   1.21777892e-02   3.70741729e-03  -7.16745580e-03  -2.20611948e-14   3.06881217e-14  -2.16091890e-14
  5.13600000e-05   1.14806791e-02   3.59107958e-03  -7.15645865e-03  -2.25604072e-14   2.91454449e-14  -2.15672571e-14
  5.14400000e-05   1.08194863e-02   3.47467143e-03  -7.18805040e-03  -2.31834577e-14   2.78806792e-14  -2.14184508e-14
  5.15200000e-05   1.01752614e-02   3.36085686e-03  -7.25527173e-03  -2.39217621e-14   2.68555123e-14  -2.11091544e-14
  5.16000000e-05   9.56510919e-03   3.24345650e-03  -7.15592498e-03  -2.40673458e-14   2.52295390e-14  -2.07346889e-14
  5.16800000e-05   8.98274394e-03   3.13721702e-03  -7.10514641e-03  -2.43550265e-14   2.39039540e-14  -2.02364691e-14
  5.17600000e-05   8.42532218e-03   3.02317312e-03  -7.14144494e-03  -2.49585399e-14   2.30064205e-14  -1.97062849e-14
  5.18400000e-05   7.89223878e-03   2.91356534e-03  -7.18759260e-03  -2.55996123e-14   2.22132093e-14  -1.91049527e-14
  5.19200000e-05   7.39158734e-03   2.80837555e-03  -7.14935725e-03  -2.59126329e-14   2.11585692e-14  -1.84791830e-14
  5.20000000e-05   6.90908689e-03   2.70220376e-03  -7.16989781e-03  -2.64557271e-14   2.03818385e-14  -1.78118350e-14
  5.20800000e-05   6.44808843e-03   2.59167486e-03  -7.12592492e-03  -2.67356856e-14   1.94345870e-14  -1.71242240e-14
  5.21600000e-05   6.01332086e-03   2.48284014e-03  -7.12802101e-03  -2.71985680e-14   1.86946824e-14  -1.64334263e-14
  5.22400000e-05   5.60338904e-03   2.38255139e-03  -7.12103191e-03  -2.76172597e-14   1.79564204e-14  -1.57235857e-14
  5.23200000e-05   5.20842123e-03   2.27269834e-03  -7.12032210e-03  -2.80706307e-14   1.72769110e-14  -1.50187674e-14
  5.24000000e-05   4.83797554e-03   2.17338611e-03  -7.11651929e-03  -2.84961942e-14   1.66125185e-14  -1.42989107e-14
  5.24800000e-05   4.49200478e-03   2.07038117e-03  -7.10814856e-03  -2.89059859e-14   1.59466107e-14  -1.36224311e-14
  5.25600000e-05   4.16185781e-03   1.97053374e-03  -7.10968930e-03  -2.93524021e-14   1.53305258e-14  -1.29332242e-14
  5.26400000e-05   3.84785735e-03   1.87067222e-03  -7.02922088e-03  -2.94237172e-14   1.45046147e-14  -1.22467181e-14
  5.27200000e-05   3.56021151e-03   1.77346508e-03  -6.91953086e-03  -2.93433422e-14   1.36195751e-14  -1.16069522e-14
  5.28000000e-05   3.28392015e-03   1.68744687e-03  -6.93980962e-03  -2.98351867e-14   1.30957293e-14  -1.09337327e-14
  5.28800000e-05   3.03120803e-03   1.59927237e-03  -6.91747672e-03  -3.01243064e-14   1.24606287e-14  -1.03195288e-14
  5.29600000e-05   2.79535085e-03   1.51198482e-03  -6.86689344e-03  -3.02704777e-14   1.17613408e-14  -9.73273251e-15
  5.30400000e-05   2.57524595e-03   1.43011554e-03  -6.77706418e-03  -3.02080162e-14   1.09868909e-14  -9.16038952e-15
  5.31200000e-05   2.36886408e-03   1.35044691e-03  -6.82395201e-03  -3.07825446e-14   1.05134696e-14  -8.60524542e-15
  5.32000000e-05   2.17817647e-03   1.27149402e-03  -6.70608991e-03  -3.05530739e-14   9.69744778e-15  -8.08514954e-15
  5.32800000e-05   2.00673426e-03   1.20152938e-03  -6.69479276e-03  -3.08089117e-14   9.09188191e-15  -7.60309351e-15
  5.33600000e-05   1.84732532e-03   1.13305958e-03  -6.59505485e-03  -3.06164241e-14   8.33023957e-15  -7.14472261e-15
  5.34400000e-05   1.69252367e-03   1.06848093e-03  -6.54136685e-03  -3.06252641e-14   7.67647449e-15  -6.67013772e-15
  5.35200000e-05   1.56182800e-03   1.00687823e-03  -6.38158892e-03  -3.00866963e-14   6.85204650e-15  -6.28230189e-15
  5.36000000e-05   1.44550477e-03   9.49371283e-04  -6.34698517e-03  -3.01462911e-14   6.22170336e-15  -5.93508575e-15
  5.36800000e-05   1.33457880e-03   8.92135407e-04  -6.23900546e-03  -2.98221613e-14   5.51187824e-15  -5.59106457e-15
  5.37600000e-05   1.23096655e-03   8.43548071e-04  -6.14470469e-03  -2.95346459e-14   4.84517513e-15  -5.25151731e-15
  5.38400000e-05   1.14141439e-03   8.01381729e-04  -6.05212100e-03  -2.92286837e-14   4.18988796e-15  -4.95765709e-15
  5.39200000e-05   1.05730018e-03   7.55172198e-04  -5.93121214e-03  -2.87708995e-14   3.53040748e-15  -4.67921414e-15
  5.40000000e-05   9.85099865e-04   7.19142642e-04  -5.84682208e-03  -2.84647463e-14   2.92326030e-15  -4.43632050e-15
  5.40800000e-05   9.17994599e-04   6.81281640e-04  -5.72595731e-03  -2.79627806e-14   2.31000836e-15  -4.20818982e-15
  5.41600000e-05   8.64323806e-04   6.55755935e-04  -5.62833657e-03  -2.75441335e-14   1.72354229e-15  -4.02904605e-15
  5.42400000e-05   8.11771280e-04   6.25611768e-04  -5.48049281e-03  -2.68642750e-14   1.14956962e-15  -3.84791357e-15
  5.43200000e-05   7.63287179e-04   6.02439302e-04  -5.34492428e-03  -2.62229974e-14   6.16861829e-16  -3.67527300e-15
  5.44000000e-05   7.27118583e-04   5.79696121e-04  -5.26441756e-03  -2.58524538e-14   1.14286272e-16  -3.55814258e-15
  5.44800000e-05   6.95670822e-04   5.61783726e-04  -5.22187012e-03  -2.56577919e-14  -3.65191236e-16  -3.45748463e-15
  5.45600000e-05   6.67355952e-04   5.47236781e-04  -5.01901788e-03  -2.46288542e-14  -8.38161930e-16  -3.36617360e-15
  5.46400000e-05   6.39845046e-04   5.39243338e-04  -4.90765629e-03  -2.40480167e-14  -1.26212948e-15  -3.27398626e-15
  5.47200000e-05   6.22608630e-04   5.27783069e-04  -4.78162268e-03  -2.33925321e-14  -1.67149568e-15  -3.23040535e-15
  5.48000000e-05   6.06580013e-04   5.22981855e-04  -4.65663222e-03  -2.27245048e-14  -2.04840330e-15  -3.19018283e-15
  5.48800000e-05   5.96850117e-04   5.24664758e-04  -4.62957897e-03  -2.25374354e-14  -2.43367776e-15  -3.18135537e-15
  5.49600000e-05   5.82392029e-04   5.21020045e-04  -4.48679562e-03  -2.17676282e-14  -2.75197753e-15  -3.14503485e-15
  5.50400000e-05   5.82025722e-04   5.20110394e-04  -4.35344442e-03  -2.10378353e-14  -3.06642116e-15  -3.17896302e-15
  5.51200000e-05   5.72699022e-04   5.12349341e-04  -4.27332735e-03  -2.05883168e-14  -3.35981354e-15  -3.16201078e-15
  5.52000000e-05   5.67247483e-04   5.17875104e-04  -4.13572794e-03  -1.98209854e-14  -3.60374865e-15  -3.16986416e-15
  5.52800000e-05   5.67869451e-04   5.21154176e-04  -4.03089957e-03  -1.92223411e-14  -3.85117011e-15  -3.20594285e-15
  5.53600000e-05   5.58623986e-04   5.16829287e-04  -3.94812136e-03  -1.87487653e-14  -4.07060926e-15  -3.18564677e-15
  5.54400000e-05   5.57439262e-04   5.21252576e-04  -3.84611518e-03  -1.81611317e-14  -4.27109710e-15  -3.21104482e-15
  5.55200000e-05   5.52465727e-04   5.23255416e-04  -3.74467448e-03  -1.75819341e-14  -4.43989428e-15  -3.21432872e-15
  5.56000000e-05   5.52666842e-04   5.24757229e-04  -3.60149521e-03  -1.67979182e-14  -4.55692665e-15  -3.24169045e-15
  5.56800000e-05   5.45810541e-04   5.22806116e-04  -3.48790222e-03  -1.61705864e-14  -4.66148577e-15  -3.22919884e-15
  5.57600000e-05   5.41807296e-04   5.18658134e-04  -3.38489232e-03  -1.56028070e-14  -4.75999269e-15  -3.22684522e-15
  5.58400000e-05   5.26391398e-04   5.08439512e-04  -3.29333880e-03  -1.51064966e-14  -4.82898247e-15  -3.16006824e-15
  5.59200000e-05   5.14532927e-04   5.04922311e-04  -3.20281786e-03  -1.46042536e-14  -4.88954104e-15  -3.11700763e-15
  5.60000000e-05   4.92392827e-04   4.88539259e-04  -3.17608410e-03  -1.44414401e-14  -4.99486931e-15  -3.00717833e-15
  5.60800000e-05   4.62638797e-04   4.62898130e-04  -3.08698769e-03  -1.39969282e-14  -4.99475226e-15  -2.84665324e-15
  5.61600000e-05   4.33513870e-04   4.30629255e-04  -2.98904098e-03  -1.35277406e-14  -4.96904328e-15  -2.67787516e-15
  5.62400000e-05   3.94290790e-04   3.97257530e-04  -2.87499081e-03  -1.29894262e-14  -4.88011283e-15  -2.45575487e-15
  5.63200000e-05   3.56168864e-04   3.62220456e-04  -2.72560772e-03  -1.22914735e-14  -4.72410268e-15  -2.23399969e-15
  5.64000000e-05   3.04092848e-04   3.10272224e-04  -2.69244187e-03  -1.21916643e-14  -4.69377727e-15  -1.91786745e-15
  5.64800000e-05   2.43267109e-04   2.46738788e-04  -2.63340755e-03  -1.19963250e-14  -4.59968198e-15  -1.53915836e-15
  5.65600000e-05   1.73764662e-04   1.74593822e-04  -2.53339985e-03  -1.16299585e-14  -4.41247786e-15  -1.10178706e-15
  5.66400000e-05   8.52790218e-05   9.09634636e-05  -2.42018702e-03  -1.12323638e-14  -4.14901774e-15  -5.51731750e-16
  5.67200000e-05   0.00000000e+00   0.00000000e+00   0.00000000e+00   0.00000000e+00   0.00000000e+00   0.00000000e+00
