       time             b_x              b_y              b_z              F_x              F_y              F_z
  0.00000000e+00  -1.40410323e-01  -9.96884266e-02  -1.01337257e-01   7.00786271e-13  -5.88111472e-13  -3.92449137e-13
  8.00000000e-08  -5.00619431e-02  -3.58941698e-02  -6.36170117e-02   3.12727872e-13  -1.18934892e-14  -2.39383423e-13
  1.60000000e-07  -3.32021324e-02  -2.40661450e-02  -3.98870164e-02   1.79429853e-13   4.71521934e-14  -1.77807866e-13
  2.40000000e-07  -2.58919556e-02  -1.89719104e-02  -2.74809029e-02   1.13563243e-13   5.45240285e-14  -1.44638604e-13
  3.20000000e-07  -2.19152477e-02  -1.62535183e-02  -2.05026467e-02   7.70235922e-14   5.32507082e-14  -1.24545016e-13
  4.00000000e-07  -1.89188378e-02  -1.42067667e-02  -1.57787751e-02   5.29827355e-14   4.94861603e-14  -1.08082541e-13
  4.80000000e-07  -1.65740583e-02  -1.26148254e-02  -1.24992365e-02   3.67000939e-14   4.55410167e-14  -9.46266976e-14
  5.60000000e-07  -1.47413610e-02  -1.13861705e-02  -1.01495954e-02   2.53558898e-14   4.19265786e-14  -8.38618157e-14
  6.40000000e-07  -1.31996956e-02  -1.03557058e-02  -8.40991862e-03   1.71757813e-14   3.87743336e-14  -7.47035384e-14
  7.20000000e-07  -1.19411742e-02  -9.53598795e-03  -7.08004012e-03   1.11482381e-14   3.59708213e-14  -6.72510838e-14
  8.00000000e-07  -1.08390799e-02  -8.83539074e-03  -6.04172868e-03   6.60358752e-15   3.34991169e-14  -6.08359991e-14
  8.80000000e-07  -9.91117552e-03  -8.24434400e-03  -5.22841011e-03   3.13555579e-15   3.13758089e-14  -5.54183776e-14
  9.60000000e-07  -9.11922980e-03  -7.76163356e-03  -4.54243749e-03   3.87104777e-16   2.93397878e-14  -5.09098430e-14
  1.04000000e-06  -8.42778760e-03  -7.34468452e-03  -3.98106007e-03  -1.78948874e-15   2.75378239e-14  -4.70164216e-14
  1.12000000e-06  -7.82168878e-03  -6.99787046e-03  -3.51622939e-03  -3.55153350e-15   2.59371037e-14  -4.37188491e-14
  1.20000000e-06  -7.29103367e-03  -6.70950412e-03  -3.10692811e-03  -5.02393236e-15   2.44082728e-14  -4.09207237e-14
  1.28000000e-06  -6.82537791e-03  -6.46703016e-03  -2.72560210e-03  -6.28287340e-15   2.28679743e-14  -3.85253938e-14
  1.36000000e-06  -6.41198846e-03  -6.25846240e-03  -2.37652524e-03  -7.36045207e-15   2.13789902e-14  -3.64416382e-14
  1.44000000e-06  -6.04456211e-03  -6.08220038e-03  -2.06022183e-03  -8.29507183e-15   1.99776688e-14  -3.46409824e-14
  1.52000000e-06  -5.70757317e-03  -5.92722756e-03  -1.71757018e-03  -9.13077432e-15   1.83680096e-14  -3.30448276e-14
  1.60000000e-06  -5.39320468e-03  -5.78461005e-03  -1.40758337e-03  -9.84399436e-15   1.68659695e-14  -3.15948464e-14
  1.68000000e-06  -5.10325603e-03  -5.65424725e-03  -1.08171629e-03  -1.04726785e-14   1.52455813e-14  -3.02829185e-14
  1.76000000e-06  -4.83364234e-03  -5.53883349e-03  -7.37623418e-04  -1.10343818e-14   1.35069868e-14  -2.91160707e-14
  1.84000000e-06  -4.57603496e-03  -5.41682553e-03  -3.90493539e-04  -1.14919478e-14   1.17251497e-14  -2.79787875e-14
  1.92000000e-06   6.37195503e-04   6.41821416e-04  -2.26505739e-05   1.41935743e-15  -1.29264443e-15   3.30063575e-15
  2.00000000e-06   6.26514615e-03   7.59437364e-03  -3.16870747e-04   1.60908641e-14  -1.16345833e-14   3.93038569e-14
  2.08000000e-06   6.03434847e-03   7.52067088e-03  -6.39683337e-04   1.48963066e-14  -8.58715113e-15   3.95639004e-14
  2.16000000e-06   5.80765152e-03   7.44507375e-03  -9.44538429e-04   1.37239106e-14  -5.67032582e-15   3.96889052e-14
  2.24000000e-06   5.58811831e-03   7.37457115e-03  -1.23238094e-03   1.25782551e-14  -2.89216537e-15   3.97282177e-14
  2.32000000e-06   5.37374600e-03   7.30462764e-03  -1.50791063e-03   1.14446890e-14  -2.30269167e-16   3.96700045e-14
  2.40000000e-06   5.16233667e-03   7.23346943e-03  -1.76994238e-03   1.03152852e-14   2.30699665e-15   3.95145998e-14
  2.48000000e-06   4.95650591e-03   7.16289100e-03  -2.01625724e-03   9.18761091e-15   4.69977977e-15   3.92819212e-14
  2.56000000e-06   4.75540237e-03   7.09032897e-03  -2.24511729e-03   8.05498430e-15   6.93642905e-15   3.89673429e-14
  2.64000000e-06   4.55897866e-03   7.01746661e-03  -2.45871949e-03   6.91889449e-15   9.02527897e-15   3.85882515e-14
  2.72000000e-06   4.36681540e-03   6.94462384e-03  -2.65457102e-03   5.77801403e-15   1.09511165e-14   3.81541516e-14
  2.80000000e-06   4.17304126e-03   6.85895328e-03  -2.83172340e-03   4.62577347e-15   1.27097325e-14   3.76021913e-14
  2.88000000e-06   3.98220574e-03   6.77546945e-03  -2.98884793e-03   3.47657182e-15   1.42877689e-14   3.70212097e-14
  2.96000000e-06   3.79078729e-03   6.68002722e-03  -3.12551467e-03   2.32824600e-15   1.56826143e-14   3.63415910e-14
  3.04000000e-06   3.60051692e-03   6.57691842e-03  -3.24156742e-03   1.19152562e-15   1.68906548e-14   3.55934496e-14
  3.12000000e-06   3.40940468e-03   6.46439953e-03  -3.33435663e-03   7.52197409e-17   1.78970689e-14   3.47744022e-14
  3.20000000e-06   3.21649844e-03   6.34072799e-03  -3.40091598e-03  -1.00940299e-15   1.86851371e-14   3.38822333e-14
  3.28000000e-06   3.02080818e-03   6.20545114e-03  -3.44003776e-03  -2.04914231e-15   1.92481858e-14   3.29222000e-14
  3.36000000e-06   2.82775597e-03   6.05268445e-03  -3.45311179e-03  -3.02896373e-15   1.95963721e-14   3.18684980e-14
  3.44000000e-06   2.62451421e-03   5.87673101e-03  -3.44007734e-03  -3.93065496e-15   1.97272847e-14   3.07016022e-14
  3.52000000e-06   2.42199818e-03   5.68374071e-03  -3.39721380e-03  -4.73923337e-15   1.96275647e-14   2.94593098e-14
  3.60000000e-06   2.21646273e-03   5.47503609e-03  -3.32556952e-03  -5.44161384e-15   1.93058976e-14   2.81573883e-14
  3.68000000e-06   2.00775484e-03   5.23452805e-03  -3.22270468e-03  -6.01080032e-15   1.87542243e-14   2.67170927e-14
  3.76000000e-06   1.79521030e-03   4.97241808e-03  -3.09176236e-03  -6.44040019e-15   1.79945346e-14   2.52006679e-14
  3.84000000e-06   1.57924821e-03   4.68165479e-03  -2.92958561e-03  -6.71036083e-15   1.70169637e-14   2.35767899e-14
  3.92000000e-06   1.36412498e-03   4.36283590e-03  -2.73944858e-03  -6.81251508e-15   1.58503546e-14   2.18508843e-14
  4.00000000e-06   1.14709106e-03   4.02013458e-03  -2.51956187e-03  -6.74291608e-15   1.44904443e-14   2.00506279e-14
  4.08000000e-06   9.28191618e-04   3.64116027e-03  -2.27357986e-03  -6.48595062e-15   1.29637973e-14   1.81137506e-14
  4.16000000e-06   7.10258627e-04   3.23032430e-03  -1.99793851e-03  -6.04128290e-15   1.12625213e-14   1.60619173e-14
  4.24000000e-06   4.98146751e-04   2.80320822e-03  -1.69581863e-03  -5.43497954e-15   9.41666522e-15   1.39693335e-14
  4.32000000e-06   2.89587442e-04   2.34266849e-03  -1.36959994e-03  -4.65456386e-15   7.44209654e-15   1.17453727e-14
  4.40000000e-06   8.40617651e-05   1.85638320e-03  -1.01653431e-03  -3.71813459e-15   5.32909924e-15   9.42447025e-15
  4.48000000e-06  -1.09574101e-04   1.34711038e-03  -6.44666242e-04  -2.65335008e-15   3.13567611e-15   7.00337633e-15
  4.56000000e-06   2.18875759e-04   1.54764551e-03  -2.47934091e-04  -2.56361957e-15   1.59014041e-15   7.66276020e-15
  4.64000000e-06   1.39059723e-03   3.57942536e-03  -2.13571536e-04  -5.70277765e-15   3.21259324e-15   1.67108921e-14
  4.72000000e-06   2.47156174e-03   6.12400411e-03  -7.96434928e-04  -1.07941036e-14   8.02828519e-15   2.82345201e-14
  4.80000000e-06   2.60111902e-03   6.95348450e-03  -1.44324750e-03  -1.37055392e-14   1.17401473e-14   3.18623063e-14
  4.88000000e-06   2.71506493e-03   7.80208106e-03  -2.16868467e-03  -1.71243684e-14   1.57936167e-14   3.53805727e-14
  4.96000000e-06   2.81057760e-03   8.67585773e-03  -3.00922895e-03  -2.11962695e-14   2.03116203e-14   3.87630750e-14
  5.04000000e-06   2.88506428e-03   9.57713142e-03  -3.93780887e-03  -2.59998662e-14   2.50811500e-14   4.19507879e-14
  5.12000000e-06   2.93860506e-03   1.04954246e-02  -4.97371020e-03  -3.16514047e-14   3.00965147e-14   4.48085463e-14
  5.20000000e-06   2.97136209e-03   1.14292274e-02  -6.13264071e-03  -3.82946252e-14   3.52974238e-14   4.72284451e-14
  5.28000000e-06   2.98527454e-03   1.23650633e-02  -7.47614421e-03  -4.61313654e-14   4.07809862e-14   4.90285736e-14
  5.36000000e-06   2.98194980e-03   1.32952211e-02  -8.90152717e-03  -5.50974350e-14   4.58614344e-14   5.00408656e-14
  5.44000000e-06   2.96156564e-03   1.42182991e-02  -1.05524989e-02  -6.55682049e-14   5.08519048e-14   5.01154325e-14
  5.52000000e-06   2.92756875e-03   1.51005802e-02  -1.23799225e-02  -7.74609057e-14   5.51511838e-14   4.89536785e-14
  5.60000000e-06   2.87578578e-03   1.59242676e-02  -1.43598387e-02  -9.07009999e-14   5.81833460e-14   4.63577997e-14
  5.68000000e-06   2.81230329e-03   1.66465987e-02  -1.66040626e-02  -1.05385172e-13   5.97584132e-14   4.20619503e-14
  5.76000000e-06   2.73860667e-03   1.72429721e-02  -1.90881350e-02  -1.21257933e-13   5.90392181e-14   3.59350878e-14
  5.84000000e-06   2.65560981e-03   1.76579277e-02  -2.17897787e-02  -1.37759752e-13   5.51400955e-14   2.78948989e-14
  5.92000000e-06   2.57960788e-03   1.78371685e-02  -2.47908137e-02  -1.54462470e-13   4.73623322e-14   1.80049473e-14
  6.00000000e-06   2.49802899e-03   1.77229144e-02  -2.79494879e-02  -1.69932317e-13   3.45036709e-14   6.69099025e-15
  6.08000000e-06   2.42361875e-03   1.72582594e-02  -3.13915212e-02  -1.83354064e-13   1.59397711e-14  -5.39278239e-15
  6.16000000e-06   2.33381483e-03   1.63670509e-02  -3.49540343e-02  -1.92517285e-13  -9.04066781e-15  -1.70872626e-14
  6.24000000e-06   2.22149960e-03   1.50315392e-02  -3.85211246e-02  -1.95348091e-13  -4.02646380e-14  -2.69775403e-14
  6.32000000e-06   2.05313502e-03   1.31995563e-02  -4.20990736e-02  -1.89984134e-13  -7.69061494e-14  -3.33781721e-14
  6.40000000e-06   1.81668491e-03   1.08873345e-02  -4.51937495e-02  -1.73437953e-13  -1.15879818e-13  -3.48876663e-14
  6.48000000e-06   1.47659350e-03   8.19196521e-03  -4.78094264e-02  -1.45563106e-13  -1.53785590e-13  -3.08462965e-14
  6.56000000e-06   1.01175856e-03   5.13864574e-03  -4.95811161e-02  -1.06276002e-13  -1.85492959e-13  -2.13933921e-14
  6.64000000e-06   4.12510432e-04   1.96767440e-03  -5.02856135e-02  -5.86545675e-14  -2.06233354e-13  -8.55106826e-15
  6.72000000e-06  -3.08041404e-04  -1.28844317e-03  -5.00495822e-02  -6.95543666e-15  -2.13977736e-13   5.55130940e-15
  6.80000000e-06  -1.09974692e-03  -4.39556819e-03  -4.86970730e-02   4.34923284e-14  -2.07454077e-13   1.77433249e-14
  6.88000000e-06  -1.92814011e-03  -7.23975450e-03  -4.64565484e-02   8.79022538e-14  -1.89255120e-13   2.58450700e-14
  6.96000000e-06  -2.70669731e-03  -9.68589120e-03  -4.35581511e-02   1.23014063e-13  -1.63136042e-13   2.86319801e-14
  7.04000000e-06  -3.40234733e-03  -1.17133140e-02  -4.01938957e-02   1.47578357e-13  -1.33169852e-13   2.63161218e-14
  7.12000000e-06  -3.97433889e-03  -1.32677202e-02  -3.66690570e-02   1.61948736e-13  -1.03218287e-13   1.97941332e-14
  7.20000000e-06  -4.39470926e-03  -1.44254939e-02  -3.31313178e-02   1.67722810e-13  -7.55496217e-14   1.06469542e-14
  7.28000000e-06  -4.66298982e-03  -1.51628726e-02  -2.97655389e-02   1.66684988e-13  -5.15991897e-14   1.72734575e-16
  7.36000000e-06  -4.78350731e-03  -1.55610818e-02  -2.65254652e-02   1.60351443e-13  -3.16720676e-14  -1.03368843e-14
  7.44000000e-06  -4.78044352e-03  -1.56291670e-02  -2.34775256e-02   1.50259747e-13  -1.58704311e-14  -2.00305016e-14
  7.52000000e-06  -4.66687413e-03  -1.54615579e-02  -2.08099194e-02   1.38598837e-13  -3.73079887e-15  -2.83105066e-14
  7.60000000e-06  -4.46814216e-03  -1.50742170e-02  -1.83711605e-02   1.25716589e-13   5.26695415e-15  -3.48978932e-14
  7.68000000e-06  -4.20309325e-03  -1.45220449e-02  -1.61658838e-02   1.12499828e-13   1.16442010e-14  -3.97098535e-14
  7.76000000e-06  -3.88458942e-03  -1.38156905e-02  -1.41716207e-02   9.93987142e-14   1.58873493e-14  -4.27345544e-14
  7.84000000e-06  -3.54765178e-03  -1.30169195e-02  -1.24423204e-02   8.71697147e-14   1.85385205e-14  -4.42491598e-14
  7.92000000e-06  -3.19004414e-03  -1.21202592e-02  -1.08752642e-02   7.56324589e-14   1.98572084e-14  -4.43157413e-14
  8.00000000e-06  -2.82545683e-03  -1.11584353e-02  -9.50372121e-03   6.51500202e-14   2.02768256e-14  -4.31763734e-14
  8.08000000e-06  -2.46569828e-03  -1.01341113e-02  -8.26475916e-03   5.55717855e-14   1.99172500e-14  -4.10014227e-14
  8.16000000e-06  -2.11831573e-03  -9.07163011e-03  -7.12898807e-03   4.68885820e-14   1.89204916e-14  -3.80088337e-14
  8.24000000e-06  -1.79365403e-03  -7.98094776e-03  -6.10594982e-03   3.91436934e-14   1.75089697e-14  -3.43842355e-14
  8.32000000e-06  -1.48294059e-03  -6.84895251e-03  -5.13185113e-03   3.20514774e-14   1.56549480e-14  -3.01548950e-14
  8.40000000e-06  -1.18812369e-03  -5.68774896e-03  -4.26576629e-03   2.57838979e-14   1.37087918e-14  -2.54600507e-14
  8.48000000e-06  -9.18881455e-04  -4.50212659e-03  -3.45182878e-03   2.00915042e-14   1.15653354e-14  -2.04327385e-14
  8.56000000e-06  -6.89555734e-04  -3.30140814e-03  -2.65711387e-03   1.48065545e-14   9.16262667e-15  -1.52268652e-14
  8.64000000e-06  -4.80388096e-04  -2.05713393e-03  -1.88786359e-03   9.80803571e-15   6.64024814e-15  -9.73139347e-15
  8.72000000e-06  -3.08555321e-04  -7.89379267e-04  -1.12391074e-03   4.97660422e-15   3.95086086e-15  -4.14115215e-15
  8.80000000e-06  -1.94764012e-04  -1.13652675e-03  -3.29505904e-04   3.12111779e-15   9.71200151e-16  -5.19467588e-15
  8.88000000e-06  -2.72836449e-04  -5.22793745e-03  -4.17455840e-04   1.06712197e-14   1.20589934e-15  -2.20762609e-14
  8.96000000e-06  -3.28419923e-04  -7.61997801e-03  -1.13220850e-03   1.63171192e-14   4.10793102e-15  -3.23802648e-14
  9.04000000e-06  -3.25960431e-04  -8.78138098e-03  -1.87638183e-03   1.93591631e-14   7.34696385e-15  -3.77464804e-14
  9.12000000e-06  -2.87161023e-04  -9.97505599e-03  -2.65501635e-03   2.19630435e-14   1.09197531e-14  -4.34016455e-14
  9.20000000e-06  -2.17071701e-04  -1.11767788e-02  -3.42296103e-03   2.38250176e-14   1.46304690e-14  -4.92828436e-14
  9.28000000e-06  -1.21668056e-04  -1.24165294e-02  -4.20881361e-03   2.49267606e-14   1.85841092e-14  -5.55460398e-14
  9.36000000e-06   1.56719070e-06  -1.36841960e-02  -4.99601581e-03   2.50435645e-14   2.26871446e-14  -6.21327269e-14
  9.44000000e-06   1.61664683e-04  -1.49930972e-02  -5.76621668e-03   2.39606955e-14   2.68134624e-14  -6.90475702e-14
  9.52000000e-06   3.60069889e-04  -1.63458571e-02  -6.48848918e-03   2.14180962e-14   3.07345440e-14  -7.62381565e-14
  9.60000000e-06   6.00690227e-04  -1.77678018e-02  -7.13171494e-03   1.71601387e-14   3.41807911e-14  -8.37119259e-14
  9.68000000e-06   8.76331250e-04  -1.93126211e-02  -7.61668204e-03   1.07910368e-14   3.66125771e-14  -9.15921528e-14
  9.76000000e-06   1.20567146e-03  -2.09467696e-02  -7.95581387e-03   2.16604018e-15   3.78907234e-14  -9.94337893e-14
  9.84000000e-06   1.58597509e-03  -2.28453202e-02  -7.87747121e-03  -9.63435369e-15   3.64878113e-14  -1.07757370e-13
  9.92000000e-06   2.02614196e-03  -2.49442811e-02  -7.38035830e-03  -2.47533857e-14   3.22214437e-14  -1.15698261e-13
  1.00000000e-05   2.54096559e-03  -2.72900783e-02  -6.21139810e-03  -4.39083495e-14   2.38322736e-14  -1.22670324e-13
  1.00800000e-05   3.12951205e-03  -2.98706000e-02  -4.10883001e-03  -6.76932719e-14   1.04465277e-14  -1.27503683e-13
  1.01600000e-05   1.24725920e-03  -1.08646274e-02  -7.42122135e-04  -3.06576379e-14  -5.61976321e-16  -4.32979373e-14
  1.02400000e-05  -4.14191031e-03   3.30011397e-02  -3.84825349e-03   9.51601002e-14   2.79694565e-14   1.37433603e-13
  1.03200000e-05  -4.74163228e-03   3.45781296e-02  -8.61486920e-03   8.68865750e-14   5.08222464e-14   1.56166507e-13
  1.04000000e-05  -5.32634750e-03   3.56995490e-02  -1.25602542e-02   7.00748723e-14   7.11860314e-14   1.72613235e-13
  1.04800000e-05  -5.86658002e-03   3.61965120e-02  -1.56919834e-02   4.54936791e-14   8.72586461e-14   1.84270289e-13
  1.05600000e-05  -6.48490753e-03   3.69993548e-02  -1.73802005e-02   1.49005108e-14   9.39630575e-14   1.94470948e-13
  1.06400000e-05  -7.15498035e-03   3.79011259e-02  -1.74979423e-02  -1.99073178e-14   8.90702095e-14   2.01069224e-13
  1.07200000e-05  -8.01668159e-03   3.96830176e-02  -1.54819160e-02  -5.75628519e-14   6.91174725e-14   2.06967467e-13
  1.08000000e-05  -8.81475283e-03   4.10856477e-02  -1.17643030e-02  -9.45993328e-14   3.81562019e-14   2.04138060e-13
  1.08800000e-05  -9.57503205e-03   4.23190129e-02  -5.56841530e-03  -1.28981822e-13  -3.81243632e-15   1.92813661e-13
  1.09600000e-05   6.06108991e-03  -2.58470226e-02  -2.23664417e-03   8.46392305e-14   2.95906198e-14  -1.12589850e-13
  1.10400000e-05   1.02321312e-02  -4.10398250e-02  -8.50118108e-03   1.01910660e-13   6.67435816e-14  -1.99546587e-13
  1.11200000e-05   9.90699601e-03  -3.78542158e-02  -1.21654175e-02   5.95796194e-14   7.94692615e-14  -1.98759437e-13
  1.12000000e-05   9.63984836e-03  -3.51687086e-02  -1.33218627e-02   2.32609176e-14   7.96618411e-14  -1.93469368e-13
  1.12800000e-05   9.44660640e-03  -3.29198736e-02  -1.29692547e-02  -6.39957022e-15   7.11570137e-14  -1.85279276e-13
  1.13600000e-05   9.30976705e-03  -3.10646636e-02  -1.16222527e-02  -2.95524224e-14   5.67882181e-14  -1.75459363e-13
  1.14400000e-05   9.21455698e-03  -2.95046090e-02  -9.61363211e-03  -4.68007290e-14   3.90063424e-14  -1.64569940e-13
  1.15200000e-05   9.12782230e-03  -2.81242058e-02  -7.19333733e-03  -5.90491838e-14   1.99084150e-14  -1.52766201e-13
  1.16000000e-05   8.98805790e-03  -2.67372353e-02  -4.50875097e-03  -6.69258310e-14   1.05795170e-15  -1.39688342e-13
  1.16800000e-05   8.77261017e-03  -2.52852814e-02  -1.73763465e-03  -7.12523457e-14  -1.60859707e-14  -1.25648252e-13
  1.17600000e-05  -4.53314737e-03   1.29342688e-02  -8.60818550e-04   3.50233307e-14   1.64791770e-14   6.31726458e-14
  1.18400000e-05  -7.27889004e-03   2.01080637e-02  -2.92173300e-03   4.34192519e-14   3.07131090e-14   1.03204910e-13
  1.19200000e-05  -6.80608971e-03   1.82940587e-02  -4.22712138e-03   2.88308898e-14   3.32813774e-14   9.76139103e-14
  1.20000000e-05  -6.33668091e-03   1.65895773e-02  -4.98804356e-03   1.70722500e-14   3.39213465e-14   9.11297980e-14
  1.20800000e-05  -5.89590338e-03   1.50468160e-02  -5.37865329e-03   7.82447869e-15   3.32551198e-14   8.44544670e-14
  1.21600000e-05  -5.49540461e-03   1.36694778e-02  -5.46783964e-03   8.03790787e-16   3.15047111e-14   7.79532358e-14
  1.22400000e-05  -5.12149796e-03   1.24309739e-02  -5.38336271e-03  -4.47767920e-15   2.92059375e-14   7.17006622e-14
  1.23200000e-05  -4.77815741e-03   1.13195662e-02  -5.18904903e-03  -8.35959018e-15   2.66424559e-14   6.58163913e-14
  1.24000000e-05  -4.45792064e-03   1.03178631e-02  -4.88603526e-03  -1.10069717e-14   2.38062651e-14   6.03143397e-14
  1.24800000e-05  -4.15035340e-03   9.40749275e-03  -4.52865140e-03  -1.27101475e-14   2.09454020e-14   5.51588760e-14
  1.25600000e-05  -3.86238979e-03   8.57649602e-03  -4.15791095e-03  -1.37168593e-14   1.82409959e-14   5.03675256e-14
  1.26400000e-05  -3.59424392e-03   7.81845756e-03  -3.74817252e-03  -1.40637461e-14   1.55622225e-14   4.59480212e-14
  1.27200000e-05  -3.34436429e-03   7.12131286e-03  -3.36510940e-03  -1.40442222e-14   1.31870518e-14   4.18643497e-14
  1.28000000e-05  -3.10683377e-03   6.48954063e-03  -2.99941162e-03  -1.37233248e-14   1.10540220e-14   3.81313498e-14
  1.28800000e-05  -2.87107580e-03   5.89614148e-03  -2.61179004e-03  -1.30341005e-14   8.98131437e-15   3.46034671e-14
  1.29600000e-05  -2.65959178e-03   5.35685869e-03  -2.23666736e-03  -1.21562224e-14   7.08489209e-15   3.14232488e-14
  1.30400000e-05  -2.45625122e-03   4.85429103e-03  -1.88384976e-03  -1.11601993e-14   5.39936152e-15   2.84642259e-14
  1.31200000e-05  -2.26938777e-03   4.39615930e-03  -1.59036321e-03  -1.02191477e-14   4.05222208e-15   2.57836841e-14
  1.32000000e-05  -2.10292547e-03   3.97685622e-03  -1.25851916e-03  -9.05066281e-15   2.60867674e-15   2.33665109e-14
  1.32800000e-05  -1.94418067e-03   3.59880933e-03  -9.36671892e-04  -7.84622159e-15   1.27305548e-15   2.11770594e-14
  1.33600000e-05  -1.79693732e-03   3.24986298e-03  -6.62266205e-04  -6.73984997e-15   1.80349396e-16   1.91723489e-14
  1.34400000e-05  -1.68037521e-03   2.94648359e-03  -3.74595776e-04  -5.57972995e-15  -9.60128699e-16   1.74776035e-14
  1.35200000e-05  -7.98441458e-05   4.15633248e-04  -1.12237700e-04  -1.00033005e-15   3.33356308e-16   1.94608820e-15
  1.36000000e-05   2.54804374e-03  -3.36819738e-03  -1.17342330e-04   4.62259860e-15   4.26396607e-15  -2.20150384e-14
  1.36800000e-05   3.91141486e-03  -5.10598425e-03  -3.18651088e-04   5.93788699e-15   6.65426474e-15  -3.37391963e-14
  1.37600000e-05   3.92389517e-03  -4.91535799e-03  -4.96820514e-04   4.44785818e-15   6.90645247e-15  -3.32006362e-14
  1.38400000e-05   3.95573386e-03  -4.75007370e-03  -6.49464296e-04   3.11903349e-15   7.08237904e-15  -3.28020435e-14
  1.39200000e-05   4.00516784e-03  -4.60624053e-03  -7.78733583e-04   1.92927579e-15   7.17677309e-15  -3.25282873e-14
  1.40000000e-05   4.07528732e-03  -4.48953183e-03  -8.90339004e-04   8.54882173e-16   7.20508370e-15  -3.24186203e-14
  1.40800000e-05   4.16517186e-03  -4.39064355e-03  -9.98293788e-04  -1.70213654e-16   7.21339051e-15  -3.24357379e-14
  1.41600000e-05   4.27692698e-03  -4.31450134e-03  -1.07115273e-03  -1.04274659e-15   7.06246031e-15  -3.26104248e-14
  1.42400000e-05   4.40685052e-03  -4.25106956e-03  -1.15313873e-03  -1.92933350e-15   6.92183088e-15  -3.28906383e-14
  1.43200000e-05   4.57184986e-03  -4.22679489e-03  -1.20276659e-03  -2.68231418e-15   6.61598030e-15  -3.34458321e-14
  1.44000000e-05   4.75387700e-03  -4.20830805e-03  -1.26448873e-03  -3.48096997e-15   6.30669211e-15  -3.40759117e-14
  1.44800000e-05   4.96681200e-03  -4.21335666e-03  -1.29590676e-03  -4.17730658e-15   5.81052460e-15  -3.49019779e-14
  1.45600000e-05   5.21438598e-03  -4.24356261e-03  -1.33481597e-03  -4.91676573e-15   5.26414805e-15  -3.59425248e-14
  1.46400000e-05   5.48595290e-03  -4.28827208e-03  -1.35487348e-03  -5.61554486e-15   4.54173570e-15  -3.71125524e-14
  1.47200000e-05   5.79186507e-03  -4.35721614e-03  -1.37140846e-03  -6.33935294e-15   3.68580010e-15  -3.84834322e-14
  1.48000000e-05   6.13984854e-03  -4.44866050e-03  -1.36872180e-03  -7.04458073e-15   2.60536894e-15  -4.00688149e-14
  1.48800000e-05   6.53211680e-03  -4.56723441e-03  -1.34282527e-03  -7.73336154e-15   1.25418856e-15  -4.18843726e-14
  1.49600000e-05   6.96220862e-03  -4.70574019e-03  -1.28936054e-03  -8.40093779e-15  -4.10915008e-16  -4.38631557e-14
  1.50400000e-05   7.45708884e-03  -4.87162438e-03  -1.21721651e-03  -9.10329306e-15  -2.41301607e-15  -4.61123857e-14
  1.51200000e-05   8.00390436e-03  -5.06767962e-03  -1.10231954e-03  -9.77899052e-15  -4.88026563e-15  -4.85689316e-14
  1.52000000e-05   8.61466967e-03  -5.29323767e-03  -9.26430666e-04  -1.03908968e-14  -7.94369713e-15  -5.12356382e-14
  1.52800000e-05   9.29493737e-03  -5.55474840e-03  -6.79234305e-04  -1.09481685e-14  -1.17038534e-14  -5.41058945e-14
  1.53600000e-05   8.72418973e-03  -5.11096283e-03  -3.33721617e-04  -1.01013774e-14  -1.39964518e-14  -4.97150533e-14
  1.54400000e-05  -1.30984586e-03   5.54934996e-04  -1.22428042e-04   5.92994309e-16   2.86091740e-15   6.62341760e-15
  1.55200000e-05  -9.53776080e-03   5.01465364e-03  -7.10064788e-04   6.00338281e-15   1.88442870e-14   5.24441483e-14
  1.56000000e-05  -1.06599571e-02   5.51412781e-03  -1.36787919e-03   3.25059400e-15   2.09665441e-14   5.91872527e-14
  1.56800000e-05  -1.19153316e-02   6.06095378e-03  -2.08694131e-03  -1.62892092e-16   2.26826768e-14   6.68056969e-14
  1.57600000e-05  -1.33311028e-02   6.66541100e-03  -2.87855064e-03  -4.39850317e-15   2.37822651e-14   7.54391695e-14
  1.58400000e-05  -1.49287682e-02   7.33351646e-03  -3.75610996e-03  -9.65996650e-15   2.39544823e-14   8.51631060e-14
  1.59200000e-05  -1.68097012e-02   8.10921355e-03  -4.64010849e-03  -1.57945738e-14   2.24472686e-14   9.64485552e-14
  1.60000000e-05  -1.90104570e-02   9.00646482e-03  -5.59343105e-03  -2.32728668e-14   1.87664764e-14   1.09315273e-13
  1.60800000e-05  -2.16581545e-02   1.00570855e-02  -6.50229575e-03  -3.18960169e-14   1.14998468e-14   1.24027549e-13
  1.61600000e-05  -2.49145203e-02   1.13415737e-02  -7.23890494e-03  -4.14906932e-14  -1.26282901e-15   1.40822163e-13
  1.62400000e-05  -2.91501440e-02   1.29876509e-02  -7.38012780e-03  -5.09385262e-14  -2.32835551e-14   1.60223064e-13
  1.63200000e-05  -3.46131281e-02   1.51251909e-02  -6.25968387e-03  -5.87504846e-14  -5.96341701e-14   1.80769487e-13
  1.64000000e-05  -2.03111379e-02   8.66285158e-03  -1.98334247e-03  -3.25988893e-14  -5.41094177e-14   9.75014068e-14
  1.64800000e-05   4.92342075e-02  -2.07247504e-02  -6.53103319e-03   2.83152356e-14   1.45356856e-13  -2.47802503e-13
  1.65600000e-05   5.57319378e-02  -2.28898757e-02  -1.74692636e-02  -4.20480489e-14   1.33217967e-13  -3.08700016e-13
  1.66400000e-05   6.33512244e-02  -2.53169324e-02  -2.94613015e-02  -1.36740017e-13   8.60993261e-14  -3.68022381e-13
  1.67200000e-05   7.62946762e-02  -2.95440161e-02  -3.86867576e-02  -2.30675240e-13  -3.24576641e-14  -4.30130723e-13
  1.68000000e-05   1.02386309e-01  -3.85005804e-02  -2.91936180e-02  -2.46994432e-13  -2.93304391e-13  -4.79435574e-13
  1.68800000e-05  -9.36554946e-02   3.42132497e-02  -2.28393294e-02   3.09371987e-14   3.46507812e-13   3.92205896e-13
  1.69600000e-05  -9.23907446e-02   3.27048961e-02  -5.49987269e-02  -2.25655163e-13   1.61450617e-13   4.75077799e-13
  1.70400000e-05  -8.23004439e-02   2.80551071e-02  -5.51458611e-02  -2.92477335e-13  -5.46183788e-14   4.08710456e-13
  1.71200000e-05  -8.03033649e-02   2.63148217e-02  -3.85375504e-02  -2.22366422e-13  -1.91181798e-13   3.32814538e-13
  1.72000000e-05  -7.38937347e-02   2.33828737e-02  -1.60754795e-02  -1.21961398e-13  -2.26439322e-13   2.31245427e-13
  1.72800000e-05   2.08714342e-02  -6.50006488e-03  -2.25508628e-03   1.05984386e-14   5.32149676e-14  -5.52955024e-14
  1.73600000e-05   5.04003371e-02  -1.49926092e-02  -1.01924236e-02  -5.55748590e-15   8.79401858e-14  -1.56837281e-13
  1.74400000e-05   4.17202010e-02  -1.19693432e-02  -1.20376115e-02  -2.95543427e-14   3.77695545e-14  -1.39985402e-13
  1.75200000e-05   3.55476916e-02  -9.80534735e-03  -1.18582907e-02  -3.85184816e-14   8.03360648e-15  -1.22109960e-13
  1.76000000e-05   3.09926884e-02  -8.20247436e-03  -1.08129825e-02  -3.95699866e-14  -9.61500330e-15  -1.06123676e-13
  1.76800000e-05   2.73187512e-02  -6.92459331e-03  -9.58584384e-03  -3.74140275e-14  -2.04144356e-14  -9.18795317e-14
  1.77600000e-05   2.43192767e-02  -5.89613882e-03  -8.27446750e-03  -3.35159283e-14  -2.64035298e-14  -7.96914431e-14
  1.78400000e-05   2.17616721e-02  -5.04538762e-03  -6.99768060e-03  -2.90236243e-14  -2.92331966e-14  -6.91814637e-14
  1.79200000e-05   1.94746244e-02  -4.29797002e-03  -5.87245272e-03  -2.47581032e-14  -3.01617994e-14  -6.00294746e-14
  1.80000000e-05   1.74224953e-02  -3.65322799e-03  -4.81957607e-03  -2.06026775e-14  -2.95159568e-14  -5.21044858e-14
  1.80800000e-05   1.55076661e-02  -3.08436016e-03  -3.89315680e-03  -1.68712042e-14  -2.79174074e-14  -4.50856904e-14
  1.81600000e-05   1.37286946e-02  -2.57472102e-03  -3.06054200e-03  -1.34856978e-14  -2.55960949e-14  -3.89598389e-14
  1.82400000e-05   1.20342086e-02  -2.12460551e-03  -2.31907170e-03  -1.04683264e-14  -2.27718437e-14  -3.34603020e-14
  1.83200000e-05   1.04185690e-02  -1.71346825e-03  -1.64648853e-03  -7.73191069e-15  -1.95634304e-14  -2.85663258e-14
  1.84000000e-05   8.87842321e-03  -1.34612291e-03  -1.01546535e-03  -5.19387473e-15  -1.60289387e-14  -2.41628101e-14
  1.84800000e-05   6.05251992e-03  -8.51794212e-04  -4.54737606e-04  -2.70563970e-15  -1.04678788e-14  -1.64038766e-14
  1.85600000e-05   1.42617457e-03  -3.18223232e-04  -9.19550547e-05  -7.64553717e-16  -2.45803812e-15  -3.35144412e-15
  1.86400000e-05   4.28000369e-04  -4.56573577e-04  -6.88018550e-04  -2.90455455e-15  -3.43830220e-15   4.74823705e-16
  1.87200000e-05   2.23559005e-03  -7.41443645e-04  -1.27595901e-03  -5.20858851e-15  -8.52283481e-15  -4.17338402e-15
  1.88000000e-05   4.08017700e-03  -1.00212866e-03  -1.88658751e-03  -7.50710314e-15  -1.38888593e-14  -8.85826157e-15
  1.88800000e-05   5.96675820e-03  -1.24435278e-03  -2.53407539e-03  -9.82187466e-15  -1.97223058e-14  -1.34420804e-14
  1.89600000e-05   7.92831531e-03  -1.45715059e-03  -3.23870515e-03  -1.21503204e-14  -2.62847868e-14  -1.79178641e-14
  1.90400000e-05   9.94334980e-03  -1.66771863e-03  -4.07048989e-03  -1.46669585e-14  -3.39708493e-14  -2.19101099e-14
  1.91200000e-05   1.20568415e-02  -1.85851222e-03  -5.01833218e-03  -1.71832942e-14  -4.29436895e-14  -2.53799228e-14
  1.92000000e-05   1.42692310e-02  -2.03857363e-03  -6.12076144e-03  -1.96357395e-14  -5.35020060e-14  -2.79571627e-14
  1.92800000e-05   1.65703587e-02  -2.20950928e-03  -7.42970162e-03  -2.18876718e-14  -6.59554123e-14  -2.92013715e-14
  1.93600000e-05   1.90034929e-02  -2.38025908e-03  -8.92888881e-03  -2.35296444e-14  -8.03610823e-14  -2.86558876e-14
  1.94400000e-05   2.15480743e-02  -2.55287776e-03  -1.07417665e-02  -2.42794443e-14  -9.71798712e-14  -2.56090967e-14
  1.95200000e-05   2.42173474e-02  -2.75515495e-03  -1.28734281e-02  -2.34161480e-14  -1.16229401e-13  -1.91749222e-14
  1.96000000e-05   2.69861225e-02  -2.98334693e-03  -1.53780544e-02  -1.99763622e-14  -1.37173574e-13  -8.44373373e-15
  1.96800000e-05   2.98639172e-02  -3.27431280e-03  -1.82736851e-02  -1.27472397e-14  -1.59125613e-13   7.68014334e-15
  1.97600000e-05   3.28107473e-02  -3.64623346e-03  -2.15831576e-02  -2.28381924e-16  -1.80457697e-13   3.01391261e-14
  1.98400000e-05   3.58301990e-02  -4.13934365e-03  -2.52216065e-02   1.90501962e-14  -1.98251432e-13   5.95998167e-14
  1.99200000e-05   3.89050795e-02  -4.80367054e-03  -2.90963364e-02   4.60962597e-14  -2.08534618e-13   9.60639928e-14
  2.00000000e-05   4.19806691e-02  -5.66697156e-03  -3.30181265e-02   8.08440704e-14  -2.06003785e-13   1.38145505e-13
  2.00800000e-05   4.50604899e-02  -6.74164290e-03  -3.65907950e-02   1.20730864e-13  -1.84535457e-13   1.82676108e-13
  2.01600000e-05   4.81537398e-02  -8.08008527e-03  -3.94038680e-02   1.60492809e-13  -1.39510339e-13   2.24738962e-13
  2.02400000e-05   5.11925734e-02  -9.64024898e-03  -4.09845638e-02   1.92659456e-13  -6.97143565e-14   2.57043045e-13
  2.03200000e-05   5.41706210e-02  -1.13611853e-02  -4.08666334e-02   2.09450625e-13   2.04902106e-14   2.71940123e-13
  2.04000000e-05   5.69383259e-02  -1.31615001e-02  -3.87789118e-02   2.06637294e-13   1.20358844e-13   2.62551943e-13
  2.04800000e-05   5.93392310e-02  -1.48047335e-02  -3.49239433e-02   1.86396908e-13   2.15195749e-13   2.25482369e-13
  2.05600000e-05   6.12827168e-02  -1.61473271e-02  -2.94453956e-02   1.55007200e-13   2.91387449e-13   1.62814383e-13
  2.06400000e-05   6.25551092e-02  -1.70394310e-02  -2.29968665e-02   1.21995062e-13   3.38529010e-13   8.10141982e-14
  2.07200000e-05   6.31856928e-02  -1.73674726e-02  -1.61241391e-02   9.45085672e-14   3.52923637e-13  -9.78671083e-15
  2.08000000e-05   6.31102806e-02  -1.71283965e-02  -9.34784230e-03   7.63582793e-14   3.35323949e-13  -9.89072217e-14
  2.08800000e-05   6.24451566e-02  -1.63519036e-02  -3.22431722e-03   6.71291818e-14   2.91241837e-13  -1.76926199e-13
  2.09600000e-05  -3.61882437e-02   9.10414639e-03  -1.28738884e-03  -4.29121569e-14  -1.54031778e-13   1.16971448e-13
  2.10400000e-05  -3.51206476e-02   8.40512415e-03  -4.61753892e-03  -4.97910526e-14  -1.58495217e-13   9.02043380e-14
  2.11200000e-05  -3.37260478e-02   7.75739787e-03  -7.99943069e-03  -5.16101390e-14  -1.58270314e-13   6.41095897e-14
  2.12000000e-05  -3.20395163e-02   7.17351278e-03  -1.13276921e-02  -4.86286677e-14  -1.53941295e-13   4.00557443e-14
  2.12800000e-05  -3.00448068e-02   6.60896565e-03  -1.44942785e-02  -4.12412966e-14  -1.45822463e-13   1.89972299e-14
  2.13600000e-05  -2.78198021e-02   6.08850279e-03  -1.74169076e-02  -3.05586885e-14  -1.34641923e-13   1.74364740e-15
  2.14400000e-05  -2.54043949e-02   5.59042190e-03  -2.00436866e-02  -1.76473309e-14  -1.20881222e-13  -1.13480753e-14
  2.15200000e-05  -2.27951017e-02   5.10178783e-03  -2.23029582e-02  -3.69579846e-15  -1.04797005e-13  -2.01948987e-14
  2.16000000e-05  -2.01317946e-02   4.60996293e-03  -2.42072611e-02   1.02098901e-14  -8.73445975e-14  -2.51246419e-14
  2.16800000e-05  -1.74176045e-02   4.10255871e-03  -2.56342665e-02   2.29410660e-14  -6.88689780e-14  -2.66095946e-14
  2.17600000e-05  -1.47232483e-02   3.58843675e-03  -2.67013017e-02   3.38200439e-14  -4.99347921e-14  -2.53593909e-14
  2.18400000e-05  -1.20923199e-02   3.06118972e-03  -2.73774165e-02   4.22824370e-14  -3.10945260e-14  -2.21525285e-14
  2.19200000e-05  -9.57485409e-03   2.53045739e-03  -2.77091490e-02   4.80949588e-14  -1.28650992e-14  -1.77940072e-14
  2.20000000e-05  -7.21004745e-03   1.99399814e-03  -2.77398721e-02   5.13092928e-14   4.30481080e-15  -1.30266877e-14
  2.20800000e-05  -5.02195973e-03   1.46711234e-03  -2.75543894e-02   5.21708549e-14   2.01487340e-14  -8.43566056e-15
  2.21600000e-05  -3.01038686e-03   9.51619531e-04  -2.71590771e-02   5.09190991e-14   3.44691180e-14  -4.43625903e-15
  2.22400000e-05  -1.18227488e-03   4.47255418e-04  -2.66036239e-02   4.79929288e-14   4.71215794e-14  -1.34062384e-15
  2.23200000e-05   4.26635298e-04  -2.19365238e-06  -2.59051305e-02   4.35613968e-14   5.78265664e-14   7.12522106e-16
  2.24000000e-05   1.85934903e-03  -4.13637906e-04  -2.51873630e-02   3.82516126e-14   6.69533680e-14   1.72422368e-15
  2.24800000e-05   3.12710269e-03  -7.87588378e-04  -2.44195063e-02   3.22840203e-14   7.44444612e-14   1.73319860e-15
  2.25600000e-05   4.20170371e-03  -1.11480788e-03  -2.36090106e-02   2.58764568e-14   8.01597790e-14   8.20129737e-16
  2.26400000e-05   5.14341987e-03  -1.39500424e-03  -2.28570349e-02   1.93072515e-14   8.46439655e-14  -8.21339703e-16
  2.27200000e-05   5.93701346e-03  -1.62709493e-03  -2.21049625e-02   1.26647503e-14   8.76952879e-14  -3.05351187e-15
  2.28000000e-05   6.63139441e-03  -1.82527091e-03  -2.13866117e-02   6.12950766e-15   8.96690408e-14  -5.75234221e-15
  2.28800000e-05   7.19497114e-03  -1.97095569e-03  -2.06876814e-02  -3.07415930e-16   9.04187837e-14  -8.72128982e-15
  2.29600000e-05   7.67378150e-03  -2.07972064e-03  -1.99967161e-02  -6.48951652e-15   9.01787324e-14  -1.18692340e-14
  2.30400000e-05   8.07607728e-03  -2.16183874e-03  -1.93333069e-02  -1.23348753e-14   8.90988159e-14  -1.51156075e-14
  2.31200000e-05   8.39621118e-03  -2.19530618e-03  -1.87649638e-02  -1.80162086e-14   8.73920701e-14  -1.82851535e-14
  2.32000000e-05   8.66591908e-03  -2.20318895e-03  -1.82039450e-02  -2.33245922e-14   8.50204066e-14  -2.13934424e-14
  2.32800000e-05   8.88680396e-03  -2.19127210e-03  -1.76413538e-02  -2.81952320e-14   8.20292238e-14  -2.43923370e-14
  2.33600000e-05   9.06250994e-03  -2.15509610e-03  -1.71395819e-02  -3.27683402e-14   7.86537454e-14  -2.72159374e-14
  2.34400000e-05   9.23095616e-03  -2.10306572e-03  -1.66956799e-02  -3.70524983e-14   7.50772231e-14  -2.99432143e-14
  2.35200000e-05   9.35418704e-03  -2.02491537e-03  -1.62506630e-02  -4.09485384e-14   7.10496822e-14  -3.24239004e-14
  2.36000000e-05   9.46207418e-03  -1.94091360e-03  -1.58560596e-02  -4.45354666e-14   6.68466045e-14  -3.47590375e-14
  2.36800000e-05   9.56698791e-03  -1.84564685e-03  -1.54759768e-02  -4.77453845e-14   6.24767778e-14  -3.69662988e-14
  2.37600000e-05   9.65674272e-03  -1.73351870e-03  -1.50845590e-02  -5.05137852e-14   5.78889937e-14  -3.89902203e-14
  2.38400000e-05   9.74421143e-03  -1.61213519e-03  -1.47492942e-02  -5.30764085e-14   5.32682570e-14  -4.08876092e-14
  2.39200000e-05   9.83288786e-03  -1.48545688e-03  -1.44099415e-02  -5.52123475e-14   4.85531961e-14  -4.26802911e-14
  2.40000000e-05   9.93487917e-03  -1.35516449e-03  -1.41477439e-02  -5.72771919e-14   4.38856450e-14  -4.44250513e-14
  2.40800000e-05   1.00259464e-02  -1.21588858e-03  -1.38359868e-02  -5.87647513e-14   3.90676339e-14  -4.60158096e-14
  2.41600000e-05   1.01222857e-02  -1.06977141e-03  -1.35677179e-02  -6.00826691e-14   3.42607168e-14  -4.75264214e-14
  2.42400000e-05   1.02147754e-02  -9.07580757e-04  -1.33199281e-02  -6.11703894e-14   2.94199837e-14  -4.89148886e-14
  2.43200000e-05   1.03213452e-02  -7.48800623e-04  -1.31171195e-02  -6.21119888e-14   2.45857729e-14  -5.02769773e-14
  2.44000000e-05   1.04677661e-02  -5.77455473e-04  -1.28641182e-02  -6.24956596e-14   1.98257878e-14  -5.17438074e-14
  2.44800000e-05   1.06182266e-02  -4.08665584e-04  -1.26783734e-02  -6.28726310e-14   1.50195389e-14  -5.31403982e-14
  2.45600000e-05   1.07888753e-02  -2.25846331e-04  -1.24402143e-02  -6.26878983e-14   1.02508696e-14  -5.45526807e-14
  2.46400000e-05   1.09665016e-02  -3.79024121e-05  -1.23234647e-02  -6.28085554e-14   5.37029295e-15  -5.59090878e-14
  2.47200000e-05   1.11782148e-02   1.57516898e-04  -1.21244572e-02  -6.22024851e-14   5.58374452e-16  -5.73406939e-14
  2.48000000e-05   1.13850425e-02   3.67253823e-04  -1.20504852e-02  -6.19357238e-14  -4.47070468e-15  -5.86518067e-14
  2.48800000e-05   1.16162016e-02   5.80133756e-04  -1.19452177e-02  -6.11869455e-14  -9.51733162e-15  -5.99638481e-14
  2.49600000e-05   1.18739571e-02   8.10586559e-04  -1.18528400e-02  -6.01902386e-14  -1.46431729e-14  -6.12988841e-14
  2.50400000e-05   1.21394090e-02   1.04472721e-03  -1.18251060e-02  -5.91764118e-14  -1.99949202e-14  -6.25157952e-14
  2.51200000e-05   1.24304571e-02   1.29576251e-03  -1.17179709e-02  -5.74229094e-14  -2.52668541e-14  -6.37083722e-14
  2.52000000e-05   1.27326283e-02   1.55882924e-03  -1.17588304e-02  -5.60251359e-14  -3.09908668e-14  -6.47731682e-14
  2.52800000e-05   1.30564459e-02   1.83437806e-03  -1.16977342e-02  -5.37475587e-14  -3.65743606e-14  -6.57258304e-14
  2.53600000e-05   1.33981359e-02   2.12057604e-03  -1.17327309e-02  -5.15093249e-14  -4.25363100e-14  -6.65088482e-14
  2.54400000e-05   1.37566945e-02   2.41866898e-03  -1.17996371e-02  -4.89643973e-14  -4.87272076e-14  -6.70735243e-14
  2.55200000e-05   1.41459145e-02   2.72799371e-03  -1.19876331e-02  -4.64277046e-14  -5.54822386e-14  -6.74126022e-14
  2.56000000e-05   1.45515695e-02   3.05774676e-03  -1.20924954e-02  -4.29972713e-14  -6.20982016e-14  -6.74433463e-14
  2.56800000e-05   1.49747759e-02   3.39023825e-03  -1.22443944e-02  -3.91963969e-14  -6.89901315e-14  -6.70388602e-14
  2.57600000e-05   1.54403140e-02   3.74630312e-03  -1.25738143e-02  -3.53654642e-14  -7.66897964e-14  -6.62771910e-14
  2.58400000e-05   1.59352994e-02   4.10810473e-03  -1.28497342e-02  -3.06331176e-14  -8.42942944e-14  -6.49381283e-14
  2.59200000e-05   1.64856524e-02   4.49134569e-03  -1.32424102e-02  -2.54449244e-14  -9.24736999e-14  -6.30404523e-14
  2.60000000e-05   1.70729037e-02   4.88953096e-03  -1.36095082e-02  -1.93215136e-14  -1.00552187e-13  -6.03642218e-14
  2.60800000e-05   1.77146151e-02   5.30087690e-03  -1.40511996e-02  -1.24728538e-14  -1.08880386e-13  -5.68003692e-14
  2.61600000e-05   1.83888190e-02   5.71738518e-03  -1.46748230e-02  -4.95477405e-15  -1.17735585e-13  -5.20791380e-14
  2.62400000e-05   1.91145506e-02   6.13040987e-03  -1.53663903e-02   3.58565508e-15  -1.26504625e-13  -4.60086596e-14
  2.63200000e-05   1.99163773e-02   6.55881142e-03  -1.61372346e-02   1.32996400e-14  -1.35065175e-13  -3.84815853e-14
  2.64000000e-05   2.08230573e-02   6.98506258e-03  -1.69484080e-02   2.42342261e-14  -1.43036474e-13  -2.91760762e-14
  2.64800000e-05   2.18006079e-02   7.40969732e-03  -1.80251473e-02   3.65282741e-14  -1.50806750e-13  -1.78136567e-14
  2.65600000e-05   2.28555986e-02   7.80166206e-03  -1.91009090e-02   5.01209869e-14  -1.56738872e-13  -4.04580498e-15
  2.66400000e-05   2.40305270e-02   8.17640806e-03  -2.03472375e-02   6.51865245e-14  -1.60972947e-13   1.23007380e-14
  2.67200000e-05   2.53146080e-02   8.50140676e-03  -2.17775755e-02   8.16906625e-14  -1.62604335e-13   3.14819940e-14
  2.68000000e-05   2.66761238e-02   8.74788898e-03  -2.32531048e-02   9.90616945e-14  -1.60002923e-13   5.34506778e-14
  2.68800000e-05   2.81028580e-02   8.89462040e-03  -2.48077945e-02   1.16863598e-13  -1.52191427e-13   7.78189341e-14
  2.69600000e-05   2.95726820e-02   8.91800150e-03  -2.63702839e-02   1.34158606e-13  -1.37885563e-13   1.03820124e-13
  2.70400000e-05   3.09994178e-02   8.78168756e-03  -2.78374578e-02   1.49545640e-13  -1.15901034e-13   1.29969523e-13
  2.71200000e-05   3.23408997e-02   8.45682284e-03  -2.92008245e-02   1.61879340e-13  -8.60504894e-14   1.54365838e-13
  2.72000000e-05   3.34380861e-02   7.94822956e-03  -3.01845928e-02   1.68763220e-13  -4.86956574e-14   1.74131049e-13
  2.72800000e-05   3.42561451e-02   7.25097742e-03  -3.08087193e-02   1.69500918e-13  -6.00224298e-15   1.87055030e-13
  2.73600000e-05   3.46990319e-02   6.42608735e-03  -3.08783042e-02   1.62899177e-13   3.87726916e-14   1.91124499e-13
  2.74400000e-05   3.47337580e-02   5.53317220e-03  -3.05170149e-02   1.50115487e-13   8.19886450e-14   1.85723679e-13
  2.75200000e-05   3.43522798e-02   4.62108764e-03  -2.97956789e-02   1.32578283e-13   1.20251562e-13   1.71503368e-13
  2.76000000e-05   3.36245458e-02   3.77415778e-03  -2.86178344e-02   1.11192139e-13   1.50751820e-13   1.50526635e-13
  2.76800000e-05   3.26242641e-02   3.02612427e-03  -2.72109040e-02   8.85036546e-14   1.72519625e-13   1.25296551e-13
  2.77600000e-05   3.14453188e-02   2.41132823e-03  -2.56353949e-02   6.59387296e-14   1.85602713e-13   9.83411197e-14
  2.78400000e-05   3.01859639e-02   1.94196287e-03  -2.39769651e-02   4.47083679e-14   1.91024677e-13   7.17575389e-14
  2.79200000e-05   2.88742720e-02   1.59996677e-03  -2.24707605e-02   2.58530386e-14   1.90687583e-13   4.67977693e-14
  2.80000000e-05   2.75577476e-02   1.37717569e-03  -2.10476348e-02   9.29722804e-15   1.85697665e-13   2.43233493e-14
  2.80800000e-05   2.63100694e-02   1.25600397e-03  -1.96992433e-02  -4.95537974e-15   1.77437002e-13   4.69486020e-15
  2.81600000e-05   2.51406381e-02   1.22018814e-03  -1.84208338e-02  -1.69569688e-14   1.66915551e-13  -1.20863497e-14
  2.82400000e-05   2.40211704e-02   1.24622102e-03  -1.72972879e-02  -2.69050774e-14   1.55144755e-13  -2.61860007e-14
  2.83200000e-05   2.29687962e-02   1.32786285e-03  -1.63065661e-02  -3.51093567e-14   1.42746889e-13  -3.78296302e-14
  2.84000000e-05   2.20343641e-02   1.44925474e-03  -1.54393829e-02  -4.18097462e-14   1.30352601e-13  -4.74330517e-14
  2.84800000e-05   2.11676695e-02   1.59936517e-03  -1.46689616e-02  -4.71958998e-14   1.18011853e-13  -5.52379360e-14
  2.85600000e-05   2.03393996e-02   1.77532615e-03  -1.40767104e-02  -5.17600639e-14   1.06112888e-13  -6.14052297e-14
  2.86400000e-05   1.95678534e-02   1.95711321e-03  -1.35061062e-02  -5.51818754e-14   9.44201409e-14  -6.62663191e-14
  2.87200000e-05   1.88668047e-02   2.15574353e-03  -1.29925163e-02  -5.77471685e-14   8.32141157e-14  -7.00492678e-14
  2.88000000e-05   1.82292353e-02   2.36792756e-03  -1.24785070e-02  -5.93365453e-14   7.24163268e-14  -7.29400742e-14
  2.88800000e-05   1.76594125e-02   2.58310189e-03  -1.21352594e-02  -6.07847494e-14   6.24533684e-14  -7.51611083e-14
  2.89600000e-05   1.71070613e-02   2.79657017e-03  -1.18248697e-02  -6.16247217e-14   5.28956494e-14  -7.66428316e-14
  2.90400000e-05   1.65969862e-02   3.01146073e-03  -1.14831298e-02  -6.16257431e-14   4.37190738e-14  -7.76045686e-14
  2.91200000e-05   1.61236092e-02   3.22534888e-03  -1.12612465e-02  -6.15990481e-14   3.51567644e-14  -7.81268886e-14
  2.92000000e-05   1.56749617e-02   3.44065551e-03  -1.11031060e-02  -6.13540047e-14   2.70710695e-14  -7.82285109e-14
  2.92800000e-05   1.52621699e-02   3.64544581e-03  -1.09394057e-02  -6.05754078e-14   1.93721626e-14  -7.80565252e-14
  2.93600000e-05   1.48715970e-02   3.84843037e-03  -1.08218610e-02  -5.95887377e-14   1.20852093e-14  -7.75902230e-14
  2.94400000e-05   1.45061868e-02   4.04211457e-03  -1.07380216e-02  -5.83660051e-14   5.18484879e-15  -7.68959549e-14
  2.95200000e-05   1.41659109e-02   4.23622146e-03  -1.06693423e-02  -5.68437276e-14  -1.37165769e-15  -7.60172278e-14
  2.96000000e-05   1.38467723e-02   4.42598202e-03  -1.06117120e-02  -5.50256402e-14  -7.58946926e-15  -7.49660717e-14
  2.96800000e-05   1.35454497e-02   4.60797379e-03  -1.06291236e-02  -5.32829840e-14  -1.34977963e-14  -7.37539139e-14
  2.97600000e-05   1.32689046e-02   4.79271422e-03  -1.06649876e-02  -5.13185807e-14  -1.91332728e-14  -7.24465598e-14
  2.98400000e-05   1.29982311e-02   4.96004563e-03  -1.06652031e-02  -4.88852998e-14  -2.44625094e-14  -7.09557599e-14
  2.99200000e-05   1.27405521e-02   5.12119975e-03  -1.07710966e-02  -4.67265983e-14  -2.95832158e-14  -6.93359500e-14
  3.00000000e-05   1.24969945e-02   5.28205869e-03  -1.08929913e-02  -4.43666238e-14  -3.44634727e-14  -6.76111379e-14
  3.00800000e-05   1.22555280e-02   5.42474674e-03  -1.09890244e-02  -4.16415106e-14  -3.90503034e-14  -6.57179998e-14
  3.01600000e-05   1.20363644e-02   5.56465648e-03  -1.12409002e-02  -3.94013788e-14  -4.36090747e-14  -6.37777098e-14
  3.02400000e-05   1.17979545e-02   5.68407489e-03  -1.13391405e-02  -3.62302825e-14  -4.76434264e-14  -6.15789202e-14
  3.03200000e-05   1.15726854e-02   5.80175331e-03  -1.15442171e-02  -3.33064733e-14  -5.15745212e-14  -5.93083081e-14
  3.04000000e-05   1.13638666e-02   5.91048503e-03  -1.17859879e-02  -3.03094310e-14  -5.53335440e-14  -5.69727730e-14
  3.04800000e-05   1.11505330e-02   6.00600984e-03  -1.20749645e-02  -2.72806798e-14  -5.88855494e-14  -5.44814283e-14
  3.05600000e-05   1.09518292e-02   6.10033163e-03  -1.24313034e-02  -2.42290385e-14  -6.23408947e-14  -5.19376290e-14
  3.06400000e-05   1.07350613e-02   6.16180458e-03  -1.27129249e-02  -2.07440484e-14  -6.53002715e-14  -4.91669815e-14
  3.07200000e-05   1.05080316e-02   6.20446454e-03  -1.31217861e-02  -1.74953739e-14  -6.81697893e-14  -4.62436270e-14
  3.08000000e-05   1.02759033e-02   6.23790150e-03  -1.35071750e-02  -1.39235387e-14  -7.06513866e-14  -4.32209789e-14
  3.08800000e-05   1.00370072e-02   6.24963206e-03  -1.39547891e-02  -1.03381137e-14  -7.28977544e-14  -4.00828606e-14
  3.09600000e-05   9.79479085e-03   6.23553724e-03  -1.43678551e-02  -6.49972432e-15  -7.46926802e-14  -3.68470051e-14
  3.10400000e-05   9.52540599e-03   6.19076397e-03  -1.47898378e-02  -2.57846032e-15  -7.60019375e-14  -3.34737234e-14
  3.11200000e-05   9.23278223e-03   6.11707955e-03  -1.52793258e-02   1.31045945e-15  -7.69513008e-14  -3.00155941e-14
  3.12000000e-05   8.89817523e-03   5.99306078e-03  -1.58333377e-02   5.09350752e-15  -7.74225069e-14  -2.64426158e-14
  3.12800000e-05   8.53796346e-03   5.84021187e-03  -1.63839752e-02   8.97568164e-15  -7.73201757e-14  -2.28840780e-14
  3.13600000e-05   8.13905320e-03   5.63757366e-03  -1.69841646e-02   1.27669197e-14  -7.66756700e-14  -1.93329556e-14
  3.14400000e-05   7.67512713e-03   5.38114677e-03  -1.76675842e-02   1.64231639e-14  -7.54125520e-14  -1.58344308e-14
  3.15200000e-05   7.20045343e-03   5.09980679e-03  -1.81390475e-02   2.01932842e-14  -7.31694668e-14  -1.25557498e-14
  3.16000000e-05   6.62219787e-03   4.72910761e-03  -1.87791260e-02   2.35107324e-14  -7.02815623e-14  -9.40812418e-15
  3.16800000e-05   6.00238821e-03   4.30109049e-03  -1.94469202e-02   2.65709678e-14  -6.67712606e-14  -6.56659096e-15
  3.17600000e-05   5.29435319e-03   3.79790109e-03  -2.00685153e-02   2.92063895e-14  -6.22867862e-14  -4.08251983e-15
  3.18400000e-05   4.50421939e-03   3.21938853e-03  -2.06798718e-02   3.13154577e-14  -5.69748124e-14  -2.04896657e-15
  3.19200000e-05   3.61919347e-03   2.57315224e-03  -2.12873970e-02   3.28575430e-14  -5.08342094e-14  -5.58375196e-16
  3.20000000e-05   2.62587814e-03   1.83782651e-03  -2.18422050e-02   3.35676665e-14  -4.38005697e-14   3.50090726e-16
  3.20800000e-05   1.52556074e-03   1.02080060e-03  -2.22723442e-02   3.32623199e-14  -3.58952288e-14   6.33153750e-16
  3.21600000e-05   3.08950513e-04   1.12173308e-04  -2.27890440e-02   3.20277764e-14  -2.74570281e-14   2.99049502e-16
  3.22400000e-05  -1.01148169e-03  -8.64583216e-04  -2.30786657e-02   2.94539511e-14  -1.82971408e-14  -6.05439311e-16
  3.23200000e-05  -2.45863486e-03  -1.91468233e-03  -2.32983274e-02   2.55875657e-14  -8.63994373e-15  -1.99017435e-15
  3.24000000e-05  -4.01757183e-03  -3.02371572e-03  -2.32811016e-02   2.01687234e-14   1.46427899e-15  -3.67065356e-15
  3.24800000e-05  -5.69803055e-03  -4.21645473e-03  -2.31956866e-02   1.32518341e-14   1.17633826e-14  -5.39363753e-15
  3.25600000e-05  -7.45725447e-03  -5.44697649e-03  -2.28845741e-02   4.83325412e-15   2.20485868e-14  -6.82297774e-15
  3.26400000e-05  -9.29717191e-03  -6.72412003e-03  -2.23258893e-02  -5.09748655e-15   3.22356025e-14  -7.58598457e-15
  3.27200000e-05  -1.12069113e-02  -8.04232897e-03  -2.15080565e-02  -1.63601934e-14   4.22143672e-14  -7.26028371e-15
  3.28000000e-05  -1.31477000e-02  -9.37765951e-03  -2.04577291e-02  -2.85270642e-14   5.17469478e-14  -5.38671594e-15
  3.28800000e-05  -1.51219325e-02  -1.07366659e-02  -1.91241057e-02  -4.13089274e-14   6.09203571e-14  -1.53788686e-15
  3.29600000e-05  -1.70235632e-02  -1.20746749e-02  -1.74929709e-02  -5.39722706e-14   6.92688924e-14   4.71052076e-15
  3.30400000e-05  -1.88985173e-02  -1.34197157e-02  -1.56463206e-02  -6.60045431e-14   7.70526369e-14   1.36366579e-14
  3.31200000e-05  -2.06678316e-02  -1.47526828e-02  -1.35313618e-02  -7.66401027e-14   8.40345625e-14   2.54408608e-14
  3.32000000e-05  -2.23131611e-02  -1.60694806e-02  -1.12012508e-02  -8.50800980e-14   9.01567076e-14   4.01414519e-14
  3.32800000e-05  -2.37905494e-02  -1.73471979e-02  -8.69708709e-03  -9.04401350e-14   9.51927593e-14   5.75241870e-14
  3.33600000e-05  -2.50887805e-02  -1.86057154e-02  -6.09096709e-03  -9.21240561e-14   9.89341755e-14   7.72519538e-14
  3.34400000e-05  -2.61656591e-02  -1.98318861e-02  -3.45408368e-03  -8.95036874e-14   1.00903750e-13   9.86690874e-14
  3.35200000e-05  -2.00324735e-02  -1.55724916e-02  -8.68661301e-04  -6.14016952e-14   7.39953287e-14   8.94896472e-14
  3.36000000e-05   4.64861681e-02   3.70092340e-02  -2.91373905e-03   1.50462925e-13  -2.03586797e-13  -1.85379185e-13
  3.36800000e-05   4.72598806e-02   3.84344767e-02  -8.11183421e-03   1.78644630e-13  -2.46212040e-13  -1.25780060e-13
  3.37600000e-05   4.77525809e-02   3.92998685e-02  -1.41395375e-02   2.06406371e-13  -2.69405507e-13  -5.17106092e-14
  3.38400000e-05   4.78956614e-02   3.94697135e-02  -2.06250004e-02   2.32447269e-13  -2.65956380e-13   3.08360529e-14
  3.39200000e-05   4.76992788e-02   3.89144625e-02  -2.71447211e-02   2.53881945e-13  -2.32102262e-13   1.13386720e-13
  3.40000000e-05   4.71081560e-02   3.76339773e-02  -3.31399116e-02   2.65576558e-13  -1.68534653e-13   1.86125801e-13
  3.40800000e-05   4.62248490e-02   3.57925777e-02  -3.80152795e-02   2.61814750e-13  -8.28621152e-14   2.40337535e-13
  3.41600000e-05   4.50224151e-02   3.35346669e-02  -4.13638802e-02   2.38525114e-13   1.25471597e-14   2.69794358e-13
  3.42400000e-05   4.35644247e-02   3.10794284e-02  -4.27782914e-02   1.95511632e-13   1.01956679e-13   2.73178444e-13
  3.43200000e-05   4.19616317e-02   2.86257501e-02  -4.22226022e-02   1.38411035e-13   1.71924639e-13   2.54115665e-13
  3.44000000e-05   4.01956154e-02   2.62910423e-02  -4.00738825e-02   7.69148999e-14   2.16131190e-13   2.18944496e-13
  3.44800000e-05   3.83132135e-02   2.41480538e-02  -3.66790759e-02   2.01779986e-14   2.34242921e-13   1.75293256e-13
  3.45600000e-05   3.62954630e-02   2.22059105e-02  -3.26461089e-02  -2.52073120e-14   2.31922666e-13   1.29728873e-13
  3.46400000e-05   3.41726152e-02   2.04517357e-02  -2.83659284e-02  -5.68824047e-14   2.15841340e-13   8.70942595e-14
  3.47200000e-05   3.19406749e-02   1.88550330e-02  -2.41854690e-02  -7.55225947e-14   1.92373925e-13   5.02357036e-14
  3.48000000e-05   2.96729344e-02   1.74098116e-02  -2.03427611e-02  -8.36839647e-14   1.66465603e-13   2.03996887e-14
  3.48800000e-05   2.73760548e-02   1.60642558e-02  -1.68587834e-02  -8.40658761e-14   1.40674641e-13  -2.46510070e-15
  3.49600000e-05   2.51269303e-02   1.48322296e-02  -1.38328209e-02  -7.95346552e-14   1.17054388e-13  -1.89610051e-14
  3.50400000e-05   2.29326484e-02   1.36918630e-02  -1.12704800e-02  -7.22795440e-14   9.63117797e-14  -3.00673691e-14
  3.51200000e-05   2.08148826e-02   1.26134389e-02  -9.07068049e-03  -6.35695300e-14   7.83767135e-14  -3.68872451e-14
  3.52000000e-05   1.88102196e-02   1.16006003e-02  -7.25118221e-03  -5.46668022e-14   6.33798664e-14  -4.04141082e-14
  3.52800000e-05   1.69210170e-02   1.06461046e-02  -5.74422522e-03  -4.61327372e-14   5.09456340e-14  -4.14747459e-14
  3.53600000e-05   1.51549547e-02   9.74250546e-03  -4.45886083e-03  -3.81170948e-14   4.06254956e-14  -4.07881606e-14
  3.54400000e-05   1.35054767e-02   8.88721162e-03  -3.40963436e-03  -3.10180723e-14   3.22246707e-14  -3.88682101e-14
  3.55200000e-05   1.19828051e-02   8.08153346e-03  -2.57226696e-03  -2.49491670e-14   2.54748992e-14  -3.61878285e-14
  3.56000000e-05   1.05678603e-02   7.31253844e-03  -1.87605058e-03  -1.96864995e-14   1.99796879e-14  -3.30172019e-14
  3.56800000e-05   9.26177299e-03   6.58769750e-03  -1.28416877e-03  -1.51252907e-14   1.54958528e-14  -2.95950336e-14
  3.57600000e-05   8.06980080e-03   5.89996450e-03  -8.39553137e-04  -1.14809191e-14   1.19814668e-14  -2.61549874e-14
  3.58400000e-05   6.95850597e-03   5.24583347e-03  -4.50188420e-04  -8.30853640e-15   9.07398609e-15  -2.26891227e-14
  3.59200000e-05   3.42299427e-03   2.56493714e-03  -1.48777208e-04  -3.55034816e-15   4.08036095e-15  -1.13387802e-14
  3.60000000e-05   1.31778116e-03   7.97472417e-04  -9.92976588e-05  -1.33950577e-15   1.61794832e-15  -4.78265362e-15
  3.60800000e-05  -8.46038722e-05  -4.91663142e-04  -2.97925369e-04  -9.36739943e-16   5.30227167e-16  -6.09016040e-16
  3.61600000e-05   7.04287545e-04   7.92683408e-05  -4.70760406e-04  -2.39003323e-15   1.71760690e-15  -3.28642505e-15
  3.62400000e-05   1.25797492e-03   5.03956011e-04  -6.31799821e-04  -3.62305118e-15   2.60663645e-15  -5.13466022e-15
  3.63200000e-05   1.76407008e-03   9.11002409e-04  -7.74797656e-04  -4.73463463e-15   3.37306092e-15  -6.81385732e-15
  3.64000000e-05   2.25290449e-03   1.32354044e-03  -9.21640425e-04  -5.84951378e-15   4.08428448e-15  -8.43352783e-15
  3.64800000e-05   2.70787733e-03   1.71976571e-03  -1.05558626e-03  -6.85730159e-15   4.68218512e-15  -9.96268184e-15
  3.65600000e-05   3.12937002e-03   2.09741578e-03  -1.15647178e-03  -7.65079095e-15   5.12390462e-15  -1.14098741e-14
  3.66400000e-05   3.52232571e-03   2.46614360e-03  -1.26674615e-03  -8.44483382e-15   5.49595388e-15  -1.27820746e-14
  3.67200000e-05   3.89002635e-03   2.83195613e-03  -1.37710229e-03  -9.19437455e-15   5.78006373e-15  -1.40857165e-14
  3.68000000e-05   4.24741800e-03   3.18846875e-03  -1.46610468e-03  -9.78189321e-15   5.94616569e-15  -1.54072394e-14
  3.68800000e-05   4.58065650e-03   3.53936135e-03  -1.51643935e-03  -1.01167430e-14   5.95212418e-15  -1.66670736e-14
  3.69600000e-05   4.88812374e-03   3.87709115e-03  -1.61390245e-03  -1.06237243e-14   5.95622984e-15  -1.78680150e-14
  3.70400000e-05   5.18578241e-03   4.21883845e-03  -1.66630575e-03  -1.08427937e-14   5.80074216e-15  -1.90577120e-14
  3.71200000e-05   5.46980292e-03   4.55405319e-03  -1.72652269e-03  -1.10311229e-14   5.57999322e-15  -2.02293794e-14
  3.72000000e-05   5.74282033e-03   4.88858572e-03  -1.78641398e-03  -1.11459441e-14   5.27972718e-15  -2.13829248e-14
  3.72800000e-05   6.00497312e-03   5.22364764e-03  -1.83285782e-03  -1.11154304e-14   4.87891907e-15  -2.25124428e-14
  3.73600000e-05   6.26240573e-03   5.56355873e-03  -1.89230672e-03  -1.10717712e-14   4.42277275e-15  -2.36375884e-14
  3.74400000e-05   6.51600828e-03   5.90834890e-03  -1.91873360e-03  -1.07698990e-14   3.83840726e-15  -2.47549227e-14
  3.75200000e-05   6.76870627e-03   6.26116257e-03  -1.95606861e-03  -1.04307291e-14   3.19396747e-15  -2.58705607e-14
  3.76000000e-05   7.03282876e-03   6.63329232e-03  -1.98269452e-03  -9.93262160e-15   2.45387607e-15  -2.70223925e-14
  3.76800000e-05   7.30954288e-03   7.02139914e-03  -2.02239453e-03  -9.38865785e-15   1.64645357e-15  -2.82172388e-14
  3.77600000e-05   7.58984705e-03   7.42871901e-03  -2.03092430e-03  -8.55407589e-15   7.04456731e-16  -2.93910101e-14
  3.78400000e-05   7.88667221e-03   7.86685184e-03  -2.04632835e-03  -7.61007051e-15  -3.26152915e-16  -3.05835220e-14
  3.79200000e-05   8.21008549e-03   8.33008019e-03  -2.04435180e-03  -6.41437731e-15  -1.49272366e-15  -3.18424128e-14
  3.80000000e-05   8.55035255e-03   8.83559601e-03  -2.06173484e-03  -5.13040721e-15  -2.75342639e-15  -3.30764909e-14
  3.80800000e-05   8.94146777e-03   9.39805994e-03  -2.06190563e-03  -3.52981216e-15  -4.19323705e-15  -3.44196135e-14
  3.81600000e-05   9.38533160e-03   1.00287580e-02  -2.04326280e-03  -1.55961770e-15  -5.84126358e-15  -3.58339359e-14
  3.82400000e-05   9.90946487e-03   1.07608682e-02  -2.02486978e-03   7.57156115e-16  -7.73030313e-15  -3.73761127e-14
  3.83200000e-05   1.05024363e-02   1.15787915e-02  -2.00399874e-03   3.47644131e-15  -9.89310888e-15  -3.89417121e-14
  3.84000000e-05   1.12263661e-02   1.25511074e-02  -1.92156964e-03   7.05064580e-15  -1.25327333e-14  -4.06680811e-14
  3.84800000e-05   1.21022590e-02   1.37192090e-02  -1.78859139e-03   1.15746035e-14  -1.57453958e-14  -4.24554906e-14
  3.85600000e-05   1.31855864e-02   1.51292438e-02  -1.53429487e-03   1.75883163e-14  -1.98193238e-14  -4.42803531e-14
  3.86400000e-05   1.45416238e-02   1.68628497e-02  -1.10783123e-03   2.56065273e-14  -2.51012822e-14  -4.59624740e-14
  3.87200000e-05   6.54116561e-03   7.60925902e-03  -3.34547011e-04   1.35455120e-14  -1.24931993e-14  -1.93113436e-14
  3.88000000e-05  -1.49694247e-02  -1.77378962e-02  -1.04568934e-03  -3.95818674e-14   3.07570050e-14   4.49016935e-14
  3.88800000e-05  -2.06805713e-02  -2.46147377e-02  -3.35224777e-03  -5.89000736e-14   3.99917858e-14   6.97143723e-14
  3.89600000e-05  -2.46982227e-02  -2.95457522e-02  -7.42073973e-03  -7.95622807e-14   4.27146282e-14   9.47359872e-14
  3.90400000e-05  -3.00401645e-02  -3.60633381e-02  -1.52139738e-02  -1.15628954e-13   4.01221159e-14   1.33204867e-13
  3.91200000e-05  -3.56142640e-02  -4.29097951e-02  -3.22367328e-02  -1.90145119e-13   1.76473154e-14   1.86577089e-13
  3.92000000e-05  -3.25937683e-02  -3.94095155e-02  -6.67045500e-02  -3.39512306e-13  -7.03478942e-14   2.07457540e-13
  3.92800000e-05   0.00000000e+00   0.00000000e+00   0.00000000e+00   0.00000000e+00   0.00000000e+00  -0.00000000e+00
