       time             b_x              b_y              b_z              F_x              F_y              F_z
  0.00000000e+00   7.13107179e-04   6.58651224e-04  -9.32698693e-03   1.89942901e-14   8.66650115e-15   2.06424286e-15
  8.00000000e-08   9.43713933e-04   8.77281589e-04  -9.52490400e-03   1.87294644e-14   9.88620602e-15   2.76624762e-15
  1.60000000e-07   1.23039397e-03   1.14948920e-03  -9.74349364e-03   1.83531505e-14   1.12397504e-14   3.64361888e-15
  2.40000000e-07   1.55037844e-03   1.45619172e-03  -9.98906892e-03   1.78927069e-14   1.27016194e-14   4.62870567e-15
  3.20000000e-07   1.94560189e-03   1.83133188e-03  -1.02471130e-02   1.72453027e-14   1.43302818e-14   5.83539924e-15
  4.00000000e-07   2.40390612e-03   2.26988731e-03  -1.05313684e-02   1.64221406e-14   1.61266742e-14   7.22441895e-15
  4.80000000e-07   2.90945588e-03   2.76057877e-03  -1.08440868e-02   1.54159492e-14   1.80743511e-14   8.73726813e-15
  5.60000000e-07   3.51528938e-03   3.34609116e-03  -1.11675238e-02   1.40858095e-14   2.02487041e-14   1.05009587e-14
  6.40000000e-07   4.20923260e-03   4.02023161e-03  -1.15103066e-02   1.24129972e-14   2.26493727e-14   1.24501389e-14
  7.20000000e-07   5.00187110e-03   4.79766147e-03  -1.18711403e-02   1.03149431e-14   2.53029732e-14   1.45722409e-14
  8.00000000e-07   5.90056202e-03   5.68115010e-03  -1.22254076e-02   7.68479039e-15   2.81985416e-14   1.68129143e-14
  8.80000000e-07   6.91785494e-03   6.68601954e-03  -1.25959433e-02   4.45839807e-15   3.13992383e-14   1.91155570e-14
  9.60000000e-07   8.06176697e-03   7.82092100e-03  -1.29568429e-02   5.00379205e-16   3.48904174e-14   2.13716521e-14
  1.04000000e-06   9.34202137e-03   9.10024645e-03  -1.32865894e-02  -4.32420448e-15   3.86615381e-14   2.34396282e-14
  1.12000000e-06   1.07674565e-02   1.05287436e-02  -1.35074648e-02  -1.01732331e-14   4.26148301e-14   2.51076558e-14
  1.20000000e-06   1.23636758e-02   1.21373565e-02  -1.36546680e-02  -1.71095587e-14   4.68443924e-14   2.61471061e-14
  1.28000000e-06   1.41181682e-02   1.39151891e-02  -1.36806964e-02  -2.51472130e-14   5.12331308e-14   2.61599345e-14
  1.36000000e-06   1.59765303e-02   1.58015097e-02  -1.34021097e-02  -3.41298811e-14   5.53871764e-14   2.46173130e-14
  1.44000000e-06   1.79372979e-02   1.77988502e-02  -1.28879356e-02  -4.37380615e-14   5.93563347e-14   2.10997227e-14
  1.52000000e-06   1.99747305e-02   1.98701402e-02  -1.19534096e-02  -5.34651102e-14   6.28660015e-14   1.51592811e-14
  1.60000000e-06   2.19010781e-02   2.18163467e-02  -1.05676161e-02  -6.20843334e-14   6.54315407e-14   6.41235864e-15
  1.68000000e-06   2.35512498e-02   2.34613476e-02  -8.73509647e-03  -6.82740446e-14   6.66844545e-14  -4.97211637e-15
  1.76000000e-06   2.48641260e-02   2.47225639e-02  -6.51241124e-03  -7.10274589e-14   6.66237897e-14  -1.82612531e-14
  1.84000000e-06   2.57054679e-02   2.54619137e-02  -4.11480940e-03  -6.96240358e-14   6.50727168e-14  -3.22840029e-14
  1.92000000e-06   2.61571570e-02   2.57591439e-02  -1.62203569e-03  -6.42694773e-14   6.23754953e-14  -4.58482215e-14
  2.00000000e-06  -9.36704302e-03  -9.13888506e-03  -6.06552182e-04   2.05980453e-14  -2.23054515e-14   1.79773161e-14
  2.08000000e-06  -2.54318083e-02  -2.46885887e-02  -3.01066535e-03   5.79885893e-14  -6.44497384e-14   3.86686592e-14
  2.16000000e-06  -2.45195532e-02  -2.37021875e-02  -5.32723773e-03   5.70462669e-14  -6.48361743e-14   2.59065189e-14
  2.24000000e-06  -2.31478567e-02  -2.23276109e-02  -7.39663602e-03   5.50143584e-14  -6.16793597e-14   1.40182998e-14
  2.32000000e-06  -2.13654476e-02  -2.06022037e-02  -9.07088080e-03   5.19488434e-14  -5.55896386e-14   3.89805192e-15
  2.40000000e-06  -1.94660121e-02  -1.87975320e-02  -1.02543358e-02   4.85027982e-14  -4.80717801e-14  -3.95200923e-15
  2.48000000e-06  -1.76027471e-02  -1.70456822e-02  -1.10186617e-02   4.49319992e-14  -4.01818409e-14  -9.62001849e-15
  2.56000000e-06  -1.58260751e-02  -1.53820557e-02  -1.14599670e-02   4.13059270e-14  -3.24918323e-14  -1.34310623e-14
  2.64000000e-06  -1.42370175e-02  -1.38880018e-02  -1.16267042e-02   3.78544612e-14  -2.55690229e-14  -1.58111868e-14
  2.72000000e-06  -1.28391278e-02  -1.25768205e-02  -1.16992772e-02   3.46669610e-14  -1.94277520e-14  -1.71595381e-14
  2.80000000e-06  -1.15753035e-02  -1.13976893e-02  -1.16371195e-02   3.16434814e-14  -1.40421406e-14  -1.77221643e-14
  2.88000000e-06  -1.04883084e-02  -1.03776044e-02  -1.15485699e-02   2.89086532e-14  -9.41725051e-15  -1.77921916e-14
  2.96000000e-06  -9.51891845e-03  -9.46688229e-03  -1.14099730e-02   2.63576504e-14  -5.42972192e-15  -1.74841593e-14
  3.04000000e-06  -8.66276227e-03  -8.66171209e-03  -1.12584081e-02   2.40106336e-14  -1.99954506e-15  -1.69365797e-14
  3.12000000e-06  -7.89578147e-03  -7.93491320e-03  -1.11210083e-02   2.18261343e-14   9.99891661e-16  -1.62097209e-14
  3.20000000e-06  -7.20402725e-03  -7.28163458e-03  -1.10169357e-02   1.98059071e-14   3.66503316e-15  -1.53735785e-14
  3.28000000e-06  -6.59728451e-03  -6.70143503e-03  -1.09009477e-02   1.79339496e-14   5.92873273e-15  -1.44984078e-14
  3.36000000e-06  -6.04169426e-03  -6.16691390e-03  -1.08034343e-02   1.61656229e-14   7.94086133e-15  -1.35733096e-14
  3.44000000e-06  -5.52921249e-03  -5.67926324e-03  -1.06796043e-02   1.44873294e-14   9.65421654e-15  -1.26345842e-14
  3.52000000e-06  -5.06729647e-03  -5.23338712e-03  -1.05868142e-02   1.29082148e-14   1.11817223e-14  -1.17058853e-14
  3.60000000e-06  -4.64983383e-03  -4.82296859e-03  -1.06270204e-02   1.14291201e-14   1.27646952e-14  -1.07939223e-14
  3.68000000e-06  -4.26064257e-03  -4.44514204e-03  -1.05352044e-02   9.98020505e-15   1.39150511e-14  -9.90739822e-15
  3.76000000e-06  -3.90639996e-03  -4.09596054e-03  -1.04691363e-02   8.59481122e-15   1.49481551e-14  -9.05536246e-15
  3.84000000e-06  -3.57635823e-03  -3.77448425e-03  -1.04681842e-02   7.26607164e-15   1.59814161e-14  -8.24476114e-15
  3.92000000e-06  -3.26666003e-03  -3.46841489e-03  -1.05023071e-02   5.95662977e-15   1.69703068e-14  -7.45725183e-15
  4.00000000e-06  -2.97517307e-03  -3.18116078e-03  -1.04883467e-02   4.66844434e-15   1.77446935e-14  -6.70631459e-15
  4.08000000e-06  -2.71042572e-03  -2.91639376e-03  -1.03460302e-02   3.43917913e-15   1.81171616e-14  -6.00794847e-15
  4.16000000e-06  -2.45513134e-03  -2.65523810e-03  -1.04960226e-02   2.16530756e-15   1.90463711e-14  -5.32475652e-15
  4.24000000e-06  -2.21320013e-03  -2.40820930e-03  -1.05391711e-02   9.11337752e-16   1.96519752e-14  -4.68187124e-15
  4.32000000e-06  -1.98641887e-03  -2.17175790e-03  -1.04703761e-02  -2.94183137e-16   1.99212680e-14  -4.07624328e-15
  4.40000000e-06  -1.76219468e-03  -1.94543339e-03  -1.05643656e-02  -1.54690533e-15   2.04860657e-14  -3.51448722e-15
  4.48000000e-06  -1.54887001e-03  -1.72342441e-03  -1.05858258e-02  -2.77853594e-15   2.08118722e-14  -2.98173219e-15
  4.56000000e-06  -1.34715909e-03  -1.51239065e-03  -1.05276270e-02  -3.94874338e-15   2.08869701e-14  -2.49530809e-15
  4.64000000e-06  -1.14874561e-03  -1.29592868e-03  -1.06531186e-02  -5.24714593e-15   2.13015492e-14  -2.02547756e-15
  4.72000000e-06  -9.54752616e-04  -1.08411659e-03  -1.06878043e-02  -6.49266625e-15   2.14525094e-14  -1.59603701e-15
  4.80000000e-06  -7.63517214e-04  -8.70885676e-04  -1.06334342e-02  -7.66506799e-15   2.13559409e-14  -1.19868816e-15
  4.88000000e-06  -5.74568235e-04  -6.59995466e-04  -1.06581985e-02  -8.89651837e-15   2.13714651e-14  -8.43802374e-16
  4.96000000e-06  -3.92874899e-04  -4.59409115e-04  -1.06919498e-02  -1.01208346e-14   2.13407841e-14  -5.45076340e-16
  5.04000000e-06  -2.07417736e-04  -2.42353724e-04  -1.06429653e-02  -1.12766058e-14   2.10980061e-14  -2.60661594e-16
  5.12000000e-06  -1.43851378e-05  -2.15354559e-05  -1.06600989e-02  -1.25003149e-14   2.09520852e-14  -2.54588589e-17
  5.20000000e-06   1.65587595e-04   1.97684778e-04  -1.05743825e-02  -1.35831055e-14   2.05400407e-14   1.71287507e-16
  5.28000000e-06   3.53658324e-04   4.11827248e-04  -1.05221808e-02  -1.46765855e-14   2.01664427e-14   2.96002703e-16
  5.36000000e-06   5.35242235e-04   6.36550007e-04  -1.04280395e-02  -1.57027733e-14   1.96703463e-14   3.94740697e-16
  5.44000000e-06   7.18132247e-04   8.53985679e-04  -1.03843752e-02  -1.67616471e-14   1.92337700e-14   4.22585346e-16
  5.52000000e-06   8.93514767e-04   1.07794869e-03  -1.02443228e-02  -1.76510053e-14   1.85933579e-14   4.16938431e-16
  5.60000000e-06   1.07151918e-03   1.29021348e-03  -1.01286815e-02  -1.85201321e-14   1.79786846e-14   3.30908265e-16
  5.68000000e-06   1.24237562e-03   1.50402084e-03  -1.00534567e-02  -1.94158091e-14   1.74022794e-14   2.04075384e-16
  5.76000000e-06   1.40589286e-03   1.71116158e-03  -9.86332721e-03  -2.00676015e-14   1.66211334e-14   2.31714137e-17
  5.84000000e-06   1.57025734e-03   1.91423689e-03  -9.69960080e-03  -2.07023518e-14   1.58870620e-14  -2.16134652e-16
  5.92000000e-06   1.72716380e-03   2.10502725e-03  -9.50977865e-03  -2.12227784e-14   1.51036247e-14  -5.11228808e-16
  6.00000000e-06   1.87126749e-03   2.28662163e-03  -9.23013143e-03  -2.14969134e-14   1.42064723e-14  -8.38736516e-16
  6.08000000e-06   2.00565316e-03   2.46226765e-03  -9.07622701e-03  -2.19494388e-14   1.34649536e-14  -1.19748456e-15
  6.16000000e-06   2.12584326e-03   2.61388129e-03  -8.84208829e-03  -2.21494217e-14   1.26318384e-14  -1.59103509e-15
  6.24000000e-06   2.24233179e-03   2.75418706e-03  -8.62459272e-03  -2.23116309e-14   1.18348399e-14  -2.02151185e-15
  6.32000000e-06   2.34319668e-03   2.87721648e-03  -8.37906987e-03  -2.23331206e-14   1.10195168e-14  -2.46153320e-15
  6.40000000e-06   2.43739677e-03   2.98855234e-03  -8.12596600e-03  -2.22668851e-14   1.02229617e-14  -2.91920712e-15
  6.48000000e-06   2.50928637e-03   3.07539615e-03  -7.85234850e-03  -2.20648322e-14   9.42017004e-15  -3.36157115e-15
  6.56000000e-06   2.57121694e-03   3.14615847e-03  -7.58288348e-03  -2.17971618e-14   8.65119616e-15  -3.80161422e-15
  6.64000000e-06   2.62333765e-03   3.19528766e-03  -7.35684711e-03  -2.15487915e-14   7.93865352e-15  -4.23598232e-15
  6.72000000e-06   2.66783536e-03   3.22734240e-03  -7.05270393e-03  -2.10544859e-14   7.21900140e-15  -4.66086668e-15
  6.80000000e-06   2.69513021e-03   3.24485743e-03  -6.80478170e-03  -2.06278638e-14   6.55330479e-15  -5.04501699e-15
  6.88000000e-06   2.71671212e-03   3.24575936e-03  -6.50995417e-03  -2.00323688e-14   5.90907074e-15  -5.41367213e-15
  6.96000000e-06   2.72972628e-03   3.24030450e-03  -6.24645730e-03  -1.94689147e-14   5.31560272e-15  -5.75056147e-15
  7.04000000e-06   2.72836700e-03   3.21196154e-03  -6.01212247e-03  -1.89149882e-14   4.75459847e-15  -6.04369628e-15
  7.12000000e-06   2.72480383e-03   3.17696981e-03  -5.76930620e-03  -1.83080877e-14   4.23715113e-15  -6.31352282e-15
  7.20000000e-06   2.71198363e-03   3.12828458e-03  -5.55988388e-03  -1.77434460e-14   3.75048251e-15  -6.54462560e-15
  7.28000000e-06   2.69397951e-03   3.06996156e-03  -5.31372763e-03  -1.70600920e-14   3.29932791e-15  -6.74304950e-15
  7.36000000e-06   2.67490494e-03   3.00497665e-03  -5.12848502e-03  -1.65032695e-14   2.88315584e-15  -6.91839035e-15
  7.44000000e-06   2.64271576e-03   2.92916543e-03  -4.94296938e-03  -1.59216202e-14   2.48544435e-15  -7.03950124e-15
  7.52000000e-06   2.61866532e-03   2.85292152e-03  -4.76763900e-03  -1.53567188e-14   2.12985906e-15  -7.16031272e-15
  7.60000000e-06   2.58368410e-03   2.77125072e-03  -4.55107464e-03  -1.46770673e-14   1.80650828e-15  -7.23227383e-15
  7.68000000e-06   2.55255706e-03   2.69034243e-03  -4.39187419e-03  -1.41360471e-14   1.50149823e-15  -7.29609297e-15
  7.76000000e-06   2.52046371e-03   2.60377173e-03  -4.22622266e-03  -1.35697156e-14   1.22654481e-15  -7.33712717e-15
  7.84000000e-06   2.49501971e-03   2.52107463e-03  -4.06896915e-03  -1.30274317e-14   9.82854218e-16  -7.37922775e-15
  7.92000000e-06   2.45911582e-03   2.44188484e-03  -3.95638601e-03  -1.26000940e-14   7.29363463e-16  -7.38150139e-15
  8.00000000e-06   2.42554072e-03   2.35128292e-03  -3.80014639e-03  -1.20516141e-14   5.23067985e-16  -7.36861086e-15
  8.08000000e-06   2.39220716e-03   2.26790956e-03  -3.64067801e-03  -1.15044931e-14   3.43367360e-16  -7.34544622e-15
  8.16000000e-06   2.36818310e-03   2.18556430e-03  -3.53711343e-03  -1.11001176e-14   1.59255649e-16  -7.33339430e-15
  8.24000000e-06   2.34503601e-03   2.10610903e-03  -3.42492750e-03  -1.06795915e-14  -1.16201496e-18  -7.31299392e-15
  8.32000000e-06   2.32595782e-03   2.02679477e-03  -3.27901047e-03  -1.01774843e-14  -1.16666466e-16  -7.29148578e-15
  8.40000000e-06   2.31003135e-03   1.95585192e-03  -3.19191560e-03  -9.83365588e-15  -2.56079516e-16  -7.27365944e-15
  8.48000000e-06   2.29508040e-03   1.88738494e-03  -3.08584390e-03  -9.44738798e-15  -3.67187029e-16  -7.25102726e-15
  8.56000000e-06   2.28733838e-03   1.82488978e-03  -2.98821970e-03  -9.09055076e-15  -4.65801897e-16  -7.24284189e-15
  8.64000000e-06   2.28597830e-03   1.76718924e-03  -2.90421193e-03  -8.77454252e-15  -5.59795507e-16  -7.24729423e-15
  8.72000000e-06   2.28548323e-03   1.71732268e-03  -2.81440402e-03  -8.45315515e-15  -6.38532844e-16  -7.25415083e-15
  8.80000000e-06   2.29721091e-03   1.66871558e-03  -2.72673528e-03  -8.14037880e-15  -7.00530636e-16  -7.28679220e-15
  8.88000000e-06   2.31462221e-03   1.62814489e-03  -2.64806370e-03  -7.85859978e-15  -7.59064773e-16  -7.33575895e-15
  8.96000000e-06   2.33421079e-03   1.59077875e-03  -2.59208969e-03  -7.63742908e-15  -8.32706977e-16  -7.38864169e-15
  9.04000000e-06   2.35359189e-03   1.55751923e-03  -2.50035524e-03  -7.33188611e-15  -8.65820826e-16  -7.44086279e-15
  9.12000000e-06   2.38643145e-03   1.52834656e-03  -2.44690562e-03  -7.12594794e-15  -9.23683001e-16  -7.52676928e-15
  9.20000000e-06   2.42640013e-03   1.50749997e-03  -2.36600966e-03  -6.85847731e-15  -9.45257494e-16  -7.63580392e-15
  9.28000000e-06   2.48041763e-03   1.49040075e-03  -2.30719345e-03  -6.64898195e-15  -9.79053125e-16  -7.78063649e-15
  9.36000000e-06   2.53192073e-03   1.48495476e-03  -2.25510771e-03  -6.46337135e-15  -1.02188512e-15  -7.92964213e-15
  9.44000000e-06   2.59844282e-03   1.48629848e-03  -2.21460535e-03  -6.30954078e-15  -1.07034086e-15  -8.12145920e-15
  9.52000000e-06   2.66991973e-03   1.48937172e-03  -2.13933301e-03  -6.07006902e-15  -1.07735854e-15  -8.32557823e-15
  9.60000000e-06   2.75437314e-03   1.50158346e-03  -2.09710774e-03  -5.91525403e-15  -1.11949270e-15  -8.57077021e-15
  9.68000000e-06   2.83937504e-03   1.51068206e-03  -2.05081710e-03  -5.74678537e-15  -1.16135685e-15  -8.81196080e-15
  9.76000000e-06   2.93286767e-03   1.53297316e-03  -2.03992046e-03  -5.66857541e-15  -1.24909271e-15  -9.08859319e-15
  9.84000000e-06   3.03992357e-03   1.55771904e-03  -2.00182205e-03  -5.52116869e-15  -1.30532926e-15  -9.40006984e-15
  9.92000000e-06   3.15764111e-03   1.59038800e-03  -1.96396672e-03  -5.37339477e-15  -1.36687679e-15  -9.74615125e-15
  1.00000000e-05   3.29265854e-03   1.62859071e-03  -1.94853150e-03  -5.27712585e-15  -1.46278177e-15  -1.01399676e-14
  1.00800000e-05   3.43557422e-03   1.66731834e-03  -1.92784349e-03  -5.16229476e-15  -1.56343143e-15  -1.05517823e-14
  1.01600000e-05   3.58525472e-03   1.72288776e-03  -1.90648142e-03  -5.04358028e-15  -1.67706788e-15  -1.10003274e-14
  1.02400000e-05   3.75337567e-03   1.78007444e-03  -1.91063675e-03  -4.97831143e-15  -1.83931896e-15  -1.14933399e-14
  1.03200000e-05   3.93456142e-03   1.84521045e-03  -1.92221365e-03  -4.92226931e-15  -2.03168342e-15  -1.20256426e-14
  1.04000000e-05   4.11897060e-03   1.91153098e-03  -1.94422564e-03  -4.87985476e-15  -2.26317254e-15  -1.25634094e-14
  1.04800000e-05   4.32806018e-03   1.98596167e-03  -1.96852624e-03  -4.83059942e-15  -2.52369662e-15  -1.31667484e-14
  1.05600000e-05   4.54122680e-03   2.06573287e-03  -2.03212109e-03  -4.86004569e-15  -2.87267718e-15  -1.37810456e-14
  1.06400000e-05   4.77042693e-03   2.15061628e-03  -2.09492071e-03  -4.86962117e-15  -3.25740039e-15  -1.44328089e-14
  1.07200000e-05   5.01734218e-03   2.23962211e-03  -2.18094876e-03  -4.91369199e-15  -3.71822129e-15  -1.51223565e-14
  1.08000000e-05   5.27699782e-03   2.33859533e-03  -2.29556214e-03  -4.99999784e-15  -4.26981476e-15  -1.58437647e-14
  1.08800000e-05   5.55513019e-03   2.43857904e-03  -2.42513857e-03  -5.09323502e-15  -4.89977957e-15  -1.65937254e-14
  1.09600000e-05   5.84806740e-03   2.54420031e-03  -2.56539745e-03  -5.17849639e-15  -5.60788056e-15  -1.73664191e-14
  1.10400000e-05   6.16168649e-03   2.65881832e-03  -2.74297486e-03  -5.31026281e-15  -6.44464108e-15  -1.81756330e-14
  1.11200000e-05   6.48844109e-03   2.77928170e-03  -2.93987373e-03  -5.44086010e-15  -7.38862028e-15  -1.89932502e-14
  1.12000000e-05   6.83042982e-03   2.90621863e-03  -3.18020655e-03  -5.61564686e-15  -8.48767775e-15  -1.98176842e-14
  1.12800000e-05   7.19085326e-03   3.03122263e-03  -3.45188836e-03  -5.80177451e-15  -9.73400383e-15  -2.06338196e-14
  1.13600000e-05   7.55679573e-03   3.16675803e-03  -3.77148414e-03  -6.01660041e-15  -1.11568305e-14  -2.14231852e-14
  1.14400000e-05   7.94124623e-03   3.30376981e-03  -4.15381000e-03  -6.28111080e-15  -1.27983223e-14  -2.21874756e-14
  1.15200000e-05   8.33743721e-03   3.44312270e-03  -4.58216612e-03  -6.54010905e-15  -1.46377927e-14  -2.28990967e-14
  1.16000000e-05   8.73604307e-03   3.57979529e-03  -5.08695939e-03  -6.83754301e-15  -1.67278508e-14  -2.35141157e-14
  1.16800000e-05   9.13844004e-03   3.71962409e-03  -5.64093981e-03  -7.08594432e-15  -1.90302926e-14  -2.40279132e-14
  1.17600000e-05   9.53048615e-03   3.84969311e-03  -6.26690475e-03  -7.31261499e-15  -2.15728576e-14  -2.43727427e-14
  1.18400000e-05   9.91106331e-03   3.97741780e-03  -6.96095122e-03  -7.46620314e-15  -2.43461493e-14  -2.45415912e-14
  1.19200000e-05   1.02767209e-02   4.08957523e-03  -7.76929514e-03  -7.59690531e-15  -2.74256910e-14  -2.44849370e-14
  1.20000000e-05   1.05875431e-02   4.19236845e-03  -8.62324341e-03  -7.52970668e-15  -3.06224509e-14  -2.41326473e-14
  1.20800000e-05   1.08519506e-02   4.26967121e-03  -9.62640650e-03  -7.38935235e-15  -3.41151661e-14  -2.34614473e-14
  1.21600000e-05   1.10296508e-02   4.32268352e-03  -1.06584013e-02  -6.93370429e-15  -3.75847042e-14  -2.24182888e-14
  1.22400000e-05   1.11241937e-02   4.33560043e-03  -1.17641163e-02  -6.19829248e-15  -4.10696965e-14  -2.09971403e-14
  1.23200000e-05   1.11420261e-02   4.32424656e-03  -1.29145894e-02  -5.07027914e-15  -4.44676277e-14  -1.92636530e-14
  1.24000000e-05   1.10037287e-02   4.26154137e-03  -1.41159662e-02  -3.55437907e-15  -4.75858950e-14  -1.71366720e-14
  1.24800000e-05   1.07411942e-02   4.14700931e-03  -1.53153979e-02  -1.58244271e-15  -5.02942031e-14  -1.47281745e-14
  1.25600000e-05   1.03509356e-02   3.98793090e-03  -1.64805633e-02   8.72523366e-16  -5.24428402e-14  -1.21419994e-14
  1.26400000e-05   9.83823285e-03   3.78572986e-03  -1.76138115e-02   3.77872494e-15  -5.39713714e-14  -9.48943143e-15
  1.27200000e-05   9.23809150e-03   3.55666177e-03  -1.86407528e-02   7.12155351e-15  -5.47379290e-14  -6.91467439e-15
  1.28000000e-05   8.52569538e-03   3.28589196e-03  -1.95264065e-02   1.07561768e-14  -5.45816830e-14  -4.48856918e-15
  1.28800000e-05   7.75473634e-03   2.99674913e-03  -2.02456574e-02   1.45705055e-14  -5.35433691e-14  -2.34448382e-15
  1.29600000e-05   6.96888109e-03   2.70224879e-03  -2.08280394e-02   1.84476434e-14  -5.17740969e-14  -5.44797193e-16
  1.30400000e-05   6.18833737e-03   2.41317551e-03  -2.12691017e-02   2.22604064e-14  -4.93352639e-14   8.79221620e-16
  1.31200000e-05   5.43546426e-03   2.13098704e-03  -2.16028173e-02   2.59161455e-14  -4.63713419e-14   1.94648474e-15
  1.32000000e-05   4.72285925e-03   1.86456758e-03  -2.18019760e-02   2.92948984e-14  -4.29152007e-14   2.67578453e-15
  1.32800000e-05   4.06796362e-03   1.62050270e-03  -2.18532993e-02   3.22822797e-14  -3.90567031e-14   3.11310644e-15
  1.33600000e-05   3.48409909e-03   1.40408185e-03  -2.18366536e-02   3.49123251e-14  -3.50136119e-14   3.31900779e-15
  1.34400000e-05   2.96415359e-03   1.20595427e-03  -2.17305980e-02   3.70900878e-14  -3.08098847e-14   3.34944325e-15
  1.35200000e-05   2.52239572e-03   1.03615809e-03  -2.16076710e-02   3.89226784e-14  -2.66223452e-14   3.26705452e-15
  1.36000000e-05   2.14456950e-03   8.88653751e-04  -2.14763316e-02   4.04177173e-14  -2.24615895e-14   3.10658400e-15
  1.36800000e-05   1.80925568e-03   7.60519518e-04  -2.12234302e-02   4.13617968e-14  -1.82408828e-14   2.87236879e-15
  1.37600000e-05   1.54153295e-03   6.55027499e-04  -2.09717354e-02   4.19815746e-14  -1.41781736e-14   2.64302813e-15
  1.38400000e-05   1.31556980e-03   5.64212337e-04  -2.07609457e-02   4.23642527e-14  -1.02617156e-14   2.40563920e-15
  1.39200000e-05   1.11714316e-03   4.79965478e-04  -2.05740603e-02   4.24853833e-14  -6.45985888e-15   2.15619791e-15
  1.40000000e-05   9.50538783e-04   4.15687482e-04  -2.02896666e-02   4.21434005e-14  -2.78539475e-15   1.91728546e-15
  1.40800000e-05   8.04527199e-04   3.57757739e-04  -2.00344518e-02   4.15887158e-14   7.25406057e-16   1.68303945e-15
  1.41600000e-05   6.57166398e-04   2.97785829e-04  -1.97842341e-02   4.07780463e-14   4.10819860e-15   1.41634622e-15
  1.42400000e-05   5.39734990e-04   2.41613344e-04  -1.95178053e-02   3.97040562e-14   7.26962650e-15   1.18794643e-15
  1.43200000e-05   4.11248359e-04   1.85352194e-04  -1.93008047e-02   3.85105958e-14   1.03124834e-14   9.19591747e-16
  1.44000000e-05   2.81299594e-04   1.30436001e-04  -1.91050331e-02   3.71580123e-14   1.32157696e-14   6.37337074e-16
  1.44800000e-05   1.48035059e-04   6.87020969e-05  -1.88842256e-02   3.55608030e-14   1.59369322e-14   3.36743819e-16
  1.45600000e-05   1.13242295e-06   5.32560764e-07  -1.87736213e-02   3.39849733e-14   1.86128180e-14   2.57796935e-18
  1.46400000e-05  -1.64886089e-04  -7.84549407e-05  -1.85223207e-02   3.19779870e-14   2.10110463e-14  -3.73665142e-16
  1.47200000e-05  -3.43189060e-04  -1.64930614e-04  -1.83418818e-02   2.99447649e-14   2.33195173e-14  -7.69976503e-16
  1.48000000e-05  -5.41893265e-04  -2.61544238e-04  -1.80819969e-02   2.76474760e-14   2.53664367e-14  -1.19546677e-15
  1.48800000e-05  -7.67159758e-04  -3.77230370e-04  -1.78805169e-02   2.53099781e-14   2.73339789e-14  -1.66259196e-15
  1.49600000e-05  -1.02019964e-03  -5.05066538e-04  -1.76184604e-02   2.27813852e-14   2.90593599e-14  -2.15220118e-15
  1.50400000e-05  -1.29964771e-03  -6.49080118e-04  -1.73244195e-02   2.01228170e-14   3.05735841e-14  -2.65505453e-15
  1.51200000e-05  -1.59267819e-03  -7.97672972e-04  -1.71479172e-02   1.75546876e-14   3.20987503e-14  -3.12360231e-15
  1.52000000e-05  -1.90578312e-03  -9.64712751e-04  -1.68862321e-02   1.48166660e-14   3.33225416e-14  -3.57593289e-15
  1.52800000e-05  -2.24527896e-03  -1.13883956e-03  -1.66142520e-02   1.20420717e-14   3.43827157e-14  -3.98418219e-15
  1.53600000e-05  -2.60312754e-03  -1.32009085e-03  -1.63085580e-02   9.23131816e-15   3.52279648e-14  -4.32499382e-15
  1.54400000e-05  -2.96632186e-03  -1.50846812e-03  -1.59749064e-02   6.42318052e-15   3.58469726e-14  -4.57763158e-15
  1.55200000e-05  -3.34931299e-03  -1.69702887e-03  -1.55802142e-02   3.63665818e-15   3.62178773e-14  -4.72670585e-15
  1.56000000e-05  -3.71669478e-03  -1.89795664e-03  -1.51911014e-02   9.15423966e-16   3.64070632e-14  -4.77262161e-15
  1.56800000e-05  -4.09668556e-03  -2.09121445e-03  -1.47657926e-02  -1.70327354e-15   3.64079554e-14  -4.68373546e-15
  1.57600000e-05  -4.46151145e-03  -2.27851649e-03  -1.43000198e-02  -4.19384909e-15   3.61732425e-14  -4.45526820e-15
  1.58400000e-05  -4.82303932e-03  -2.46264081e-03  -1.38437502e-02  -6.53327334e-15   3.58392456e-14  -4.09924724e-15
  1.59200000e-05  -5.15404904e-03  -2.62536655e-03  -1.33734911e-02  -8.68020939e-15   3.53231025e-14  -3.58903048e-15
  1.60000000e-05  -5.46957139e-03  -2.78128900e-03  -1.28381996e-02  -1.06279026e-14   3.45812225e-14  -2.96383471e-15
  1.60800000e-05  -5.75367859e-03  -2.90747672e-03  -1.22482484e-02  -1.22968636e-14   3.36244344e-14  -2.20521813e-15
  1.61600000e-05  -6.01335157e-03  -3.03156066e-03  -1.17039140e-02  -1.37874634e-14   3.26629369e-14  -1.37653178e-15
  1.62400000e-05  -6.24824736e-03  -3.12754796e-03  -1.11671551e-02  -1.50355654e-14   3.16401451e-14  -4.48649548e-16
  1.63200000e-05  -6.43105409e-03  -3.21385537e-03  -1.05611417e-02  -1.60120661e-14   3.03898233e-14   5.02404629e-16
  1.64000000e-05  -6.58330854e-03  -3.26940540e-03  -1.00231034e-02  -1.67884919e-14   2.91939907e-14   1.50420790e-15
  1.64800000e-05  -6.72150197e-03  -3.30104915e-03  -9.37738425e-03  -1.72134138e-14   2.78288772e-14   2.54180728e-15
  1.65600000e-05  -6.81202079e-03  -3.31464974e-03  -8.77591335e-03  -1.74550671e-14   2.64698748e-14   3.55130172e-15
  1.66400000e-05  -6.88287391e-03  -3.31772196e-03  -8.17408895e-03  -1.74937077e-14   2.51170612e-14   4.53574205e-15
  1.67200000e-05  -6.92631266e-03  -3.30338008e-03  -7.57924151e-03  -1.73353054e-14   2.37722578e-14   5.48088390e-15
  1.68000000e-05  -6.93151551e-03  -3.27005492e-03  -7.00606361e-03  -1.70126267e-14   2.24359704e-14   6.35969543e-15
  1.68800000e-05  -6.90590186e-03  -3.20589862e-03  -6.39506971e-03  -1.64249432e-14   2.10593169e-14   7.17975144e-15
  1.69600000e-05  -6.86020680e-03  -3.14855937e-03  -5.79510558e-03  -1.57313307e-14   1.97281787e-14   7.90405621e-15
  1.70400000e-05  -6.80047326e-03  -3.07546705e-03  -5.25794237e-03  -1.49912611e-14   1.85066956e-14   8.56436497e-15
  1.71200000e-05  -6.71287771e-03  -2.98867970e-03  -4.65883675e-03  -1.40103682e-14   1.72400390e-14   9.12780077e-15
  1.72000000e-05  -6.60107019e-03  -2.89030474e-03  -4.18841767e-03  -1.31463975e-14   1.61183563e-14   9.59630442e-15
  1.72800000e-05  -6.47366342e-03  -2.78157579e-03  -3.64564314e-03  -1.20508624e-14   1.49671196e-14   9.97932269e-15
  1.73600000e-05  -6.32766497e-03  -2.66795191e-03  -3.12174645e-03  -1.09103375e-14   1.38653948e-14   1.02650085e-14
  1.74400000e-05  -6.17337169e-03  -2.54658174e-03  -2.59983183e-03  -9.69808350e-15   1.28140248e-14   1.04767979e-14
  1.75200000e-05  -6.00111233e-03  -2.42136447e-03  -2.11664017e-03  -8.50594281e-15   1.18199551e-14   1.05944787e-14
  1.76000000e-05  -5.81901321e-03  -2.29191935e-03  -1.64660417e-03  -7.29221886e-15   1.08723420e-14   1.06370355e-14
  1.76800000e-05  -5.62648045e-03  -2.15672238e-03  -1.17147448e-03  -6.02362013e-15   9.95304992e-15   1.06069876e-14
  1.77600000e-05  -5.42316508e-03  -2.01860083e-03  -7.04387704e-04  -4.73918674e-15   9.06681761e-15   1.05043095e-14
  1.78400000e-05  -2.24936971e-03  -6.98596211e-04  -2.52933449e-04  -1.64317052e-15   3.65248063e-15   4.52486168e-15
  1.79200000e-05   4.07087777e-03   1.80363567e-03  -1.69505036e-04   2.43348632e-15  -6.22642681e-15  -7.80968006e-15
  1.80000000e-05   7.84090098e-03   3.25376033e-03  -5.77476406e-04   3.97377493e-15  -1.22074620e-14  -1.48268911e-14
  1.80800000e-05   7.63470291e-03   3.11220767e-03  -9.89878906e-04   3.07003258e-15  -1.20089805e-14  -1.40781406e-14
  1.81600000e-05   7.41506284e-03   2.96777408e-03  -1.42055691e-03   2.13632192e-15  -1.17246765e-14  -1.33435202e-14
  1.82400000e-05   7.18616571e-03   2.82468852e-03  -1.85420717e-03   1.21285737e-15  -1.13769227e-14  -1.26309882e-14
  1.83200000e-05   6.94834554e-03   2.68143535e-03  -2.29588685e-03   2.86735468e-16  -1.09683885e-14  -1.19425256e-14
  1.84000000e-05   6.70219995e-03   2.53660377e-03  -2.74710205e-03  -6.47735404e-16  -1.05051414e-14  -1.12804814e-14
  1.84800000e-05   6.45219782e-03   2.39696239e-03  -3.19806207e-03  -1.55941015e-15  -1.00087880e-14  -1.06477956e-14
  1.85600000e-05   6.19543893e-03   2.25701310e-03  -3.65745624e-03  -2.47632322e-15  -9.47433312e-15  -1.00412967e-14
  1.86400000e-05   5.94076684e-03   2.12012672e-03  -4.11285266e-03  -3.36996401e-15  -8.93440143e-15  -9.47328700e-15
  1.87200000e-05   5.68213180e-03   1.98751525e-03  -4.57624758e-03  -4.26119507e-15  -8.37595664e-15  -8.92871570e-15
  1.88000000e-05   5.42758217e-03   1.85854863e-03  -5.04020953e-03  -5.13915308e-15  -7.82689193e-15  -8.42025212e-15
  1.88800000e-05   5.18169830e-03   1.73736214e-03  -5.50010516e-03  -5.98821504e-15  -7.30665538e-15  -7.94956258e-15
  1.89600000e-05   4.93293650e-03   1.61764879e-03  -5.96274537e-03  -6.83454029e-15  -6.79354619e-15  -7.49720511e-15
  1.90400000e-05   4.69738361e-03   1.50720572e-03  -6.42257625e-03  -7.65294163e-15  -6.33093741e-15  -7.08295642e-15
  1.91200000e-05   4.47345558e-03   1.40605249e-03  -6.88253682e-03  -8.44833431e-15  -5.92016788e-15  -6.70062744e-15
  1.92000000e-05   4.24794482e-03   1.30616579e-03  -7.33809140e-03  -9.23056657e-15  -5.54081646e-15  -6.32973343e-15
  1.92800000e-05   4.04443937e-03   1.21625482e-03  -7.79173253e-03  -9.98414847e-15  -5.24809499e-15  -6.00165672e-15
  1.93600000e-05   3.85583792e-03   1.13507818e-03  -8.23640515e-03  -1.06988318e-14  -5.03489675e-15  -5.70248329e-15
  1.94400000e-05   3.67061941e-03   1.05883369e-03  -8.68153333e-03  -1.13968201e-14  -4.87524696e-15  -5.41326778e-15
  1.95200000e-05   3.51113575e-03   9.93519642e-04  -9.12301604e-03  -1.20552034e-14  -4.82529040e-15  -5.16512041e-15
  1.96000000e-05   3.35761775e-03   9.34990496e-04  -9.55364899e-03  -1.26689506e-14  -4.84559932e-15  -4.92671260e-15
  1.96800000e-05   3.22542959e-03   8.84377830e-04  -9.97748655e-03  -1.32382057e-14  -4.97166901e-15  -4.72020022e-15
  1.97600000e-05   3.11131575e-03   8.44307366e-04  -1.03927032e-02  -1.37494421e-14  -5.19794690e-15  -4.53852281e-15
  1.98400000e-05   3.01289828e-03   8.09705316e-04  -1.07993512e-02  -1.42095503e-14  -5.51933486e-15  -4.37813010e-15
  1.99200000e-05   2.93083468e-03   7.83353017e-04  -1.11953946e-02  -1.46033557e-14  -5.93716850e-15  -4.23843213e-15
  2.00000000e-05   2.86252461e-03   7.63815164e-04  -1.15799407e-02  -1.49280983e-14  -6.44351505e-15  -4.11519406e-15
  2.00800000e-05   2.81867249e-03   7.54264461e-04  -1.19523261e-02  -1.51685172e-14  -7.06121405e-15  -4.02274038e-15
  2.01600000e-05   2.78586675e-03   7.48460727e-04  -1.23090444e-02  -1.53284250e-14  -7.75426098e-15  -3.94073720e-15
  2.02400000e-05   2.77144803e-03   7.49573328e-04  -1.26568188e-02  -1.54038128e-14  -8.53614751e-15  -3.87848923e-15
  2.03200000e-05   2.77342468e-03   7.57368097e-04  -1.29791100e-02  -1.53664077e-14  -9.39363876e-15  -3.83169697e-15
  2.04000000e-05   2.78643003e-03   7.70171941e-04  -1.32916769e-02  -1.52370881e-14  -1.03092954e-14  -3.79162166e-15
  2.04800000e-05   2.80552798e-03   7.84183785e-04  -1.35822385e-02  -1.50046869e-14  -1.12600714e-14  -3.74945810e-15
  2.05600000e-05   2.84342451e-03   8.03541944e-04  -1.38538072e-02  -1.46594753e-14  -1.22687393e-14  -3.72038944e-15
  2.06400000e-05   2.88677419e-03   8.26639187e-04  -1.41037564e-02  -1.42003328e-14  -1.32916096e-14  -3.68557979e-15
  2.07200000e-05   2.94635116e-03   8.52726170e-04  -1.43363121e-02  -1.36320593e-14  -1.43468172e-14  -3.65496649e-15
  2.08000000e-05   3.00871590e-03   8.81186156e-04  -1.45502643e-02  -1.29550672e-14  -1.53905905e-14  -3.61093729e-15
  2.08800000e-05   3.07367467e-03   9.10094140e-04  -1.47395838e-02  -1.21691488e-14  -1.64079948e-14  -3.55076676e-15
  2.09600000e-05   3.14902519e-03   9.43565017e-04  -1.49076515e-02  -1.12705252e-14  -1.74097101e-14  -3.48266533e-15
  2.10400000e-05   3.22372681e-03   9.75291513e-04  -1.50558342e-02  -1.02808596e-14  -1.83579406e-14  -3.39051464e-15
  2.11200000e-05   3.30042682e-03   1.00892037e-03  -1.51812408e-02  -9.19422704e-15  -1.92475918e-14  -3.27800353e-15
  2.12000000e-05   3.38368661e-03   1.03973447e-03  -1.52871450e-02  -8.03230816e-15  -2.00835680e-14  -3.14384349e-15
  2.12800000e-05   3.45889125e-03   1.07036726e-03  -1.53689786e-02  -6.79308673e-15  -2.08162540e-14  -2.97857041e-15
  2.13600000e-05   3.54074372e-03   1.10234698e-03  -1.54344955e-02  -5.48753945e-15  -2.14821438e-14  -2.79314261e-15
  2.14400000e-05   3.61155450e-03   1.13232441e-03  -1.54732527e-02  -4.12868782e-15  -2.20200908e-14  -2.57508025e-15
  2.15200000e-05   3.68068545e-03   1.15907261e-03  -1.54957123e-02  -2.73693846e-15  -2.24581226e-14  -2.32996092e-15
  2.16000000e-05   3.75646799e-03   1.19057770e-03  -1.55021704e-02  -1.30165494e-15  -2.28145708e-14  -2.06759075e-15
  2.16800000e-05   3.80758280e-03   1.21453867e-03  -1.54871300e-02   1.34505841e-16  -2.29997233e-14  -1.77062575e-15
  2.17600000e-05   3.87148086e-03   1.24067971e-03  -1.54557607e-02   1.58370259e-15  -2.31156714e-14  -1.45886512e-15
  2.18400000e-05   3.92162811e-03   1.26512381e-03  -1.54071773e-02   3.02439985e-15  -2.30917042e-14  -1.12631230e-15
  2.19200000e-05   3.97570942e-03   1.29280949e-03  -1.53453743e-02   4.45859281e-15  -2.29791788e-14  -7.80797566e-16
  2.20000000e-05   4.01959913e-03   1.31423498e-03  -1.52644523e-02   5.85092795e-15  -2.27379696e-14  -4.16958963e-16
  2.20800000e-05   4.07819075e-03   1.34183808e-03  -1.51681757e-02   7.22420882e-15  -2.24415601e-14  -4.29345078e-17
  2.21600000e-05   4.12637582e-03   1.36994655e-03  -1.50605326e-02   8.55581517e-15  -2.20298743e-14   3.40277381e-16
  2.22400000e-05   4.17695152e-03   1.39551010e-03  -1.49400414e-02   9.82947807e-15  -2.15410977e-14   7.36037723e-16
  2.23200000e-05   4.21704334e-03   1.42300643e-03  -1.48095579e-02   1.10500784e-14  -2.09491103e-14   1.13358825e-15
  2.24000000e-05   4.25422715e-03   1.44646745e-03  -1.46706641e-02   1.21961474e-14  -2.02810280e-14   1.53703572e-15
  2.24800000e-05   4.29062779e-03   1.46950685e-03  -1.45208342e-02   1.32702333e-14  -1.95484293e-14   1.94280031e-15
  2.25600000e-05   4.32123513e-03   1.49287895e-03  -1.43651197e-02   1.42733310e-14  -1.87476692e-14   2.34529327e-15
  2.26400000e-05   4.34975831e-03   1.51886742e-03  -1.42024835e-02   1.52070362e-14  -1.78948433e-14   2.74367775e-15
  2.27200000e-05   4.38247570e-03   1.54639717e-03  -1.40268309e-02   1.60615323e-14  -1.70107944e-14   3.14282186e-15
  2.28000000e-05   4.41629857e-03   1.57424705e-03  -1.38517486e-02   1.68430103e-14  -1.61001784e-14   3.54021038e-15
  2.28800000e-05   4.45001909e-03   1.60275978e-03  -1.36669023e-02   1.75428629e-14  -1.51622411e-14   3.93393058e-15
  2.29600000e-05   4.47607472e-03   1.63305321e-03  -1.34776715e-02   1.81677265e-14  -1.41862695e-14   4.31477857e-15
  2.30400000e-05   4.50448800e-03   1.66320005e-03  -1.32834970e-02   1.87124765e-14  -1.32044132e-14   4.69217896e-15
  2.31200000e-05   4.54213488e-03   1.69603691e-03  -1.30846220e-02   1.91859043e-14  -1.22401384e-14   5.07353126e-15
  2.32000000e-05   4.57567260e-03   1.73002478e-03  -1.28853610e-02   1.95908293e-14  -1.12647277e-14   5.44439252e-15
  2.32800000e-05   4.62373634e-03   1.76901155e-03  -1.26853200e-02   1.99389812e-14  -1.03289499e-14   5.82725231e-15
  2.33600000e-05   4.66791705e-03   1.80870908e-03  -1.24811413e-02   2.02180715e-14  -9.39067183e-15   6.20065791e-15
  2.34400000e-05   4.70739887e-03   1.84884543e-03  -1.22770797e-02   2.04342369e-14  -8.45204771e-15   6.56227509e-15
  2.35200000e-05   4.74357968e-03   1.88643502e-03  -1.20736857e-02   2.05832594e-14  -7.52012065e-15   6.91190034e-15
  2.36000000e-05   4.79026674e-03   1.93128129e-03  -1.18672344e-02   2.06872423e-14  -6.63255678e-15   7.27111918e-15
  2.36800000e-05   4.84328265e-03   1.98018043e-03  -1.16659588e-02   2.07525416e-14  -5.77713020e-15   7.63509160e-15
  2.37600000e-05   4.90817468e-03   2.03256166e-03  -1.14605925e-02   2.07686630e-14  -4.97190489e-15   8.01272039e-15
  2.38400000e-05   4.98004497e-03   2.08714871e-03  -1.12560174e-02   2.07422305e-14  -4.20425665e-15   8.39749345e-15
  2.39200000e-05   5.04568529e-03   2.14224600e-03  -1.10547996e-02   2.06758505e-14  -3.44251730e-15   8.76986640e-15
  2.40000000e-05   5.11128316e-03   2.19899374e-03  -1.08561828e-02   2.05731092e-14  -2.70238431e-15   9.13879784e-15
  2.40800000e-05   5.17394142e-03   2.25763594e-03  -1.06635497e-02   2.04413197e-14  -1.97514854e-15   9.49993453e-15
  2.41600000e-05   5.24709903e-03   2.32057867e-03  -1.04724665e-02   2.02819378e-14  -1.29343200e-15   9.87540282e-15
  2.42400000e-05   5.32389693e-03   2.38565107e-03  -1.02796862e-02   2.00881980e-14  -6.44649102e-16   1.02541640e-14
  2.43200000e-05   5.41314641e-03   2.45666212e-03  -1.00896692e-02   1.98764011e-14  -4.24774338e-17   1.06534232e-14
  2.44000000e-05   5.49738697e-03   2.53131044e-03  -9.90942576e-03   1.96535332e-14   5.59675477e-16   1.10460275e-14
  2.44800000e-05   5.58178196e-03   2.60433596e-03  -9.73173988e-03   1.93992477e-14   1.14380404e-15   1.14328190e-14
  2.45600000e-05   5.66898796e-03   2.67954538e-03  -9.55836711e-03   1.91254989e-14   1.70774627e-15   1.18219153e-14
  2.46400000e-05   5.76072975e-03   2.76182306e-03  -9.38848175e-03   1.88413833e-14   2.24882447e-15   1.22225271e-14
  2.47200000e-05   5.86394313e-03   2.84749507e-03  -9.22153653e-03   1.85398894e-14   2.75532483e-15   1.26402613e-14
  2.48000000e-05   5.96843789e-03   2.93529824e-03  -9.05972185e-03   1.82226728e-14   3.25245145e-15   1.30586576e-14
  2.48800000e-05   6.07709010e-03   3.02991636e-03  -8.90519137e-03   1.79010771e-14   3.74042583e-15   1.34887203e-14
  2.49600000e-05   6.18479303e-03   3.12754499e-03  -8.75690219e-03   1.75663239e-14   4.22940848e-15   1.39172210e-14
  2.50400000e-05   6.29226505e-03   3.22748693e-03  -8.61480440e-03   1.72167871e-14   4.71977091e-15   1.43434002e-14
  2.51200000e-05   6.40846828e-03   3.32887374e-03  -8.47778192e-03   1.68493466e-14   5.19693215e-15   1.47772655e-14
  2.52000000e-05   6.52960786e-03   3.43703042e-03  -8.34607626e-03   1.64723970e-14   5.67089714e-15   1.52226429e-14
  2.52800000e-05   6.65704494e-03   3.55064876e-03  -8.21977944e-03   1.60826911e-14   6.14256383e-15   1.56784358e-14
  2.53600000e-05   6.77879625e-03   3.66374336e-03  -8.09905927e-03   1.56704791e-14   6.63196825e-15   1.61160464e-14
  2.54400000e-05   6.91056341e-03   3.78176182e-03  -7.98533187e-03   1.52446149e-14   7.12144546e-15   1.65654341e-14
  2.55200000e-05   7.04050462e-03   3.90052619e-03  -7.87783965e-03   1.47969732e-14   7.62822167e-15   1.70011377e-14
  2.56000000e-05   7.16731224e-03   4.02182682e-03  -7.77624367e-03   1.43284147e-14   8.15416058e-15   1.74236880e-14
  2.56800000e-05   7.30100009e-03   4.14899785e-03  -7.68404799e-03   1.38454019e-14   8.69659678e-15   1.78509351e-14
  2.57600000e-05   7.43651967e-03   4.28237811e-03  -7.59792039e-03   1.33418595e-14   9.25675883e-15   1.82757827e-14
  2.58400000e-05   7.58252233e-03   4.42222342e-03  -7.51593859e-03   1.28135257e-14   9.82325089e-15   1.87068392e-14
  2.59200000e-05   7.72829495e-03   4.56518314e-03  -7.44147634e-03   1.22584013e-14   1.04175482e-14   1.91218180e-14
  2.60000000e-05   7.87683765e-03   4.71155212e-03  -7.37567991e-03   1.16756397e-14   1.10406483e-14   1.95216861e-14
  2.60800000e-05   8.02913344e-03   4.86270109e-03  -7.31657931e-03   1.10618831e-14   1.16885906e-14   1.99075895e-14
  2.61600000e-05   8.17749529e-03   5.01558114e-03  -7.26515481e-03   1.04131763e-14   1.23707584e-14   2.02611295e-14
  2.62400000e-05   8.32956413e-03   5.17281762e-03  -7.22232267e-03   9.73008464e-15   1.30836063e-14   2.05926099e-14
  2.63200000e-05   8.48991188e-03   5.33622950e-03  -7.18201146e-03   9.00585634e-15   1.38096835e-14   2.09064783e-14
  2.64000000e-05   8.64894064e-03   5.50221733e-03  -7.15034596e-03   8.24107451e-15   1.45711862e-14   2.11808489e-14
  2.64800000e-05   8.81172328e-03   5.67138460e-03  -7.13221338e-03   7.43704919e-15   1.53777625e-14   2.14164126e-14
  2.65600000e-05   8.97783389e-03   5.84547493e-03  -7.12037998e-03   6.58624031e-15   1.62106677e-14   2.16125015e-14
  2.66400000e-05   9.14822970e-03   6.02555810e-03  -7.11345925e-03   5.68545061e-15   1.70649163e-14   2.17668292e-14
  2.67200000e-05   9.32075543e-03   6.21217191e-03  -7.11787454e-03   4.73576838e-15   1.79570942e-14   2.18735936e-14
  2.68000000e-05   9.49149171e-03   6.39884419e-03  -7.12915496e-03   3.73092219e-15   1.88733753e-14   2.19071974e-14
  2.68800000e-05   9.67408908e-03   6.59638489e-03  -7.14748396e-03   2.66988423e-15   1.98107338e-14   2.18969253e-14
  2.69600000e-05   9.86868271e-03   6.80443197e-03  -7.17549779e-03   1.55010973e-15   2.07753389e-14   2.18328994e-14
  2.70400000e-05   1.00599007e-02   7.01295111e-03  -7.20914138e-03   3.68684225e-16   2.17516527e-14   2.16741766e-14
  2.71200000e-05   1.02569477e-02   7.22542329e-03  -7.25364553e-03  -8.74334460e-16   2.27501715e-14   2.14253116e-14
  2.72000000e-05   1.04595277e-02   7.44294611e-03  -7.30607623e-03  -2.18106091e-15   2.37575813e-14   2.10801975e-14
  2.72800000e-05   1.06685814e-02   7.66589100e-03  -7.36492596e-03  -3.55223147e-15   2.47640952e-14   2.06304292e-14
  2.73600000e-05   1.08850327e-02   7.89621770e-03  -7.43207335e-03  -4.98808291e-15   2.57680818e-14   2.00717796e-14
  2.74400000e-05   1.11107974e-02   8.13166360e-03  -7.50971941e-03  -6.48788587e-15   2.67688976e-14   1.93868874e-14
  2.75200000e-05   1.13466931e-02   8.37418032e-03  -7.59565277e-03  -8.05102706e-15   2.77521530e-14   1.85697009e-14
  2.76000000e-05   1.15962956e-02   8.62409502e-03  -7.68962864e-03  -9.67555051e-15   2.87097695e-14   1.76075131e-14
  2.76800000e-05   1.18565283e-02   8.87894600e-03  -7.78973497e-03  -1.13548109e-14   2.96233325e-14   1.64826317e-14
  2.77600000e-05   1.21243557e-02   9.13989052e-03  -7.89717881e-03  -1.30846220e-14   3.04804324e-14   1.51883612e-14
  2.78400000e-05   1.23988465e-02   9.40191465e-03  -8.01235625e-03  -1.48530635e-14   3.12658011e-14   1.37035269e-14
  2.79200000e-05   1.26856189e-02   9.67188448e-03  -8.12984822e-03  -1.66524025e-14   3.19545727e-14   1.20315780e-14
  2.80000000e-05   1.29980568e-02   9.95398806e-03  -8.25709991e-03  -1.84821167e-14   3.25608266e-14   1.01583457e-14
  2.80800000e-05   1.33226619e-02   1.02407573e-02  -8.38557307e-03  -2.03128979e-14   3.30317389e-14   8.06720657e-15
  2.81600000e-05   1.36659422e-02   1.05262436e-02  -8.52318587e-03  -2.21304979e-14   3.33708332e-14   5.72971330e-15
  2.82400000e-05   1.40215080e-02   1.08111425e-02  -8.66122874e-03  -2.39050505e-14   3.35286814e-14   3.15180419e-15
  2.83200000e-05   1.43906015e-02   1.10964967e-02  -8.80137040e-03  -2.56158840e-14   3.34856377e-14   3.34640049e-16
  2.84000000e-05   1.47925513e-02   1.13940941e-02  -8.94432038e-03  -2.72512745e-14   3.32380316e-14  -2.72783326e-15
  2.84800000e-05   1.52070680e-02   1.16842526e-02  -9.08478798e-03  -2.87521148e-14   3.27265018e-14  -6.03763691e-15
  2.85600000e-05   1.56389897e-02   1.19727729e-02  -9.22001439e-03  -3.00867634e-14   3.19244049e-14  -9.57730982e-15
  2.86400000e-05   1.60997641e-02   1.22677607e-02  -9.35376622e-03  -3.12354794e-14   3.08223692e-14  -1.33381994e-14
  2.87200000e-05   1.65737728e-02   1.25469112e-02  -9.47904276e-03  -3.21250754e-14   2.93662015e-14  -1.72990651e-14
  2.88000000e-05   1.70685749e-02   1.28211557e-02  -9.59146395e-03  -3.27183868e-14   2.75325466e-14  -2.14208351e-14
  2.88800000e-05   1.75799363e-02   1.30824900e-02  -9.68996511e-03  -3.29671413e-14   2.52959538e-14  -2.56581090e-14
  2.89600000e-05   1.81084423e-02   1.33322244e-02  -9.76852942e-03  -3.28214584e-14   2.26327905e-14  -2.99533361e-14
  2.90400000e-05   1.86608443e-02   1.35713839e-02  -9.82406463e-03  -3.22402472e-14   1.95336412e-14  -3.42558506e-14
  2.91200000e-05   1.92193130e-02   1.37894470e-02  -9.85827581e-03  -3.11941871e-14   1.59861876e-14  -3.84540024e-14
  2.92000000e-05   1.97830203e-02   1.39859572e-02  -9.85968337e-03  -2.96357295e-14   1.19896763e-14  -4.24554344e-14
  2.92800000e-05   2.03495059e-02   1.41578002e-02  -9.82897062e-03  -2.75591285e-14   7.56577672e-15  -4.61594515e-14
  2.93600000e-05   2.09114286e-02   1.43013016e-02  -9.76238094e-03  -2.49606017e-14   2.74369429e-15  -4.94473064e-14
  2.94400000e-05   2.14649640e-02   1.44151542e-02  -9.65689213e-03  -2.18563035e-14  -2.42884031e-15  -5.22069491e-14
  2.95200000e-05   2.20034303e-02   1.44996057e-02  -9.51075197e-03  -1.82817895e-14  -7.88915031e-15  -5.43229024e-14
  2.96000000e-05   2.25204594e-02   1.45543067e-02  -9.32239491e-03  -1.42897955e-14  -1.35592760e-14  -5.56894046e-14
  2.96800000e-05   2.30102194e-02   1.45792641e-02  -9.09149554e-03  -9.95330301e-15  -1.93473283e-14  -5.62170978e-14
  2.97600000e-05   2.34652344e-02   1.45756321e-02  -8.82026704e-03  -5.36579770e-15  -2.51475708e-14  -5.58318062e-14
  2.98400000e-05   2.38783621e-02   1.45454203e-02  -8.51221888e-03  -6.32449577e-16  -3.08468892e-14  -5.44843635e-14
  2.99200000e-05   2.42515583e-02   1.44943481e-02  -8.16646349e-03   4.14961302e-15  -3.63392937e-14  -5.21743336e-14
  3.00000000e-05   2.45699513e-02   1.44209994e-02  -7.79085747e-03   8.85096242e-15  -4.14933234e-14  -4.88915985e-14
  3.00800000e-05   2.48448952e-02   1.43388227e-02  -7.38635539e-03   1.33865264e-14  -4.62252711e-14  -4.47079925e-14
  3.01600000e-05   2.50731832e-02   1.42536699e-02  -6.96308951e-03   1.76514896e-14  -5.04369083e-14  -3.96852584e-14
  3.02400000e-05   2.52537189e-02   1.41645672e-02  -6.52510702e-03   2.15511726e-14  -5.40452972e-14  -3.39122394e-14
  3.03200000e-05   2.53813463e-02   1.40756259e-02  -6.08005813e-03   2.50071485e-14  -5.69678818e-14  -2.74904434e-14
  3.04000000e-05   2.54799760e-02   1.40052749e-02  -5.62852692e-03   2.80033529e-14  -5.92096278e-14  -2.05599716e-14
  3.04800000e-05   2.55376444e-02   1.39500441e-02  -5.18317558e-03   3.04733146e-14  -6.06989842e-14  -1.32229426e-14
  3.05600000e-05   2.55492139e-02   1.39064190e-02  -4.74216549e-03   3.23793229e-14  -6.14001395e-14  -5.60710484e-15
  3.06400000e-05   2.55458291e-02   1.38964342e-02  -4.31346800e-03   3.37531549e-14  -6.13767318e-14   2.16406193e-15
  3.07200000e-05   2.55016275e-02   1.39040338e-02  -3.90080948e-03   3.45449904e-14  -6.05609383e-14   9.97540211e-15
  3.08000000e-05   2.54362754e-02   1.39393326e-02  -3.50541000e-03   3.47822065e-14  -5.90153055e-14   1.77142787e-14
  3.08800000e-05   2.53633617e-02   1.40119105e-02  -3.13124654e-03   3.44961389e-14  -5.67892547e-14   2.52973036e-14
  3.09600000e-05   2.52848034e-02   1.41269770e-02  -2.78337593e-03   3.37109065e-14  -5.39032566e-14   3.26522813e-14
  3.10400000e-05   2.51732246e-02   1.42620956e-02  -2.46026198e-03   3.23899652e-14  -5.03309563e-14   3.96441362e-14
  3.11200000e-05   2.50637465e-02   1.44297991e-02  -2.15659614e-03   3.05773324e-14  -4.62020935e-14   4.62282117e-14
  3.12000000e-05   2.49629895e-02   1.46412470e-02  -1.87707346e-03   2.83130368e-14  -4.15591835e-14   5.23686310e-14
  3.12800000e-05   2.48624411e-02   1.48841870e-02  -1.61554953e-03   2.55812678e-14  -3.64378334e-14   5.79773233e-14
  3.13600000e-05   2.47504920e-02   1.51541533e-02  -1.38206271e-03   2.24058668e-14  -3.08516966e-14   6.29673952e-14
  3.14400000e-05   2.46381962e-02   1.54539406e-02  -1.17321914e-03   1.88114940e-14  -2.48822610e-14   6.72954395e-14
  3.15200000e-05   2.45361418e-02   1.57867515e-02  -9.84677741e-04   1.48172054e-14  -1.86050708e-14   7.09302355e-14
  3.16000000e-05   2.44449147e-02   1.61495376e-02  -8.09701929e-04   1.04317203e-14  -1.20890733e-14   7.38167555e-14
  3.16800000e-05   2.43664404e-02   1.65374707e-02  -6.56284904e-04   5.69156072e-15  -5.37398608e-15   7.58983452e-14
  3.17600000e-05   2.43089599e-02   1.69552803e-02  -5.17012947e-04   6.19008892e-16   1.46505787e-15   7.71507355e-14
  3.18400000e-05   2.42633434e-02   1.73917758e-02  -3.97118804e-04  -4.73960837e-15   8.38155645e-15   7.74866494e-14
  3.19200000e-05   2.42374724e-02   1.78446204e-02  -2.90384265e-04  -1.03406263e-14   1.52960198e-14   7.68671895e-14
  3.20000000e-05   2.42344834e-02   1.83151302e-02  -1.98717348e-04  -1.61210294e-14   2.21477983e-14   7.52575999e-14
  3.20800000e-05   2.42759045e-02   1.88144481e-02  -1.23819799e-04  -2.20275197e-14   2.88999041e-14   7.26683423e-14
  3.21600000e-05   2.43599992e-02   1.93321204e-02  -5.10377188e-05  -2.79967937e-14   3.54604075e-14   6.90272348e-14
  3.22400000e-05   2.44703178e-02   1.98517193e-02  -5.35641183e-07  -3.38875553e-14   4.17733922e-14   6.42431941e-14
  3.23200000e-05   2.46159174e-02   2.03705515e-02   3.32455966e-05  -3.95933331e-14   4.77497125e-14   5.83005755e-14
  3.24000000e-05   2.48349168e-02   2.09148756e-02   5.77927865e-05  -4.50586517e-14   5.33622862e-14   5.12570627e-14
  3.24800000e-05   2.51114733e-02   2.14667468e-02   6.47351753e-05  -5.01236104e-14   5.85040448e-14   4.30398440e-14
  3.25600000e-05   2.54351804e-02   2.20067877e-02   5.59247615e-05  -5.46068713e-14   6.30285168e-14   3.36243747e-14
  3.26400000e-05   2.58397082e-02   2.25579058e-02   3.26689233e-05  -5.84188070e-14   6.68843542e-14   2.30789604e-14
  3.27200000e-05   2.63097249e-02   2.30950961e-02  -1.04354390e-05  -6.13467941e-14   6.98908738e-14   1.14196889e-14
  3.28000000e-05   2.68579197e-02   2.36055559e-02  -6.55244068e-05  -6.32009273e-14   7.19052169e-14  -1.26382229e-15
  3.28800000e-05   2.74790818e-02   2.40889413e-02  -1.34524410e-04  -6.38318596e-14   7.27324073e-14  -1.48240532e-14
  3.29600000e-05   2.81363576e-02   2.45125407e-02  -2.18296081e-04  -6.30255251e-14   7.20845295e-14  -2.90145002e-14
  3.30400000e-05   2.88709987e-02   2.48936180e-02  -2.96974335e-04  -6.07074181e-14   6.98871765e-14  -4.35698108e-14
  3.31200000e-05   2.96522459e-02   2.52128528e-02  -3.79971095e-04  -5.67794150e-14   6.59012651e-14  -5.81051664e-14
  3.32000000e-05   3.04546682e-02   2.54324953e-02  -4.50808868e-04  -5.11394313e-14   5.99594676e-14  -7.21270960e-14
  3.32800000e-05   3.12670225e-02   2.55547551e-02  -4.96027172e-04  -4.38635654e-14   5.20165394e-14  -8.51025224e-14
  3.33600000e-05   3.20720763e-02   2.55714508e-02  -5.15253712e-04  -3.51147573e-14   4.20976666e-14  -9.64665851e-14
  3.34400000e-05   3.28337005e-02   2.54752634e-02  -4.95914454e-04  -2.51318201e-14   3.03351127e-14  -1.05614324e-13
  3.35200000e-05   3.35187866e-02   2.52526201e-02  -4.37764953e-04  -1.42719774e-14   1.70024631e-14  -1.11983896e-13
  3.36000000e-05   3.41050599e-02   2.49187744e-02  -3.35298831e-04  -2.98431271e-15   2.53475628e-15  -1.15172319e-13
  3.36800000e-05   3.46124520e-02   2.45084202e-02  -1.67124302e-04   8.31678195e-15  -1.25301259e-14  -1.15060321e-13
  3.37600000e-05   3.49689212e-02   2.40020821e-02   3.89286026e-05   1.90883036e-14  -2.76292902e-14  -1.11406340e-13
  3.38400000e-05   3.51853750e-02   2.34320112e-02   2.91631583e-04   2.89247299e-14  -4.21335736e-14  -1.04423194e-13
  3.39200000e-05   3.52732933e-02   2.28343100e-02   5.83455619e-04   3.74855472e-14  -5.54914267e-14  -9.44892122e-14
  3.40000000e-05   3.52119119e-02   2.22203194e-02   8.87692566e-04   4.44718009e-14  -6.71966621e-14  -8.20169513e-14
  3.40800000e-05   3.50584981e-02   2.16334886e-02   1.22124587e-03   4.98425956e-14  -7.69529002e-14  -6.76742156e-14
  3.41600000e-05   3.47487998e-02   2.10659835e-02   1.52834554e-03   5.34350182e-14  -8.43750566e-14  -5.19249098e-14
  3.42400000e-05   3.43677775e-02   2.05464585e-02   1.84944156e-03   5.54033519e-14  -8.94779285e-14  -3.54893726e-14
  3.43200000e-05   3.39319177e-02   2.01104048e-02   2.14805769e-03   5.58927073e-14  -9.22904257e-14  -1.88770187e-14
  3.44000000e-05   3.34139899e-02   1.97399751e-02   2.41091435e-03   5.49940717e-14  -9.27810541e-14  -2.52006367e-15
  3.44800000e-05   3.28798959e-02   1.94595177e-02   2.65406479e-03   5.29410143e-14  -9.12487843e-14   1.31731136e-14
  3.45600000e-05   3.23194667e-02   1.92625769e-02   2.85601676e-03   4.98759911e-14  -8.78234349e-14   2.79200877e-14
  3.46400000e-05   3.17294455e-02   1.91385993e-02   3.01594030e-03   4.59340571e-14  -8.26882429e-14   4.14713084e-14
  3.47200000e-05   3.11823842e-02   1.91145548e-02   3.16772892e-03   4.12927049e-14  -7.62677504e-14   5.37353762e-14
  3.48000000e-05   3.06302333e-02   1.91617735e-02   3.27964039e-03   3.60196149e-14  -6.86238848e-14   6.45394331e-14
  3.48800000e-05   3.00828241e-02   1.92806618e-02   3.35673593e-03   3.02183851e-14  -5.99978141e-14   7.38047925e-14
  3.49600000e-05   2.95771459e-02   1.94757061e-02   3.40917209e-03   2.39648042e-14  -5.06694986e-14   8.15487594e-14
  3.50400000e-05   2.90870091e-02   1.97194931e-02   3.44639561e-03   1.72667779e-14  -4.07902395e-14   8.76637378e-14
  3.51200000e-05   2.86363196e-02   2.00264415e-02   3.47085788e-03   1.02079433e-14  -3.05757815e-14   9.21980050e-14
  3.52000000e-05   2.82117097e-02   2.03740912e-02   3.46321987e-03   2.87296554e-15  -2.01410011e-14   9.50858838e-14
  3.52800000e-05   2.78282097e-02   2.07611951e-02   3.45477991e-03  -4.72931397e-15  -9.69547670e-15   9.63586778e-14
  3.53600000e-05   2.74773114e-02   2.11798203e-02   3.42473636e-03  -1.24716857e-14   6.58295516e-16   9.59915677e-14
  3.54400000e-05   2.71845204e-02   2.16281692e-02   3.38338731e-03  -2.02845313e-14   1.07827543e-14   9.40519040e-14
  3.55200000e-05   2.69446221e-02   2.21036417e-02   3.33259445e-03  -2.80718292e-14   2.05695605e-14   9.05368586e-14
  3.56000000e-05   2.67534715e-02   2.25878526e-02   3.25180028e-03  -3.56555001e-14   2.99321933e-14   8.54309643e-14
  3.56800000e-05   2.66132425e-02   2.30724636e-02   3.16138691e-03  -4.29321835e-14   3.87286431e-14   7.87627111e-14
  3.57600000e-05   2.65450927e-02   2.35650063e-02   3.03555951e-03  -4.97197789e-14   4.69095656e-14   7.06268250e-14
  3.58400000e-05   2.65457045e-02   2.40647669e-02   2.89500372e-03  -5.59186419e-14   5.43374369e-14   6.10645138e-14
  3.59200000e-05   2.66098317e-02   2.45446609e-02   2.71440403e-03  -6.12820461e-14   6.08953308e-14   5.01213850e-14
  3.60000000e-05   2.67559272e-02   2.50148171e-02   2.50397313e-03  -6.57013499e-14   6.64766784e-14   3.79391396e-14
  3.60800000e-05   2.69747441e-02   2.54585536e-02   2.25206607e-03  -6.89858613e-14   7.09159793e-14   2.46252506e-14
  3.61600000e-05   2.72558051e-02   2.58524411e-02   1.96882370e-03  -7.09565812e-14   7.40192159e-14   1.03621940e-14
  3.62400000e-05   2.76034381e-02   2.62035652e-02   1.65567456e-03  -7.15248218e-14   7.56366768e-14  -4.60211465e-15
  3.63200000e-05   2.80092894e-02   2.64954045e-02   1.30880699e-03  -7.05709438e-14   7.55899972e-14  -1.99766355e-14
  3.64000000e-05   2.84455586e-02   2.67003199e-02   9.37006837e-04  -6.79955045e-14   7.36813456e-14  -3.53736845e-14
  3.64800000e-05   2.89276898e-02   2.68307050e-02   5.45158116e-04  -6.38567099e-14   6.98713814e-14  -5.03914907e-14
  3.65600000e-05   2.94401980e-02   2.68829518e-02   1.44846320e-04  -5.82168449e-14   6.41027921e-14  -6.45983238e-14
  3.66400000e-05   2.99237634e-02   2.68065718e-02  -2.62742252e-04  -5.11202808e-14   5.63062092e-14  -7.73942926e-14
  3.67200000e-05   3.03686408e-02   2.66066528e-02  -6.60717527e-04  -4.28051507e-14   4.66650063e-14  -8.82898019e-14
  3.68000000e-05   3.07924349e-02   2.63188373e-02  -1.01957207e-03  -3.35792811e-14   3.55309533e-14  -9.69568015e-14
  3.68800000e-05   3.11347741e-02   2.59075738e-02  -1.35212487e-03  -2.37370480e-14   2.31551479e-14  -1.02914996e-13
  3.69600000e-05   3.13883387e-02   2.53974832e-02  -1.64742927e-03  -1.36592283e-14   1.00067764e-14  -1.05979390e-13
  3.70400000e-05   3.15453700e-02   2.48062635e-02  -1.88963044e-03  -3.69416390e-15  -3.38400174e-15  -1.06093870e-13
  3.71200000e-05   3.15868616e-02   2.41360588e-02  -2.08713479e-03   5.80429437e-15  -1.65283589e-14  -1.03294719e-13
  3.72000000e-05   3.15291659e-02   2.34365291e-02  -2.22596287e-03   1.45834346e-14  -2.89189558e-14  -9.79155682e-14
  3.72800000e-05   3.13439767e-02   2.26972094e-02  -2.31861997e-03   2.23950422e-14  -4.01408659e-14  -9.01984638e-14
  3.73600000e-05   3.10640344e-02   2.19560284e-02  -2.37316810e-03   2.91058209e-14  -4.98980358e-14  -8.06594654e-14
  3.74400000e-05   3.07124742e-02   2.12385226e-02  -2.38127423e-03   3.46831486e-14  -5.79796031e-14  -6.97928037e-14
  3.75200000e-05   3.02807091e-02   2.05505291e-02  -2.37074184e-03   3.90927887e-14  -6.42953591e-14  -5.80182454e-14
  3.76000000e-05   2.97751853e-02   1.98940886e-02  -2.33195430e-03   4.23717973e-14  -6.87805423e-14  -4.57547932e-14
  3.76800000e-05   2.92215251e-02   1.92924923e-02  -2.28044747e-03   4.46223971e-14  -7.15384837e-14  -3.34237687e-14
  3.77600000e-05   2.86494680e-02   1.87565200e-02  -2.22372272e-03   4.59629961e-14  -7.27354884e-14  -2.13377565e-14
  3.78400000e-05   2.80506669e-02   1.82741895e-02  -2.16063788e-03   4.64660726e-14  -7.24734519e-14  -9.71438489e-15
  3.79200000e-05   2.74274369e-02   1.78455337e-02  -2.10732050e-03   4.62400716e-14  -7.09209731e-14   1.24519740e-15
  3.80000000e-05   2.68354851e-02   1.75021807e-02  -2.05047248e-03   4.54578165e-14  -6.83604417e-14   1.14245649e-14
  3.80800000e-05   2.62187715e-02   1.71973018e-02  -2.00354308e-03   4.41026739e-14  -6.48229324e-14   2.07324708e-14
  3.81600000e-05   2.56309379e-02   1.69638373e-02  -1.96583903e-03   4.23379512e-14  -6.05914714e-14   2.91466055e-14
  3.82400000e-05   2.50657406e-02   1.67803150e-02  -1.93733950e-03   4.01810663e-14  -5.57880444e-14   3.66622501e-14
  3.83200000e-05   2.45004883e-02   1.66305716e-02  -1.91625631e-03   3.76562757e-14  -5.04940409e-14   4.32365849e-14
  3.84000000e-05   2.39637220e-02   1.65331129e-02  -1.91259143e-03   3.48759424e-14  -4.48907367e-14   4.89251213e-14
  3.84800000e-05   2.34525097e-02   1.64787207e-02  -1.91939390e-03   3.18510142e-14  -3.90690645e-14   5.37555199e-14
  3.85600000e-05   2.29588249e-02   1.64581677e-02  -1.94097019e-03   2.86129558e-14  -3.31049491e-14   5.77407315e-14
  3.86400000e-05   2.24740962e-02   1.64555871e-02  -1.96880639e-03   2.51581152e-14  -2.70750682e-14   6.08844826e-14
  3.87200000e-05   2.20098936e-02   1.64774357e-02  -2.01501639e-03   2.15624494e-14  -2.10675309e-14   6.32492770e-14
  3.88000000e-05   2.15746362e-02   1.65227948e-02  -2.07227339e-03   1.78381601e-14  -1.51530060e-14   6.48957842e-14
  3.88800000e-05   2.11712298e-02   1.65915690e-02  -2.14175894e-03   1.40123140e-14  -9.37655328e-15   6.58739822e-14
  3.89600000e-05   2.07778354e-02   1.66660297e-02  -2.22586881e-03   1.01127132e-14  -3.77253134e-15   6.61526727e-14
  3.90400000e-05   2.03987582e-02   1.67470619e-02  -2.32403499e-03   6.17191634e-15   1.61085145e-15   6.57806179e-14
  3.91200000e-05   2.00445869e-02   1.68375851e-02  -2.43759165e-03   2.22361139e-15   6.73777845e-15   6.48259890e-14
  3.92000000e-05   1.97072775e-02   1.69291548e-02  -2.56861689e-03  -1.69518811e-15   1.15776756e-14   6.32997164e-14
  3.92800000e-05   1.93915702e-02   1.70231669e-02  -2.71201729e-03  -5.56940853e-15   1.61027545e-14   6.12534076e-14
  3.93600000e-05   1.90873892e-02   1.71095813e-02  -2.87464392e-03  -9.34382467e-15   2.02852277e-14   5.86933685e-14
  3.94400000e-05   1.87950153e-02   1.71870042e-02  -3.05548005e-03  -1.29905639e-14   2.41011719e-14   5.56603524e-14
  3.95200000e-05   1.85516392e-02   1.72799523e-02  -3.25362720e-03  -1.65162056e-14   2.75787672e-14   5.22976615e-14
  3.96000000e-05   1.83179151e-02   1.73645049e-02  -3.47775279e-03  -1.98511594e-14   3.06615646e-14   4.85345130e-14
  3.96800000e-05   1.80917539e-02   1.74242673e-02  -3.71575240e-03  -2.29727109e-14   3.33218695e-14   4.44035314e-14
  3.97600000e-05   1.78854452e-02   1.74773445e-02  -3.96961525e-03  -2.58805063e-14   3.55667123e-14   3.99855646e-14
  3.98400000e-05   1.77160147e-02   1.75376088e-02  -4.24214830e-03  -2.85822571e-14   3.74246656e-14   3.53536574e-14
  3.99200000e-05   1.75498591e-02   1.75706191e-02  -4.53666583e-03  -3.09880683e-14   3.88209427e-14   3.04787193e-14
  4.00000000e-05   1.73972387e-02   1.75860578e-02  -4.84877182e-03  -3.31078910e-14   3.97655015e-14   2.54358280e-14
  4.00800000e-05   1.72718019e-02   1.75945244e-02  -5.17608179e-03  -3.49574779e-14   4.02862695e-14   2.02931720e-14
  4.01600000e-05   1.71592029e-02   1.75868668e-02  -5.51842663e-03  -3.65065220e-14   4.03494021e-14   1.50761713e-14
  4.02400000e-05   1.70617622e-02   1.75585252e-02  -5.87495599e-03  -3.77373964e-14   3.99615108e-14   9.83815223e-15
  4.03200000e-05   1.69694518e-02   1.75062984e-02  -6.24398369e-03  -3.86368956e-14   3.91025581e-14   4.62751233e-15
  4.04000000e-05   1.68940682e-02   1.74404268e-02  -6.62502375e-03  -3.92280100e-14   3.78108993e-14  -4.95463034e-16
  4.04800000e-05   1.68300572e-02   1.73593310e-02  -7.00959581e-03  -3.95122199e-14   3.60918897e-14  -5.48703013e-15
  4.05600000e-05   1.67543807e-02   1.72337759e-02  -7.39842367e-03  -3.94142648e-14   3.39072649e-14  -1.02739985e-14
  4.06400000e-05   1.66851265e-02   1.70912511e-02  -7.78491040e-03  -3.90106298e-14   3.13373469e-14  -1.48110669e-14
  4.07200000e-05   1.66151776e-02   1.69202000e-02  -8.17371763e-03  -3.82773099e-14   2.83919116e-14  -1.90350936e-14
  4.08000000e-05   1.65469635e-02   1.67290240e-02  -8.55376560e-03  -3.72484425e-14   2.51306428e-14  -2.29065773e-14
  4.08800000e-05   1.64647647e-02   1.65055620e-02  -8.92352971e-03  -3.59079786e-14   2.15654067e-14  -2.63648206e-14
  4.09600000e-05   1.63740685e-02   1.62590347e-02  -9.28063646e-03  -3.42938202e-14   1.77658253e-14  -2.93809797e-14
  4.10400000e-05   1.62585725e-02   1.59730527e-02  -9.62458072e-03  -3.23930164e-14   1.37581698e-14  -3.18875433e-14
  4.11200000e-05   1.61395629e-02   1.56776429e-02  -9.93962503e-03  -3.02893600e-14   9.67862852e-15  -3.39166667e-14
  4.12000000e-05   1.60032214e-02   1.53580252e-02  -1.02356066e-02  -2.79781057e-14   5.54278463e-15  -3.54266833e-14
  4.12800000e-05   1.58509176e-02   1.50163748e-02  -1.05022864e-02  -2.54912459e-14   1.43924744e-15  -3.64156286e-14
  4.13600000e-05   1.56709432e-02   1.46548164e-02  -1.07431919e-02  -2.28638010e-14  -2.59477886e-15  -3.68906503e-14
  4.14400000e-05   1.54786219e-02   1.42804877e-02  -1.09531546e-02  -2.01372516e-14  -6.46390143e-15  -3.68847683e-14
  4.15200000e-05   1.52602965e-02   1.38914021e-02  -1.11306143e-02  -1.73404696e-14  -1.01298320e-14  -3.64165236e-14
  4.16000000e-05   1.50253047e-02   1.34985023e-02  -1.12786314e-02  -1.45179553e-14  -1.35401042e-14  -3.55457871e-14
  4.16800000e-05   1.47717556e-02   1.30970285e-02  -1.13933970e-02  -1.16934632e-14  -1.66490960e-14  -3.42993986e-14
  4.17600000e-05   1.45060668e-02   1.26995663e-02  -1.14783218e-02  -8.90672652e-15  -1.94300210e-14  -3.27534302e-14
  4.18400000e-05   1.42264521e-02   1.23019761e-02  -1.15322783e-02  -6.17942670e-15  -2.18602144e-14  -3.09422947e-14
  4.19200000e-05   1.39317013e-02   1.19039782e-02  -1.15583317e-02  -3.53495276e-15  -2.39356404e-14  -2.89122388e-14
  4.20000000e-05   1.36268185e-02   1.15140018e-02  -1.15576142e-02  -9.98424527e-16  -2.56507249e-14  -2.67311087e-14
  4.20800000e-05   1.33121942e-02   1.11322044e-02  -1.15364388e-02   1.41629032e-15  -2.70250150e-14  -2.44437701e-14
  4.21600000e-05   1.30034331e-02   1.07712157e-02  -1.14918257e-02   3.69126804e-15  -2.80534777e-14  -2.21175390e-14
  4.22400000e-05   1.26733298e-02   1.04067681e-02  -1.14259283e-02   5.82287769e-15  -2.87623049e-14  -1.97382114e-14
  4.23200000e-05   1.23510330e-02   1.00636063e-02  -1.13438555e-02   7.80079098e-15  -2.91754697e-14  -1.73893800e-14
  4.24000000e-05   1.20308493e-02   9.73434054e-03  -1.12567999e-02   9.63241348e-15  -2.93439790e-14  -1.50804998e-14
  4.24800000e-05   1.17043070e-02   9.41536775e-03  -1.11468138e-02   1.13000139e-14  -2.92416587e-14  -1.28343527e-14
  4.25600000e-05   1.13849301e-02   9.11215576e-03  -1.10293884e-02   1.28161342e-14  -2.89312534e-14  -1.06728761e-14
  4.26400000e-05   1.10663488e-02   8.82155750e-03  -1.09046531e-02   1.41828221e-14  -2.84348747e-14  -8.60988658e-15
  4.27200000e-05   1.07498027e-02   8.54200490e-03  -1.07718143e-02   1.54016499e-14  -2.77722847e-14  -6.65313112e-15
  4.28000000e-05   1.04394466e-02   8.27816307e-03  -1.06378738e-02   1.64867242e-14  -2.69818527e-14  -4.81749468e-15
  4.28800000e-05   1.01392922e-02   8.03024062e-03  -1.04975897e-02   1.74363101e-14  -2.60713142e-14  -3.10233910e-15
  4.29600000e-05   9.84077998e-03   7.78968292e-03  -1.03569652e-02   1.82633137e-14  -2.50717990e-14  -1.50392633e-15
  4.30400000e-05   9.54157417e-03   7.55653490e-03  -1.02175979e-02   1.89769455e-14  -2.40026311e-14  -3.00253445e-17
  4.31200000e-05   9.26009742e-03   7.34288734e-03  -1.00763737e-02   1.95811393e-14  -2.28754352e-14   1.32503165e-15
  4.32000000e-05   8.98536739e-03   7.14032375e-03  -9.93480050e-03   2.00831519e-14  -2.17053794e-14   2.56382224e-15
  4.32800000e-05   8.71824447e-03   6.94815251e-03  -9.79493717e-03   2.04932575e-14  -2.05089426e-14   3.69231238e-15
  4.33600000e-05   8.45709196e-03   6.76338363e-03  -9.65332843e-03   2.08103349e-14  -1.92898596e-14   4.71652819e-15
  4.34400000e-05   8.20707605e-03   6.58844402e-03  -9.52090687e-03   2.10635679e-14  -1.80784339e-14   5.64668412e-15
  4.35200000e-05   7.96315440e-03   6.42078535e-03  -9.39195265e-03   2.12479172e-14  -1.68700630e-14   6.48229335e-15
  4.36000000e-05   7.72456083e-03   6.26031554e-03  -9.26684030e-03   2.13703333e-14  -1.56718464e-14   7.22638286e-15
  4.36800000e-05   7.49793420e-03   6.10930046e-03  -9.14093713e-03   2.14257947e-14  -1.44826898e-14   7.89526218e-15
  4.37600000e-05   7.27801231e-03   5.96695909e-03  -9.01914701e-03   2.14302953e-14  -1.33148775e-14   8.48424171e-15
  4.38400000e-05   7.06477454e-03   5.82694125e-03  -8.90178558e-03   2.13896478e-14  -1.21724484e-14   9.00773187e-15
  4.39200000e-05   6.85938805e-03   5.69175868e-03  -8.78730082e-03   2.13049939e-14  -1.10560895e-14   9.46941834e-15
  4.40000000e-05   6.66089113e-03   5.56764738e-03  -8.67961073e-03   2.11900553e-14  -9.97317603e-15   9.86421240e-15
  4.40800000e-05   6.47399959e-03   5.45056438e-03  -8.57364759e-03   2.10362854e-14  -8.91826871e-15   1.02149411e-14
  4.41600000e-05   6.29240679e-03   5.33619690e-03  -8.47287371e-03   2.08563629e-14  -7.89698447e-15   1.05155415e-14
  4.42400000e-05   6.11301265e-03   5.22529769e-03  -8.37866948e-03   2.06578932e-14  -6.91206352e-15   1.07611803e-14
  4.43200000e-05   5.94698425e-03   5.12354204e-03  -8.28756891e-03   2.04336031e-14  -5.95767802e-15   1.09795651e-14
  4.44000000e-05   5.78479516e-03   5.02492774e-03  -8.19865097e-03   2.01848801e-14  -5.03514463e-15   1.11560010e-14
  4.44800000e-05   5.62854826e-03   4.92993082e-03  -8.11521968e-03   1.99230704e-14  -4.14687592e-15   1.12990350e-14
  4.45600000e-05   5.47854939e-03   4.83940083e-03  -8.03595128e-03   1.96467369e-14  -3.29079716e-15   1.14124798e-14
  4.46400000e-05   5.32870330e-03   4.74736825e-03  -7.96199238e-03   1.93635053e-14  -2.46944564e-15   1.14869498e-14
  4.47200000e-05   5.18745182e-03   4.66173557e-03  -7.89157838e-03   1.90676134e-14  -1.67748442e-15   1.15429807e-14
  4.48000000e-05   5.05236410e-03   4.58108033e-03  -7.82600258e-03   1.87646061e-14  -9.15540357e-16   1.15782556e-14
  4.48800000e-05   4.92189843e-03   4.50248961e-03  -7.76158859e-03   1.84474516e-14  -1.81684223e-16   1.15927881e-14
  4.49600000e-05   4.79370192e-03   4.42322357e-03  -7.70578101e-03   1.81394208e-14   5.20935941e-16   1.15834063e-14
  4.50400000e-05   4.66993919e-03   4.34656641e-03  -7.65192755e-03   1.78221255e-14   1.19720835e-15   1.15568250e-14
  4.51200000e-05   4.55082528e-03   4.27476169e-03  -7.60354400e-03   1.75046489e-14   1.84756858e-15   1.15154873e-14
  4.52000000e-05   4.43557426e-03   4.20274935e-03  -7.55743968e-03   1.71826595e-14   2.47339361e-15   1.14602325e-14
  4.52800000e-05   4.32616926e-03   4.13654445e-03  -7.51558872e-03   1.68578511e-14   3.07700409e-15   1.13973881e-14
  4.53600000e-05   4.22293987e-03   4.07331559e-03  -7.47604945e-03   1.65274806e-14   3.66029381e-15   1.13300600e-14
  4.54400000e-05   4.12311785e-03   4.01236638e-03  -7.44195144e-03   1.62008376e-14   4.22244538e-15   1.12524196e-14
  4.55200000e-05   4.02663707e-03   3.95352251e-03  -7.41227249e-03   1.58757824e-14   4.76481935e-15   1.11657841e-14
  4.56000000e-05   3.93303058e-03   3.89657127e-03  -7.38529538e-03   1.55483434e-14   5.28798987e-15   1.10702599e-14
  4.56800000e-05   3.84379758e-03   3.84155078e-03  -7.36389302e-03   1.52261452e-14   5.79516273e-15   1.09709133e-14
  4.57600000e-05   3.75781720e-03   3.78763399e-03  -7.34482478e-03   1.49018469e-14   6.28585961e-15   1.08657394e-14
  4.58400000e-05   3.67085220e-03   3.73293046e-03  -7.33064841e-03   1.45842973e-14   6.75743626e-15   1.07441845e-14
  4.59200000e-05   3.58799844e-03   3.67831872e-03  -7.32090891e-03   1.42717182e-14   7.21620246e-15   1.06203200e-14
  4.60000000e-05   3.50788747e-03   3.62575178e-03  -7.31658880e-03   1.39643246e-14   7.66258864e-15   1.04923108e-14
  4.60800000e-05   3.42836612e-03   3.57299361e-03  -7.31774885e-03   1.36645886e-14   8.09548732e-15   1.03545965e-14
  4.61600000e-05   3.35634501e-03   3.52853387e-03  -7.31950999e-03   1.33498227e-14   8.52137431e-15   1.02294510e-14
  4.62400000e-05   3.28728408e-03   3.48599709e-03  -7.32630076e-03   1.30379175e-14   8.93846991e-15   1.01031641e-14
  4.63200000e-05   3.21871798e-03   3.44197907e-03  -7.33532424e-03   1.27262879e-14   9.34273344e-15   9.96817895e-15
  4.64000000e-05   3.15316389e-03   3.40127966e-03  -7.34730256e-03   1.24102232e-14   9.73841497e-15   9.83415883e-15
  4.64800000e-05   3.09115108e-03   3.36318054e-03  -7.36360006e-03   1.20932232e-14   1.01281020e-14   9.70240301e-15
  4.65600000e-05   3.03031543e-03   3.32591637e-03  -7.38496435e-03   1.17788001e-14   1.05101241e-14   9.56663706e-15
  4.66400000e-05   2.96858252e-03   3.28758608e-03  -7.41096181e-03   1.14683500e-14   1.08819800e-14   9.42120482e-15
  4.67200000e-05   2.90931993e-03   3.25036544e-03  -7.44126221e-03   1.11573840e-14   1.12488533e-14   9.27574942e-15
  4.68000000e-05   2.85006410e-03   3.21050927e-03  -7.47691432e-03   1.08533365e-14   1.16088492e-14   9.12181414e-15
  4.68800000e-05   2.79013567e-03   3.16965894e-03  -7.51547575e-03   1.05482218e-14   1.19591044e-14   8.95981229e-15
  4.69600000e-05   2.73630253e-03   3.13734339e-03  -7.55900492e-03   1.02304500e-14   1.23127721e-14   8.81372627e-15
  4.70400000e-05   2.68634826e-03   3.10818633e-03  -7.60391379e-03   9.89985800e-15   1.26631417e-14   8.67367414e-15
  4.71200000e-05   2.64113083e-03   3.08129256e-03  -7.65468700e-03   9.56566125e-15   1.30170749e-14   8.54033337e-15
  4.72000000e-05   2.59672940e-03   3.05076994e-03  -7.70912471e-03   9.23254435e-15   1.33661888e-14   8.39934348e-15
  4.72800000e-05   2.55418328e-03   3.02710472e-03  -7.76722809e-03   8.88196991e-15   1.37124718e-14   8.26488759e-15
  4.73600000e-05   2.50657182e-03   2.99783547e-03  -7.82960173e-03   8.53573594e-15   1.40445329e-14   8.11007202e-15
  4.74400000e-05   2.46639629e-03   2.97415101e-03  -7.89693106e-03   8.17462854e-15   1.43851832e-14   7.97089149e-15
  4.75200000e-05   2.42772494e-03   2.94990432e-03  -7.96884807e-03   7.80745016e-15   1.47239536e-14   7.82906077e-15
  4.76000000e-05   2.38691962e-03   2.92548073e-03  -8.04375583e-03   7.43030961e-15   1.50520718e-14   7.67926066e-15
  4.76800000e-05   2.35152959e-03   2.90886471e-03  -8.12117683e-03   7.02650372e-15   1.53823057e-14   7.54423636e-15
  4.77600000e-05   2.31810229e-03   2.89179905e-03  -8.20475041e-03   6.61574304e-15   1.57129126e-14   7.40723993e-15
  4.78400000e-05   2.28300213e-03   2.87270316e-03  -8.29225604e-03   6.19666691e-15   1.60337736e-14   7.26066289e-15
  4.79200000e-05   2.25260603e-03   2.86287446e-03  -8.38137256e-03   5.74328229e-15   1.63533335e-14   7.12948775e-15
  4.80000000e-05   2.22359371e-03   2.85185616e-03  -8.47439897e-03   5.27799681e-15   1.66676293e-14   6.99398292e-15
  4.80800000e-05   2.19485588e-03   2.84174903e-03  -8.57159068e-03   4.79610485e-15   1.69742669e-14   6.85559630e-15
  4.81600000e-05   2.16528664e-03   2.83384811e-03  -8.67028051e-03   4.29098012e-15   1.72660557e-14   6.71495936e-15
  4.82400000e-05   2.13785120e-03   2.82835306e-03  -8.77489829e-03   3.76665204e-15   1.75546981e-14   6.57596518e-15
  4.83200000e-05   2.11849596e-03   2.82878751e-03  -8.88251553e-03   3.21095104e-15   1.78472499e-14   6.44957662e-15
  4.84000000e-05   2.09540947e-03   2.82751766e-03  -8.99217800e-03   2.63790839e-15   1.81164506e-14   6.31127209e-15
  4.84800000e-05   2.07718672e-03   2.83300553e-03  -9.10319587e-03   2.02865982e-15   1.83778015e-14   6.18225943e-15
  4.85600000e-05   2.06262514e-03   2.84385002e-03  -9.21529519e-03   1.38520209e-15   1.86266996e-14   6.05826417e-15
  4.86400000e-05   2.05303763e-03   2.86386514e-03  -9.32872330e-03   6.99009338e-16   1.88647980e-14   5.94522188e-15
  4.87200000e-05   2.04174221e-03   2.88260746e-03  -9.44297850e-03  -7.78555686e-18   1.90747129e-14   5.82115205e-15
  4.88000000e-05   2.03633360e-03   2.90759276e-03  -9.56231127e-03  -7.49345281e-16   1.92777890e-14   5.70218239e-15
  4.88800000e-05   2.03484630e-03   2.93956878e-03  -9.67490404e-03  -1.53460937e-15   1.94495869e-14   5.58669150e-15
  4.89600000e-05   2.03571798e-03   2.97582817e-03  -9.79005408e-03  -2.35116454e-15   1.95987642e-14   5.46843216e-15
  4.90400000e-05   2.03495626e-03   3.01188402e-03  -9.90685415e-03  -3.18903083e-15   1.97125678e-14   5.33796389e-15
  4.91200000e-05   2.04230326e-03   3.05658732e-03  -1.00163429e-02  -4.07052393e-15   1.97976099e-14   5.21147085e-15
  4.92000000e-05   2.05008579e-03   3.10844704e-03  -1.01264256e-02  -4.98819463e-15   1.98459333e-14   5.08212944e-15
  4.92800000e-05   2.05652167e-03   3.16146899e-03  -1.02270690e-02  -5.92784951e-15   1.98363014e-14   4.93993933e-15
  4.93600000e-05   2.07213014e-03   3.22157134e-03  -1.03271179e-02  -6.89909437e-15   1.98046895e-14   4.79382526e-15
  4.94400000e-05   2.08873727e-03   3.28716525e-03  -1.04229750e-02  -7.89680013e-15   1.97247057e-14   4.63821760e-15
  4.95200000e-05   2.10687865e-03   3.35806288e-03  -1.05092414e-02  -8.91723149e-15   1.95883361e-14   4.47143025e-15
  4.96000000e-05   2.13130241e-03   3.44003950e-03  -1.05855009e-02  -9.96975841e-15   1.94053791e-14   4.29896526e-15
  4.96800000e-05   2.15624362e-03   3.52621863e-03  -1.06557103e-02  -1.10342914e-14   1.91663865e-14   4.10974469e-15
  4.97600000e-05   2.18776222e-03   3.62368694e-03  -1.07113940e-02  -1.21219460e-14   1.88745346e-14   3.90943226e-15
  4.98400000e-05   2.22314977e-03   3.72530608e-03  -1.07554883e-02  -1.32104584e-14   1.85275978e-14   3.68668943e-15
  4.99200000e-05   2.25978982e-03   3.83231272e-03  -1.07789362e-02  -1.42931588e-14   1.81097399e-14   3.44214412e-15
  5.00000000e-05   2.29886555e-03   3.94367703e-03  -1.07894243e-02  -1.53642782e-14   1.76352222e-14   3.17229258e-15
  5.00800000e-05   2.34334218e-03   4.06312363e-03  -1.07805236e-02  -1.64236269e-14   1.71073599e-14   2.87770259e-15
  5.01600000e-05   2.39011316e-03   4.19017909e-03  -1.07522730e-02  -1.74636614e-14   1.65222145e-14   2.55675343e-15
  5.02400000e-05   2.44155373e-03   4.32166447e-03  -1.07050402e-02  -1.84697804e-14   1.58913153e-14   2.20288488e-15
  5.03200000e-05   2.48989693e-03   4.45650805e-03  -1.06263279e-02  -1.94233611e-14   1.51901783e-14   1.81934765e-15
  5.04000000e-05   2.54398869e-03   4.59464459e-03  -1.05314207e-02  -2.03288305e-14   1.44622180e-14   1.39890310e-15
  5.04800000e-05   2.59224957e-03   4.72957752e-03  -1.03974801e-02  -2.11445862e-14   1.36693571e-14   9.46213850e-16
  5.05600000e-05   2.64341248e-03   4.86275920e-03  -1.02423271e-02  -2.18828061e-14   1.28574129e-14   4.56656008e-16
  5.06400000e-05   2.69483306e-03   4.99495845e-03  -1.00566136e-02  -2.25325918e-14   1.20240078e-14  -6.58426405e-17
  5.07200000e-05   2.74397101e-03   5.12313818e-03  -9.84660230e-03  -2.30873947e-14   1.11779610e-14  -6.17969792e-16
  5.08000000e-05   2.79348436e-03   5.24809817e-03  -9.60503378e-03  -2.35390437e-14   1.03341829e-14  -1.19949024e-15
  5.08800000e-05   2.83626344e-03   5.35716765e-03  -9.32783336e-03  -2.38479205e-14   9.48718107e-15  -1.80262284e-15
  5.09600000e-05   2.87704886e-03   5.46100395e-03  -9.02957233e-03  -2.40556488e-14   8.66625591e-15  -2.42346130e-15
  5.10400000e-05   2.91192860e-03   5.55179620e-03  -8.70121221e-03  -2.41326367e-14   7.87091118e-15  -3.05415148e-15
  5.11200000e-05   2.94220328e-03   5.62476844e-03  -8.34954961e-03  -2.40757980e-14   7.11722491e-15  -3.68919896e-15
  5.12000000e-05   2.96901468e-03   5.69293371e-03  -7.97622818e-03  -2.39223508e-14   6.41796734e-15  -4.32394200e-15
  5.12800000e-05   2.98187723e-03   5.73078248e-03  -7.58133335e-03  -2.36118213e-14   5.75653113e-15  -4.93555986e-15
  5.13600000e-05   2.99444629e-03   5.75750096e-03  -7.17169426e-03  -2.32051265e-14   5.17289622e-15  -5.53614649e-15
  5.14400000e-05   2.99512766e-03   5.76195469e-03  -6.74349045e-03  -2.26748678e-14   4.64598196e-15  -6.10131896e-15
  5.15200000e-05   2.99161045e-03   5.75124604e-03  -6.30847657e-03  -2.20588690e-14   4.19491891e-15  -6.63639340e-15
  5.16000000e-05   2.98116943e-03   5.72528003e-03  -5.86554557e-03  -2.13611443e-14   3.81559534e-15  -7.13247184e-15
  5.16800000e-05   2.96657695e-03   5.68223102e-03  -5.42079601e-03  -2.05910272e-14   3.51186944e-15  -7.58737521e-15
  5.17600000e-05   2.93961688e-03   5.61550964e-03  -4.96822114e-03  -1.97308536e-14   3.26804890e-15  -7.98060090e-15
  5.18400000e-05   2.91138792e-03   5.54066180e-03  -4.52306431e-03  -1.88427593e-14   3.09782282e-15  -8.33386191e-15
  5.19200000e-05   2.87567627e-03   5.45057854e-03  -4.07942160e-03  -1.79070071e-14   2.98750139e-15  -8.63140606e-15
  5.20000000e-05   2.83684904e-03   5.34790054e-03  -3.64214333e-03  -1.69407052e-14   2.93939898e-15  -8.87900524e-15
  5.20800000e-05   2.79349113e-03   5.24122771e-03  -3.21208003e-03  -1.59678172e-14   2.94471232e-15  -9.08198046e-15
  5.21600000e-05   2.74678282e-03   5.11824530e-03  -2.79014476e-03  -1.49655363e-14   3.00012364e-15  -9.22952448e-15
  5.22400000e-05   2.69897760e-03   4.99050712e-03  -2.38389383e-03  -1.39725363e-14   3.09687396e-15  -9.33623416e-15
  5.23200000e-05   2.65058956e-03   4.85979236e-03  -1.98406866e-03  -1.29813019e-14   3.23999194e-15  -9.40613376e-15
  5.24000000e-05   2.59642187e-03   4.71993346e-03  -1.59910829e-03  -1.19923591e-14   3.40356279e-15  -9.42564914e-15
  5.24800000e-05   2.54462030e-03   4.58123137e-03  -1.22675732e-03  -1.10250042e-14   3.60133418e-15  -9.41987800e-15
  5.25600000e-05   2.49352806e-03   4.44043099e-03  -8.69401880e-04  -1.00764370e-14   3.82101922e-15  -9.38450506e-15
  5.26400000e-05   2.43881891e-03   4.29819223e-03  -5.24489699e-04  -9.14472487e-15   4.05202078e-15  -9.31565238e-15
  5.27200000e-05   2.03248367e-03   3.43065511e-03  -1.93825574e-04  -6.85093969e-15   3.62344626e-15  -7.70604496e-15
  5.28000000e-05   6.88081846e-04   5.50293549e-04  -1.38795910e-04  -1.25109015e-15   1.11289698e-15  -1.78991150e-15
  5.28800000e-05   1.78535027e-04  -5.44604904e-04  -4.97611666e-04   2.86242511e-16  -3.46551545e-16   4.81978222e-16
  5.29600000e-05   2.54532521e-04  -4.19674384e-04  -8.27405950e-04  -4.43074620e-16  -6.56363815e-16   1.96617126e-16
  5.30400000e-05   3.26186446e-04  -2.87889789e-04  -1.15093689e-03  -1.17404061e-15  -9.69460236e-16  -9.02381640e-17
  5.31200000e-05   3.95216116e-04  -1.60218565e-04  -1.46196216e-03  -1.87502355e-15  -1.27661106e-15  -3.66974431e-16
  5.32000000e-05   4.59800314e-04  -4.66760674e-05  -1.78644472e-03  -2.56413514e-15  -1.61991954e-15  -6.17639413e-16
  5.32800000e-05   5.27418495e-04   6.76445116e-05  -2.08508918e-03  -3.20973251e-15  -1.93290366e-15  -8.74601734e-16
  5.33600000e-05   5.83299524e-04   1.68383577e-04  -2.38884628e-03  -3.82928151e-15  -2.28859408e-15  -1.09633666e-15
  5.34400000e-05   6.32292035e-04   2.54752222e-04  -2.68615391e-03  -4.40286478e-15  -2.66307102e-15  -1.28895056e-15
  5.35200000e-05   6.77959292e-04   3.42502704e-04  -2.96174418e-03  -4.93662661e-15  -3.02898314e-15  -1.48029895e-15
  5.36000000e-05   7.15094116e-04   4.14763335e-04  -3.22730246e-03  -5.41487308e-15  -3.41353469e-15  -1.63850553e-15
  5.36800000e-05   7.44921108e-04   4.77340316e-04  -3.47762598e-03  -5.84055268e-15  -3.80623299e-15  -1.77351431e-15
  5.37600000e-05   7.70279163e-04   5.33187509e-04  -3.72736364e-03  -6.23927186e-15  -4.22364144e-15  -1.89355658e-15
  5.38400000e-05   7.89235344e-04   5.76278270e-04  -3.96243372e-03  -6.57873047e-15  -4.64827619e-15  -1.98637195e-15
  5.39200000e-05   8.00518384e-04   6.11189488e-04  -4.22479350e-03  -6.92413391e-15  -5.14752142e-15  -2.05667034e-15
  5.40000000e-05   7.97938422e-04   6.28343042e-04  -4.43812446e-03  -7.15222807e-15  -5.61264858e-15  -2.08054243e-15
  5.40800000e-05   7.94090717e-04   6.39308352e-04  -4.66761524e-03  -7.37292196e-15  -6.12173432e-15  -2.09281277e-15
  5.41600000e-05   7.80554643e-04   6.48255450e-04  -4.87070452e-03  -7.53512243e-15  -6.62148801e-15  -2.08881291e-15
  5.42400000e-05   7.56563585e-04   6.41611772e-04  -5.08530033e-03  -7.66378634e-15  -7.17349744e-15  -2.04525621e-15
  5.43200000e-05   7.28081088e-04   6.31561196e-04  -5.28479789e-03  -7.74502476e-15  -7.72190856e-15  -1.98983274e-15
  5.44000000e-05   7.02808322e-04   6.12295978e-04  -5.44200181e-03  -7.73674048e-15  -8.20269819e-15  -1.92207299e-15
  5.44800000e-05   6.63889631e-04   5.88623858e-04  -5.63094980e-03  -7.73709066e-15  -8.77309523e-15  -1.82928774e-15
  5.45600000e-05   6.23670340e-04   5.54456006e-04  -5.75596013e-03  -7.62122061e-15  -9.24024963e-15  -1.71586337e-15
  5.46400000e-05   5.73163427e-04   5.17588513e-04  -5.95205979e-03  -7.56120857e-15  -9.85938180e-15  -1.58548659e-15
  5.47200000e-05   5.19716252e-04   4.72527282e-04  -6.11992112e-03  -7.42825464e-15  -1.04396577e-14  -1.43688253e-15
  5.48000000e-05   4.64521555e-04   4.33323979e-04  -6.19701962e-03  -7.18653872e-15  -1.08566634e-14  -1.29784239e-15
  5.48800000e-05   4.12190171e-04   3.88765479e-04  -6.36044652e-03  -7.00432569e-15  -1.14315897e-14  -1.15264260e-15
  5.49600000e-05   3.52159644e-04   3.43897095e-04  -6.45149886e-03  -6.72572574e-15  -1.18827618e-14  -1.00053903e-15
  5.50400000e-05   2.90969997e-04   2.96040858e-04  -6.56935361e-03  -6.44611924e-15  -1.23858940e-14  -8.43668695e-16
  5.51200000e-05   2.36698906e-04   2.36888142e-04  -6.82166507e-03  -6.23628243e-15  -1.31424930e-14  -6.72771521e-16
  5.52000000e-05   1.73712384e-04   1.88789303e-04  -6.78266119e-03  -5.77414733e-15  -1.33316541e-14  -5.18957749e-16
  5.52800000e-05   1.17363074e-04   1.42772368e-04  -6.84458516e-03  -5.38845611e-15  -1.37012808e-14  -3.78192398e-16
  5.53600000e-05   6.73211207e-05   1.00672816e-04  -6.93032067e-03  -5.01022460e-15  -1.41009110e-14  -2.53505205e-16
  5.54400000e-05   8.32703143e-06   5.46838484e-05  -6.97200983e-03  -4.58042166e-15  -1.44166564e-14  -1.18545382e-16
  5.55200000e-05  -3.11390805e-05   1.90735109e-05  -7.03525279e-03  -4.16573722e-15  -1.47344143e-14  -2.15087913e-17
  5.56000000e-05  -6.93465154e-05  -1.28073332e-05  -7.07651055e-03  -3.73179896e-15  -1.49941176e-14   6.37068101e-17
  5.56800000e-05  -9.55825918e-05  -4.21938735e-05  -7.19517623e-03  -3.32578440e-15  -1.53863589e-14   1.34409101e-16
  5.57600000e-05  -1.23936904e-04  -6.02427686e-05  -7.31284181e-03  -2.91325790e-15  -1.57722505e-14   1.79304330e-16
  5.58400000e-05  -1.37589120e-04  -7.75307029e-05  -7.25832408e-03  -2.42158551e-15  -1.57544121e-14   2.14186421e-16
  5.59200000e-05  -1.43259190e-04  -8.69449652e-05  -7.34797135e-03  -1.98815124e-15  -1.60182586e-14   2.28298096e-16
  5.60000000e-05  -1.37512838e-04  -8.64591513e-05  -7.39977666e-03  -1.54779996e-15  -1.61695885e-14   2.17689173e-16
  5.60800000e-05  -1.22402110e-04  -8.31467934e-05  -7.36849751e-03  -1.09040729e-15  -1.61130933e-14   1.99934952e-16
  5.61600000e-05  -9.68624970e-05  -6.49574964e-05  -7.40917350e-03  -6.70519482e-16  -1.61813738e-14   1.50630798e-16
  5.62400000e-05  -5.05397425e-05  -3.79014884e-05  -7.40232558e-03  -2.58496844e-16  -1.60988653e-14   8.41945295e-17
  5.63200000e-05   3.30435729e-07   2.27339720e-07  -7.49829524e-03   1.34700193e-16  -1.62192997e-14  -4.85814600e-19
  5.64000000e-05   6.69047371e-05   4.57240803e-05  -7.56187824e-03   5.26037105e-16  -1.62308529e-14  -9.34882081e-17
  5.64800000e-05   1.50924511e-04   1.01494691e-04  -7.59157671e-03   9.01794321e-16  -1.61274610e-14  -1.97686049e-16
  5.65600000e-05   2.41262330e-04   1.67748545e-04  -7.57435161e-03   1.25048098e-15  -1.59012867e-14  -3.12333500e-16
  5.66400000e-05   3.53879770e-04   2.39859758e-04  -7.55425681e-03   1.57422373e-15  -1.56211538e-14  -4.22252026e-16
  5.67200000e-05   4.78522568e-04   3.25685789e-04  -7.67458915e-03   1.91699251e-15  -1.56116788e-14  -5.42983823e-16
  5.68000000e-05   6.13400345e-04   4.17929345e-04  -7.68832123e-03   2.21548275e-15  -1.53467162e-14  -6.57473198e-16
  5.68800000e-05   7.74663713e-04   5.24755565e-04  -7.71777487e-03   2.49236223e-15  -1.50611610e-14  -7.73886977e-16
  5.69600000e-05   9.38350742e-04   6.38100361e-04  -7.68274014e-03   2.71888538e-15  -1.46281460e-14  -8.82882542e-16
  5.70400000e-05   1.12539170e-03   7.72459046e-04  -7.71141033e-03   2.93016174e-15  -1.42845028e-14  -1.00326832e-15
  5.71200000e-05   1.32793691e-03   9.07684413e-04  -7.75889424e-03   3.14534673e-15  -1.39484864e-14  -1.09345500e-15
  5.72000000e-05   1.53366932e-03   1.05147457e-03  -7.82601141e-03   3.35591831e-15  -1.36424886e-14  -1.17529357e-15
  5.72800000e-05   1.75883698e-03   1.20812011e-03  -7.81217133e-03   3.48285915e-15  -1.31313654e-14  -1.24657855e-15
  5.73600000e-05   1.99984527e-03   1.37374838e-03  -7.83611909e-03   3.60773125e-15  -1.26703428e-14  -1.30051094e-15
  5.74400000e-05   2.25535183e-03   1.55058834e-03  -7.82508112e-03   3.67608070e-15  -1.21116055e-14  -1.34046649e-15
  5.75200000e-05   2.51557410e-03   1.73766916e-03  -7.88810268e-03   3.77621103e-15  -1.16958448e-14  -1.37221465e-15
  5.76000000e-05   2.80507415e-03   1.93952954e-03  -7.89114074e-03   3.79065886e-15  -1.11087904e-14  -1.38291134e-15
  5.76800000e-05   3.09803095e-03   2.14971892e-03  -7.91038182e-03   3.78961540e-15  -1.05516727e-14  -1.38334467e-15
  5.77600000e-05   3.41135888e-03   2.37089260e-03  -7.99362141e-03   3.82148802e-15  -1.00887806e-14  -1.36145404e-15
  5.78400000e-05   3.73919368e-03   2.60319872e-03  -8.02947424e-03   3.77871849e-15  -9.50903051e-15  -1.32319196e-15
  5.79200000e-05   4.08165162e-03   2.84783267e-03  -8.03126885e-03   3.66508623e-15  -8.84203319e-15  -1.27265393e-15
  5.80000000e-05   4.44660678e-03   3.10442066e-03  -8.11720179e-03   3.60548904e-15  -8.30569292e-15  -1.20142051e-15
  5.80800000e-05   4.82423296e-03   3.38478610e-03  -8.16817317e-03   3.45637178e-15  -7.68427747e-15  -1.14288627e-15
  5.81600000e-05   5.21570896e-03   3.66670475e-03  -8.18439530e-03   3.24896406e-15  -6.97920727e-15  -1.05628347e-15
  5.82400000e-05   5.62901312e-03   3.96389654e-03  -8.23068643e-03   3.03242580e-15  -6.30221101e-15  -9.61250055e-16
  5.83200000e-05   6.07170355e-03   4.28558056e-03  -8.29188445e-03   2.77338997e-15  -5.61260238e-15  -8.70014294e-16
  5.84000000e-05   6.53767571e-03   4.62224263e-03  -8.33843168e-03   2.45317974e-15  -4.86507696e-15  -7.73463497e-16
  5.84800000e-05   7.02049693e-03   4.97886978e-03  -8.35998593e-03   2.04537572e-15  -4.05529611e-15  -6.97517596e-16
  5.85600000e-05   7.54252711e-03   5.36422765e-03  -8.45849437e-03   1.66387951e-15  -3.33638075e-15  -6.32175102e-16
  5.86400000e-05   8.09380866e-03   5.76652848e-03  -8.50524829e-03   1.16648959e-15  -2.48703507e-15  -5.76140148e-16
  5.87200000e-05   8.67450237e-03   6.19550552e-03  -8.57489291e-03   6.28515333e-16  -1.64971497e-15  -5.56130616e-16
  5.88000000e-05   9.30833991e-03   6.66053796e-03  -8.65527543e-03   1.92493685e-17  -7.65910068e-16  -5.68692869e-16
  5.88800000e-05   9.99100702e-03   7.16083706e-03  -8.74731426e-03  -6.58621218e-16   1.51685946e-16  -6.28088886e-16
  5.89600000e-05   1.07617367e-02   7.73185026e-03  -8.84362610e-03  -1.47526896e-15   1.17263650e-15  -7.70024213e-16
  5.90400000e-05   1.15845883e-02   8.32526707e-03  -8.99477714e-03  -2.28453692e-15   2.13651913e-15  -9.64818482e-16
  5.91200000e-05   1.24599446e-02   8.98596912e-03  -9.08028613e-03  -3.31102688e-15   3.25575200e-15  -1.32144784e-15
  5.92000000e-05   1.34463763e-02   9.71441828e-03  -9.24073690e-03  -4.37465847e-15   4.34682882e-15  -1.79600295e-15
  5.92800000e-05   1.45466203e-02   1.05341426e-02  -9.38766976e-03  -5.61720482e-15   5.55730760e-15  -2.46811782e-15
  5.93600000e-05   1.58126337e-02   1.14710086e-02  -9.57326269e-03  -7.00619678e-15   6.83996933e-15  -3.37659974e-15
  5.94400000e-05   1.72473453e-02   1.25441444e-02  -9.75338484e-03  -8.60577143e-15   8.23812833e-15  -4.62264547e-15
  5.95200000e-05   1.89702871e-02   1.38175381e-02  -9.96675241e-03  -1.04398702e-14   9.79964307e-15  -6.28493524e-15
  5.96000000e-05   2.09111688e-02   1.52607470e-02  -1.02044866e-02  -1.24197737e-14   1.13344829e-14  -8.50011480e-15
  5.96800000e-05   2.33985899e-02   1.71025859e-02  -1.04397978e-02  -1.48396700e-14   1.32541872e-14  -1.15468212e-14
  5.97600000e-05   2.62248188e-02   1.91986383e-02  -1.07359765e-02  -1.72671718e-14   1.48763530e-14  -1.55759219e-14
  5.98400000e-05   2.97103611e-02   2.17906026e-02  -1.10887492e-02  -1.98263441e-14   1.63197353e-14  -2.10511548e-14
  5.99200000e-05   3.44794720e-02   2.53241185e-02  -1.13924053e-02  -2.27756038e-14   1.80431182e-14  -2.88231257e-14
  6.00000000e-05   4.04947053e-02   2.97855690e-02  -1.21537505e-02  -2.48323142e-14   1.76709966e-14  -3.94311664e-14
  6.00800000e-05   5.03169459e-02   3.70620844e-02  -1.26284499e-02  -2.70549578e-14   1.75969202e-14  -5.61545013e-14
  6.01600000e-05   6.23602046e-02   4.60144547e-02  -1.52744856e-02  -2.30269780e-14   5.64904306e-15  -7.69930620e-14
  6.02400000e-05   8.76911314e-02   6.48204800e-02  -2.09778128e-02  -9.22041613e-15  -2.36309919e-14  -1.11561724e-13
  6.03200000e-05   1.49685210e-01   1.11044237e-01  -5.89376948e-02   6.98566765e-14  -1.69191007e-13  -1.41355631e-13
  6.04000000e-05   2.02061040e-01   1.50812310e-01  -1.83558524e-01   4.27261152e-13  -3.69282116e-13   1.66925203e-13
