       time             b_x              b_y              b_z              F_x              F_y              F_z
  0.00000000e+00   6.66859802e-05   6.19850961e-05  -2.22985411e-03   2.85998636e-15   2.98266153e-15   1.68442211e-16
  8.00000000e-08   9.44124104e-05   8.78104255e-05  -2.20524942e-03   2.82788394e-15   2.94746736e-15   2.38433665e-16
  1.60000000e-07   1.21083891e-04   1.12942699e-04  -2.18235232e-03   2.79802289e-15   2.91489951e-15   3.06097283e-16
  2.40000000e-07   1.47505499e-04   1.37457471e-04  -2.15969546e-03   2.76858053e-15   2.88225208e-15   3.72537679e-16
  3.20000000e-07   1.71948801e-04   1.60404353e-04  -2.13789963e-03   2.73939228e-15   2.85202917e-15   4.34310900e-16
  4.00000000e-07   1.96104370e-04   1.84305720e-04  -2.11711187e-03   2.71289950e-15   2.82293250e-15   4.97042254e-16
  4.80000000e-07   2.18161245e-04   2.05790035e-04  -2.09703497e-03   2.68556810e-15   2.79627589e-15   5.53797439e-16
  5.60000000e-07   2.40933478e-04   2.27706786e-04  -2.07911216e-03   2.66168012e-15   2.77158111e-15   6.11989914e-16
  6.40000000e-07   2.63998000e-04   2.49812898e-04  -2.06167216e-03   2.63894240e-15   2.74690892e-15   6.70760763e-16
  7.20000000e-07   2.81551346e-04   2.68724827e-04  -2.04520947e-03   2.61480908e-15   2.72833874e-15   7.18447372e-16
  8.00000000e-07   3.09209814e-04   2.94990838e-04  -2.02872121e-03   2.59767805e-15   2.70021195e-15   7.88558488e-16
  8.80000000e-07   3.22945132e-04   3.08979420e-04  -2.01376090e-03   2.57145841e-15   2.68667588e-15   8.24610078e-16
  9.60000000e-07   3.41899063e-04   3.28489725e-04  -1.99729801e-03   2.54884325e-15   2.66588208e-15   8.74762794e-16
  1.04000000e-06   3.54704236e-04   3.40453796e-04  -1.98033280e-03   2.51916734e-15   2.64951717e-15   9.06715028e-16
  1.12000000e-06   3.72929857e-04   3.59409057e-04  -1.96789994e-03   2.50109921e-15   2.63477010e-15   9.55178037e-16
  1.20000000e-06   3.87583924e-04   3.72585039e-04  -1.95159396e-03   2.47380672e-15   2.61708750e-15   9.90931212e-16
  1.28000000e-06   4.04704940e-04   3.89389848e-04  -1.93868191e-03   2.45372138e-15   2.60209957e-15   1.03485998e-15
  1.36000000e-06   4.20249449e-04   4.06135637e-04  -1.92617078e-03   2.43417850e-15   2.58893301e-15   1.07696584e-15
  1.44000000e-06   4.36343523e-04   4.23159233e-04  -1.91391913e-03   2.41530302e-15   2.57551676e-15   1.12008679e-15
  1.52000000e-06   4.52254349e-04   4.40364711e-04  -1.90258093e-03   2.39766902e-15   2.56352222e-15   1.16328348e-15
  1.60000000e-06   4.67172509e-04   4.56445471e-04  -1.89183913e-03   2.37975929e-15   2.55319930e-15   1.20367231e-15
  1.68000000e-06   4.79640266e-04   4.69107134e-04  -1.88217403e-03   2.36006028e-15   2.54657915e-15   1.23612288e-15
  1.76000000e-06   4.93496268e-04   4.83309025e-04  -1.87295373e-03   2.34220789e-15   2.53931534e-15   1.27239922e-15
  1.84000000e-06   5.01033471e-04   4.92315035e-04  -1.86373472e-03   2.31993134e-15   2.53735402e-15   1.29392920e-15
  1.92000000e-06   5.11708564e-04   5.04797783e-04  -1.85605653e-03   2.30221842e-15   2.53501173e-15   1.32416936e-15
  2.00000000e-06   5.20705577e-04   5.14962935e-04  -1.84731749e-03   2.28147964e-15   2.53226072e-15   1.34898284e-15
  2.08000000e-06   5.30852791e-04   5.26264027e-04  -1.83858970e-03   2.26174188e-15   2.52840635e-15   1.37674071e-15
  2.16000000e-06   5.42021624e-04   5.38271508e-04  -1.83097608e-03   2.24370371e-15   2.52539306e-15   1.40661754e-15
  2.24000000e-06   5.51585742e-04   5.49346772e-04  -1.82401365e-03   2.22549424e-15   2.52470025e-15   1.43337021e-15
  2.32000000e-06   5.59578219e-04   5.58626999e-04  -1.81763666e-03   2.20632054e-15   2.52617175e-15   1.45562461e-15
  2.40000000e-06   5.66527426e-04   5.66544752e-04  -1.81246964e-03   2.18714667e-15   2.53038923e-15   1.47459425e-15
  2.48000000e-06   5.72384601e-04   5.74956859e-04  -1.80654289e-03   2.16760012e-15   2.53412895e-15   1.49330291e-15
  2.56000000e-06   5.78766440e-04   5.81991867e-04  -1.79975894e-03   2.14609901e-15   2.53588520e-15   1.51017705e-15
  2.64000000e-06   5.83775607e-04   5.89355126e-04  -1.79522836e-03   2.12693083e-15   2.54237227e-15   1.52627405e-15
  2.72000000e-06   5.87278437e-04   5.95126144e-04  -1.79010242e-03   2.10588155e-15   2.54893097e-15   1.53827750e-15
  2.80000000e-06   5.90404643e-04   6.00437968e-04  -1.78604152e-03   2.08537831e-15   2.55744230e-15   1.54912552e-15
  2.88000000e-06   5.95205246e-04   6.06307549e-04  -1.78190767e-03   2.06518525e-15   2.56436907e-15   1.56237355e-15
  2.96000000e-06   5.98791603e-04   6.12788234e-04  -1.77797188e-03   2.04556953e-15   2.57246615e-15   1.57552933e-15
  3.04000000e-06   6.02162227e-04   6.17563442e-04  -1.77477518e-03   2.02519952e-15   2.58186740e-15   1.58553354e-15
  3.12000000e-06   6.04532474e-04   6.21417557e-04  -1.77300804e-03   2.00526519e-15   2.59437441e-15   1.59302026e-15
  3.20000000e-06   6.06116109e-04   6.24359200e-04  -1.76998648e-03   1.98346814e-15   2.60517612e-15   1.59819169e-15
  3.28000000e-06   6.06262565e-04   6.27516646e-04  -1.76766269e-03   1.96235313e-15   2.61811656e-15   1.60246238e-15
  3.36000000e-06   6.07109158e-04   6.30325450e-04  -1.76606441e-03   1.94148525e-15   2.63163558e-15   1.60666867e-15
  3.44000000e-06   6.07480206e-04   6.33649980e-04  -1.76424612e-03   1.92072755e-15   2.64497132e-15   1.61133413e-15
  3.52000000e-06   6.09023821e-04   6.37282637e-04  -1.76236773e-03   1.90003092e-15   2.65719649e-15   1.61745430e-15
  3.60000000e-06   6.10079527e-04   6.40215351e-04  -1.76087773e-03   1.87903770e-15   2.67031239e-15   1.62188287e-15
  3.68000000e-06   6.07615592e-04   6.39690173e-04  -1.75930777e-03   1.85537445e-15   2.68569007e-15   1.61732020e-15
  3.76000000e-06   6.06725495e-04   6.40364433e-04  -1.75913934e-03   1.83360404e-15   2.70222434e-15   1.61607590e-15
  3.84000000e-06   6.00510596e-04   6.37420865e-04  -1.75860993e-03   1.80887661e-15   2.72170483e-15   1.60417667e-15
  3.92000000e-06   5.94461514e-04   6.32748813e-04  -1.75845935e-03   1.78316903e-15   2.74146381e-15   1.58927946e-15
  4.00000000e-06   5.95356078e-04   6.36768611e-04  -1.75845071e-03   1.76358033e-15   2.75641504e-15   1.59524338e-15
  4.08000000e-06   5.94835912e-04   6.37028661e-04  -1.75780293e-03   1.74077913e-15   2.77100848e-15   1.59328996e-15
  4.16000000e-06   5.88983300e-04   6.33613993e-04  -1.75796414e-03   1.71595269e-15   2.79057993e-15   1.58070231e-15
  4.24000000e-06   5.85501457e-04   6.32523425e-04  -1.75904534e-03   1.69330364e-15   2.80995869e-15   1.57403359e-15
  4.32000000e-06   5.81229809e-04   6.31223910e-04  -1.75886232e-03   1.66949455e-15   2.82735526e-15   1.56638425e-15
  4.40000000e-06   5.76053505e-04   6.28670937e-04  -1.76042914e-03   1.64598124e-15   2.84833746e-15   1.55577988e-15
  4.48000000e-06   5.69573633e-04   6.25490261e-04  -1.76067742e-03   1.62103764e-15   2.86752184e-15   1.54310338e-15
  4.56000000e-06   5.68080378e-04   6.25475061e-04  -1.76409646e-03   1.60021672e-15   2.88905928e-15   1.53964724e-15
  4.64000000e-06   5.63086840e-04   6.22040599e-04  -1.76391391e-03   1.57460196e-15   2.90603267e-15   1.52746000e-15
  4.72000000e-06   5.54242046e-04   6.15632844e-04  -1.76434392e-03   1.54743131e-15   2.92635605e-15   1.50719616e-15
  4.80000000e-06   5.47247042e-04   6.10422195e-04  -1.76574873e-03   1.52162061e-15   2.94700027e-15   1.49036877e-15
  4.88000000e-06   5.40962769e-04   6.06441171e-04  -1.76607178e-03   1.49584048e-15   2.96489678e-15   1.47628738e-15
  4.96000000e-06   5.33780790e-04   6.01825914e-04  -1.76807659e-03   1.47063817e-15   2.98624651e-15   1.46045650e-15
  5.04000000e-06   5.28520807e-04   5.98429866e-04  -1.76798649e-03   1.44483107e-15   3.00218811e-15   1.44810061e-15
  5.12000000e-06   5.20486612e-04   5.91879603e-04  -1.77224582e-03   1.41960518e-15   3.02777584e-15   1.42811128e-15
  5.20000000e-06   5.14303136e-04   5.88345454e-04  -1.77569209e-03   1.39559912e-15   3.05047383e-15   1.41493755e-15
  5.28000000e-06   5.08838233e-04   5.84423295e-04  -1.77728967e-03   1.37014920e-15   3.06899317e-15   1.40144595e-15
  5.36000000e-06   4.99763637e-04   5.77531988e-04  -1.78059901e-03   1.34377706e-15   3.09269200e-15   1.38026555e-15
  5.44000000e-06   4.91406591e-04   5.71588292e-04  -1.78394101e-03   1.31786463e-15   3.11575038e-15   1.36133078e-15
  5.52000000e-06   4.83773778e-04   5.65476927e-04  -1.78640965e-03   1.29126729e-15   3.13644622e-15   1.34250799e-15
  5.60000000e-06   4.76703273e-04   5.60154407e-04  -1.78890300e-03   1.26503847e-15   3.15658031e-15   1.32551645e-15
  5.68000000e-06   4.68517103e-04   5.52998981e-04  -1.79123502e-03   1.23756066e-15   3.17679324e-15   1.30445292e-15
  5.76000000e-06   4.59893579e-04   5.45523506e-04  -1.79482215e-03   1.21044256e-15   3.19939032e-15   1.28258802e-15
  5.84000000e-06   4.51949105e-04   5.38446964e-04  -1.79635970e-03   1.18244417e-15   3.21735445e-15   1.26187384e-15
  5.92000000e-06   4.46424428e-04   5.34615780e-04  -1.79977580e-03   1.15710119e-15   3.23730602e-15   1.24864059e-15
  6.00000000e-06   4.32553938e-04   5.22277438e-04  -1.80406207e-03   1.12724218e-15   3.26339764e-15   1.21503137e-15
  6.08000000e-06   4.27676473e-04   5.19741867e-04  -1.80647601e-03   1.10188336e-15   3.28050877e-15   1.20470315e-15
  6.16000000e-06   4.19718718e-04   5.13713715e-04  -1.80891717e-03   1.07448084e-15   3.29914504e-15   1.18623219e-15
  6.24000000e-06   4.11997557e-04   5.07401585e-04  -1.81185489e-03   1.04703419e-15   3.31834818e-15   1.16737310e-15
  6.32000000e-06   4.06218902e-04   5.02245556e-04  -1.81589958e-03   1.02056245e-15   3.33840561e-15   1.15164471e-15
  6.40000000e-06   3.98793260e-04   4.95426267e-04  -1.81889016e-03   9.92609330e-16   3.35704972e-15   1.13201806e-15
  6.48000000e-06   3.91246326e-04   4.89515874e-04  -1.82222676e-03   9.65156929e-16   3.37617169e-15   1.11418830e-15
  6.56000000e-06   3.82010549e-04   4.81594002e-04  -1.82628186e-03   9.36769919e-16   3.39734026e-15   1.09183293e-15
  6.64000000e-06   3.73227463e-04   4.72035214e-04  -1.82765910e-03   9.06435562e-16   3.41270623e-15   1.06651408e-15
  6.72000000e-06   3.65152126e-04   4.67100217e-04  -1.83108415e-03   8.79183327e-16   3.43143980e-15   1.05066823e-15
  6.80000000e-06   3.56109011e-04   4.58343386e-04  -1.83352803e-03   8.49484780e-16   3.44847163e-15   1.02703276e-15
  6.88000000e-06   3.50606760e-04   4.53395204e-04  -1.83458917e-03   8.21222007e-16   3.46065496e-15   1.01219956e-15
  6.96000000e-06   3.45683820e-04   4.48778911e-04  -1.83800263e-03   7.93785080e-16   3.47697100e-15   9.98252064e-16
  7.04000000e-06   3.40347145e-04   4.45199520e-04  -1.84151304e-03   7.66771862e-16   3.49345575e-15   9.86283234e-16
  7.12000000e-06   3.37493813e-04   4.43879153e-04  -1.84343418e-03   7.40276112e-16   3.50531376e-15   9.79570807e-16
  7.20000000e-06   3.26246014e-04   4.34572302e-04  -1.84569663e-03   7.09789494e-16   3.52179725e-15   9.54675598e-16
  7.28000000e-06   3.23759665e-04   4.33902468e-04  -1.84696749e-03   6.83256855e-16   3.53168422e-15   9.49457702e-16
  7.36000000e-06   3.16860337e-04   4.27716213e-04  -1.84958794e-03   6.54244256e-16   3.54621167e-15   9.32140745e-16
  7.44000000e-06   3.09254562e-04   4.22765375e-04  -1.85111956e-03   6.25491080e-16   3.55863619e-15   9.17230939e-16
  7.52000000e-06   3.02454115e-04   4.16849444e-04  -1.85220847e-03   5.96113250e-16   3.56951618e-15   9.00680332e-16
  7.60000000e-06   3.00196194e-04   4.13592026e-04  -1.85384907e-03   5.68080595e-16   3.57906412e-15   8.90475951e-16
  7.68000000e-06   2.94814923e-04   4.09784540e-04  -1.85534453e-03   5.39687771e-16   3.58958813e-15   8.78578456e-16
  7.76000000e-06   2.91229182e-04   4.07925697e-04  -1.85558835e-03   5.11936475e-16   3.59649791e-15   8.70987770e-16
  7.84000000e-06   2.86628077e-04   4.04495445e-04  -1.85660447e-03   4.83532802e-16   3.60521014e-15   8.60110588e-16
  7.92000000e-06   2.82363890e-04   4.02255240e-04  -1.85653866e-03   4.55487783e-16   3.61134830e-15   8.51744762e-16
  8.00000000e-06   2.75995501e-04   3.98512014e-04  -1.85741942e-03   4.26850260e-16   3.62012771e-15   8.40129657e-16
  8.08000000e-06   2.75675663e-04   3.99226375e-04  -1.85703103e-03   4.00076400e-16   3.62331613e-15   8.38335314e-16
  8.16000000e-06   2.72598467e-04   3.98248428e-04  -1.85676607e-03   3.72511345e-16   3.62780814e-15   8.32800068e-16
  8.24000000e-06   2.70319803e-04   4.00677691e-04  -1.85753263e-03   3.46582247e-16   3.63381054e-15   8.34265215e-16
  8.32000000e-06   2.70985763e-04   4.01846616e-04  -1.85627112e-03   3.19870552e-16   3.63419336e-15   8.33428183e-16
  8.40000000e-06   2.69941648e-04   4.05106175e-04  -1.85556336e-03   2.94147927e-16   3.63627744e-15   8.36663008e-16
  8.48000000e-06   2.68625683e-04   4.03882305e-04  -1.85357321e-03   2.66368705e-16   3.63568839e-15   8.30797337e-16
  8.56000000e-06   2.70026142e-04   4.10648542e-04  -1.85124588e-03   2.42162311e-16   3.63304303e-15   8.41214014e-16
  8.64000000e-06   2.69389503e-04   4.16689663e-04  -1.85009830e-03   2.17695493e-16   3.63349013e-15   8.50053567e-16
  8.72000000e-06   2.67317872e-04   4.16668110e-04  -1.84712081e-03   1.90569614e-16   3.63067557e-15   8.46576673e-16
  8.80000000e-06   2.68763565e-04   4.20356685e-04  -1.84395910e-03   1.65152655e-16   3.62576774e-15   8.50616872e-16
  8.88000000e-06   2.68983459e-04   4.28163929e-04  -1.84133377e-03   1.41543039e-16   3.62233283e-15   8.62974993e-16
  8.96000000e-06   2.73177867e-04   4.40077096e-04  -1.83931390e-03   1.19701452e-16   3.61826492e-15   8.83489928e-16
  9.04000000e-06   2.75722699e-04   4.48756634e-04  -1.83374298e-03   9.66641883e-17   3.60756429e-15   8.97383626e-16
  9.12000000e-06   2.76262792e-04   4.53132409e-04  -1.83314924e-03   7.16302228e-17   3.60766814e-15   9.02567062e-16
  9.20000000e-06   2.81684509e-04   4.65130250e-04  -1.82693336e-03   5.02322567e-17   3.59420728e-15   9.22816458e-16
  9.28000000e-06   2.87398779e-04   4.79252714e-04  -1.82120531e-03   2.97706885e-17   3.58151242e-15   9.47178000e-16
  9.36000000e-06   2.85886964e-04   4.83609675e-04  -1.81565444e-03   5.41693770e-18   3.57202617e-15   9.52282003e-16
  9.44000000e-06   2.91818723e-04   5.00611943e-04  -1.81143401e-03  -1.38619204e-17   3.56212402e-15   9.82203410e-16
  9.52000000e-06   2.98385750e-04   5.17583097e-04  -1.80611404e-03  -3.29685423e-17   3.54963999e-15   1.01178346e-15
  9.60000000e-06   3.03730499e-04   5.33616017e-04  -1.80051308e-03  -5.23599906e-17   3.53702353e-15   1.03943098e-15
  9.68000000e-06   3.10142903e-04   5.52229686e-04  -1.79379382e-03  -7.05117218e-17   3.52167049e-15   1.07197508e-15
  9.76000000e-06   3.16179093e-04   5.67725772e-04  -1.78622230e-03  -8.96202989e-17   3.50468832e-15   1.09805247e-15
  9.84000000e-06   3.24409823e-04   5.85483673e-04  -1.77772260e-03  -1.07583323e-16   3.48495656e-15   1.12811980e-15
  9.92000000e-06   3.30900210e-04   6.05436271e-04  -1.77120202e-03  -1.24979992e-16   3.46989628e-15   1.16273872e-15
  1.00000000e-05   3.40594061e-04   6.27951570e-04  -1.76235266e-03  -1.40894863e-16   3.44890613e-15   1.20166531e-15
  1.00800000e-05   3.48075885e-04   6.49169073e-04  -1.75491934e-03  -1.57540589e-16   3.43163109e-15   1.23816100e-15
  1.01600000e-05   3.53264692e-04   6.67066185e-04  -1.74808307e-03  -1.75518910e-16   3.41643372e-15   1.26823651e-15
  1.02400000e-05   3.61817341e-04   6.92330653e-04  -1.73971953e-03  -1.90437712e-16   3.39692564e-15   1.31221846e-15
  1.03200000e-05   3.71534982e-04   7.19226444e-04  -1.73137290e-03  -2.04808886e-16   3.37709999e-15   1.35892502e-15
  1.04000000e-05   3.79695706e-04   7.42093677e-04  -1.72270550e-03  -2.20554797e-16   3.35724682e-15   1.39759694e-15
  1.04800000e-05   3.88135818e-04   7.73251074e-04  -1.71320690e-03  -2.33213972e-16   3.33568464e-15   1.45271598e-15
  1.05600000e-05   4.02104445e-04   7.99849637e-04  -1.70444929e-03  -2.47752714e-16   3.31385209e-15   1.49664817e-15
  1.06400000e-05   4.12345280e-04   8.32714707e-04  -1.69475135e-03  -2.60016383e-16   3.29153704e-15   1.55403020e-15
  1.07200000e-05   4.23238978e-04   8.66823557e-04  -1.68396075e-03  -2.71691882e-16   3.26694657e-15   1.61338419e-15
  1.08000000e-05   4.35793033e-04   8.99964506e-04  -1.67472041e-03  -2.84400925e-16   3.24512969e-15   1.66986775e-15
  1.08800000e-05   4.45434639e-04   9.39294135e-04  -1.66446671e-03  -2.95082744e-16   3.22238735e-15   1.73949376e-15
  1.09600000e-05   4.57175698e-04   9.76412158e-04  -1.65614787e-03  -3.07508993e-16   3.20307607e-15   1.80354474e-15
  1.10400000e-05   4.67156300e-04   1.01263734e-03  -1.64700840e-03  -3.20323632e-16   3.18287547e-15   1.86608480e-15
  1.11200000e-05   4.76288824e-04   1.04940493e-03  -1.63811554e-03  -3.33498074e-16   3.16361743e-15   1.92970169e-15
  1.12000000e-05   4.88442642e-04   1.09272376e-03  -1.62818294e-03  -3.44862656e-16   3.14160335e-15   2.00497065e-15
  1.12800000e-05   4.99278269e-04   1.13606012e-03  -1.61909149e-03  -3.57180946e-16   3.12193373e-15   2.08040852e-15
  1.13600000e-05   5.10937659e-04   1.18014403e-03  -1.60899713e-03  -3.69551647e-16   3.10029008e-15   2.15660482e-15
  1.14400000e-05   5.22796612e-04   1.22769468e-03  -1.59985360e-03  -3.82156699e-16   3.08080765e-15   2.23926798e-15
  1.15200000e-05   5.38519491e-04   1.27738636e-03  -1.58811927e-03  -3.93911485e-16   3.05546568e-15   2.32405793e-15
  1.16000000e-05   5.50829314e-04   1.32790891e-03  -1.57902550e-03  -4.07601111e-16   3.03666116e-15   2.41154481e-15
  1.16800000e-05   5.62349498e-04   1.37683301e-03  -1.57198552e-03  -4.23683513e-16   3.02252809e-15   2.49573433e-15
  1.17600000e-05   5.76699426e-04   1.43470432e-03  -1.56234236e-03  -4.37647543e-16   3.00288055e-15   2.59600885e-15
  1.18400000e-05   5.88789058e-04   1.48076392e-03  -1.55638661e-03  -4.57294579e-16   2.99151661e-15   2.67316603e-15
  1.19200000e-05   6.00685751e-04   1.54223276e-03  -1.54878558e-03  -4.74266487e-16   2.97728959e-15   2.78075187e-15
  1.20000000e-05   6.12435043e-04   1.59719416e-03  -1.54126091e-03  -4.94169417e-16   2.96363535e-15   2.87482436e-15
  1.20800000e-05   6.22678382e-04   1.65869242e-03  -1.53654085e-03  -5.15933338e-16   2.95624294e-15   2.98217729e-15
  1.21600000e-05   6.34637960e-04   1.71730684e-03  -1.53033619e-03  -5.39276006e-16   2.94595947e-15   3.08224518e-15
  1.22400000e-05   6.46454550e-04   1.77728587e-03  -1.52618275e-03  -5.65409358e-16   2.94019579e-15   3.18445283e-15
  1.23200000e-05   6.58566101e-04   1.84290164e-03  -1.52026756e-03  -5.91796251e-16   2.93130130e-15   3.29702690e-15
  1.24000000e-05   6.71345900e-04   1.90816913e-03  -1.51751833e-03  -6.22335994e-16   2.92906830e-15   3.40777102e-15
  1.24800000e-05   6.81735137e-04   1.96661777e-03  -1.51702068e-03  -6.57415527e-16   2.93201838e-15   3.50553967e-15
  1.25600000e-05   6.93710927e-04   2.03555550e-03  -1.51463973e-03  -6.92718670e-16   2.93146896e-15   3.62239360e-15
  1.26400000e-05   7.05703771e-04   2.10764962e-03  -1.51171386e-03  -7.30151109e-16   2.93026085e-15   3.74455307e-15
  1.27200000e-05   7.17979161e-04   2.18375675e-03  -1.51089131e-03  -7.71563762e-16   2.93364448e-15   3.87347469e-15
  1.28000000e-05   7.27701208e-04   2.25639540e-03  -1.51099566e-03  -8.17068859e-16   2.93946550e-15   3.99605015e-15
  1.28800000e-05   7.36664641e-04   2.33054377e-03  -1.51213702e-03  -8.66529288e-16   2.94774180e-15   4.12098884e-15
  1.29600000e-05   7.44724620e-04   2.40475538e-03  -1.51425991e-03  -9.20202786e-16   2.95831668e-15   4.24546026e-15
  1.30400000e-05   7.52365873e-04   2.48298564e-03  -1.51866637e-03  -9.79040415e-16   2.97366840e-15   4.37685291e-15
  1.31200000e-05   7.59654742e-04   2.56237653e-03  -1.52377670e-03  -1.04244285e-15   2.99064696e-15   4.50936605e-15
  1.32000000e-05   7.66329915e-04   2.64478904e-03  -1.53125598e-03  -1.11183138e-15   3.01246069e-15   4.64670406e-15
  1.32800000e-05   7.72976674e-04   2.72844914e-03  -1.53928692e-03  -1.18627978e-15   3.03551189e-15   4.78486052e-15
  1.33600000e-05   7.79242088e-04   2.81400728e-03  -1.54683055e-03  -1.26534732e-15   3.05771300e-15   4.92517734e-15
  1.34400000e-05   7.84932896e-04   2.90167453e-03  -1.55856366e-03  -1.35269164e-15   3.08809887e-15   5.06805456e-15
  1.35200000e-05   7.90629961e-04   2.98628210e-03  -1.57332460e-03  -1.44740992e-15   3.12433432e-15   5.20285387e-15
  1.36000000e-05   7.95526051e-04   3.07746732e-03  -1.58939475e-03  -1.54946270e-15   3.16290825e-15   5.34864535e-15
  1.36800000e-05   7.99704656e-04   3.17037800e-03  -1.60690620e-03  -1.65896143e-15   3.20398668e-15   5.49575931e-15
  1.37600000e-05   8.03484397e-04   3.26476187e-03  -1.62406469e-03  -1.77476895e-15   3.24401330e-15   5.64320610e-15
  1.38400000e-05   8.07733618e-04   3.36638474e-03  -1.64273334e-03  -1.89971679e-15   3.28665116e-15   5.80110413e-15
  1.39200000e-05   8.09657184e-04   3.45929936e-03  -1.66548930e-03  -2.03334202e-15   3.33616031e-15   5.94087711e-15
  1.40000000e-05   8.10057248e-04   3.55835158e-03  -1.69048100e-03  -2.17725578e-15   3.38886728e-15   6.09002965e-15
  1.40800000e-05   8.11608689e-04   3.65966988e-03  -1.71566850e-03  -2.32953656e-15   3.44133586e-15   6.23866502e-15
  1.41600000e-05   8.10349174e-04   3.76441866e-03  -1.74405467e-03  -2.49338570e-15   3.49808875e-15   6.39186243e-15
  1.42400000e-05   8.09740271e-04   3.86910936e-03  -1.77421239e-03  -2.66717811e-15   3.55708442e-15   6.53981854e-15
  1.43200000e-05   8.11746563e-04   3.97093401e-03  -1.80464316e-03  -2.84890017e-15   3.61602820e-15   6.67523904e-15
  1.44000000e-05   8.07795982e-04   4.08096358e-03  -1.84212727e-03  -3.04835165e-15   3.68447138e-15   6.82566701e-15
  1.44800000e-05   8.09487754e-04   4.19142663e-03  -1.87607043e-03  -3.25433703e-15   3.74648103e-15   6.96602545e-15
  1.45600000e-05   8.02900558e-04   4.30080225e-03  -1.91806989e-03  -3.47680728e-15   3.81795428e-15   7.10544279e-15
  1.46400000e-05   7.99095022e-04   4.41221188e-03  -1.95926001e-03  -3.70937480e-15   3.88643602e-15   7.23928227e-15
  1.47200000e-05   7.93867885e-04   4.52566893e-03  -2.00226769e-03  -3.95475408e-15   3.95475657e-15   7.37082597e-15
  1.48000000e-05   7.86622879e-04   4.64358836e-03  -2.04797242e-03  -4.21535833e-15   4.02374512e-15   7.50435824e-15
  1.48800000e-05   7.82816371e-04   4.76881612e-03  -2.09601125e-03  -4.49311094e-15   4.09502067e-15   7.63885202e-15
  1.49600000e-05   7.71367589e-04   4.88585428e-03  -2.14828578e-03  -4.78228321e-15   4.16573038e-15   7.75700024e-15
  1.50400000e-05   7.63305856e-04   5.01035650e-03  -2.20202282e-03  -5.08864879e-15   4.23621948e-15   7.87492945e-15
  1.51200000e-05   7.57651494e-04   5.14163110e-03  -2.25455018e-03  -5.40998732e-15   4.30121293e-15   7.99111296e-15
  1.52000000e-05   7.47531911e-04   5.26662106e-03  -2.31917255e-03  -5.75229791e-15   4.37862011e-15   8.08931041e-15
  1.52800000e-05   7.40887855e-04   5.40771062e-03  -2.38030075e-03  -6.11439059e-15   4.44625335e-15   8.19811266e-15
  1.53600000e-05   7.28816300e-04   5.53126186e-03  -2.44540158e-03  -6.48184219e-15   4.51023429e-15   8.26989514e-15
  1.54400000e-05   7.18372252e-04   5.66425977e-03  -2.51514213e-03  -6.87346717e-15   4.57551989e-15   8.34116883e-15
  1.55200000e-05   7.07564332e-04   5.79791319e-03  -2.58272146e-03  -7.27614712e-15   4.62910186e-15   8.39842348e-15
  1.56000000e-05   6.94048933e-04   5.93657762e-03  -2.65339025e-03  -7.69896298e-15   4.67693330e-15   8.45014056e-15
  1.56800000e-05   6.81288073e-04   6.07850719e-03  -2.72957365e-03  -8.14371244e-15   4.72445695e-15   8.48829683e-15
  1.57600000e-05   6.64175814e-04   6.21541168e-03  -2.80736895e-03  -8.59911725e-15   4.76040966e-15   8.50496692e-15
  1.58400000e-05   6.49516880e-04   6.35996447e-03  -2.88763659e-03  -9.07672244e-15   4.79089195e-15   8.51021844e-15
  1.59200000e-05   6.33373475e-04   6.50684110e-03  -2.97227832e-03  -9.57424055e-15   4.81430620e-15   8.49915542e-15
  1.60000000e-05   6.19570397e-04   6.65532499e-03  -3.05757268e-03  -1.00864004e-14   4.82780208e-15   8.46467427e-15
  1.60800000e-05   6.03670700e-04   6.80360639e-03  -3.14587165e-03  -1.06137512e-14   4.82958163e-15   8.40827750e-15
  1.61600000e-05   5.88801211e-04   6.95575135e-03  -3.23561653e-03  -1.11578571e-14   4.81948399e-15   8.33021228e-15
  1.62400000e-05   5.74683186e-04   7.11204556e-03  -3.32895837e-03  -1.17213567e-14   4.79901296e-15   8.22922042e-15
  1.63200000e-05   5.59885154e-04   7.27635567e-03  -3.42672085e-03  -1.23091801e-14   4.76631461e-15   8.10969858e-15
  1.64000000e-05   5.45858859e-04   7.44164867e-03  -3.52454025e-03  -1.29076551e-14   4.71632043e-15   7.95889388e-15
  1.64800000e-05   5.28337660e-04   7.60707900e-03  -3.62470652e-03  -1.35174846e-14   4.64588260e-15   7.77988495e-15
  1.65600000e-05   5.08237947e-04   7.76957466e-03  -3.72369497e-03  -1.41288481e-14   4.55087301e-15   7.56708888e-15
  1.66400000e-05   4.94470319e-04   7.93891578e-03  -3.83133237e-03  -1.47648359e-14   4.45091710e-15   7.31721506e-15
  1.67200000e-05   4.77288681e-04   8.10919056e-03  -3.93743258e-03  -1.54031602e-14   4.32258042e-15   7.03526314e-15
  1.68000000e-05   4.63014292e-04   8.28268868e-03  -4.04716300e-03  -1.60518148e-14   4.17741791e-15   6.71285846e-15
  1.68800000e-05   4.49405563e-04   8.45778938e-03  -4.15947807e-03  -1.67053295e-14   4.01027715e-15   6.34950132e-15
  1.69600000e-05   4.36393444e-04   8.63036446e-03  -4.27031379e-03  -1.73500420e-14   3.81672762e-15   5.94061868e-15
  1.70400000e-05   4.24463760e-04   8.81440824e-03  -4.38453046e-03  -1.80084307e-14   3.60026703e-15   5.49438470e-15
  1.71200000e-05   4.12497200e-04   9.00010074e-03  -4.50056875e-03  -1.86628892e-14   3.35679104e-15   5.00227177e-15
  1.72000000e-05   4.05266829e-04   9.18477653e-03  -4.61820439e-03  -1.93060366e-14   3.09160154e-15   4.45445271e-15
  1.72800000e-05   3.98870672e-04   9.37577513e-03  -4.73689568e-03  -1.99436244e-14   2.79813818e-15   3.85902260e-15
  1.73600000e-05   3.91825157e-04   9.56531176e-03  -4.85652359e-03  -2.05607505e-14   2.47354759e-15   3.21300500e-15
  1.74400000e-05   3.89906938e-04   9.75284032e-03  -4.97332095e-03  -2.11466888e-14   2.12403864e-15   2.50741287e-15
  1.75200000e-05   3.90121479e-04   9.95904751e-03  -5.09661865e-03  -2.17401103e-14   1.74777064e-15   1.75113099e-15
  1.76000000e-05   3.93885374e-04   1.01597544e-02  -5.21960703e-03  -2.22919559e-14   1.34365332e-15   9.33156910e-16
  1.76800000e-05   3.99453101e-04   1.03601533e-02  -5.34193441e-03  -2.28037475e-14   9.09099030e-16   5.79149059e-17
  1.77600000e-05   4.07142590e-04   1.05571495e-02  -5.46589324e-03  -2.32689992e-14   4.44814152e-16  -8.74117163e-16
  1.78400000e-05   4.16720310e-04   1.07547333e-02  -5.58845452e-03  -2.36831969e-14  -4.95019177e-17  -1.86127471e-15
  1.79200000e-05   4.30140281e-04   1.09626078e-02  -5.70972867e-03  -2.40543093e-14  -5.70553576e-16  -2.90757817e-15
  1.80000000e-05   4.49157516e-04   1.11765054e-02  -5.83060107e-03  -2.43711086e-14  -1.11568302e-15  -4.01603603e-15
  1.80800000e-05   4.71544296e-04   1.13807604e-02  -5.95034820e-03  -2.46042110e-14  -1.68699281e-15  -5.17637546e-15
  1.81600000e-05   4.98603381e-04   1.15922077e-02  -6.06623373e-03  -2.47665786e-14  -2.28010014e-15  -6.39277942e-15
  1.82400000e-05   5.30836686e-04   1.18015700e-02  -6.18118091e-03  -2.48431917e-14  -2.89428761e-15  -7.65950973e-15
  1.83200000e-05   5.68557427e-04   1.20099354e-02  -6.29384738e-03  -2.48271577e-14  -3.52699424e-15  -8.97299131e-15
  1.84000000e-05   6.10792804e-04   1.22178404e-02  -6.40537659e-03  -2.47145131e-14  -4.17862681e-15  -1.03271433e-14
  1.84800000e-05   6.58615910e-04   1.24204664e-02  -6.51380871e-03  -2.44906965e-14  -4.84422400e-15  -1.17131907e-14
  1.85600000e-05   7.13013005e-04   1.26222550e-02  -6.61539987e-03  -2.41505602e-14  -5.51668968e-15  -1.31288704e-14
  1.86400000e-05   7.73294374e-04   1.28207029e-02  -6.71006541e-03  -2.36864989e-14  -6.19320276e-15  -1.45628758e-14
  1.87200000e-05   8.37668452e-04   1.30136457e-02  -6.80304757e-03  -2.30994301e-14  -6.87819851e-15  -1.60016671e-14
  1.88000000e-05   9.11717635e-04   1.32188834e-02  -6.88863970e-03  -2.23961065e-14  -7.55662329e-15  -1.74648483e-14
  1.88800000e-05   9.89882048e-04   1.34120925e-02  -6.96820831e-03  -2.15499163e-14  -8.23250074e-15  -1.89068597e-14
  1.89600000e-05   1.07598500e-03   1.35963596e-02  -7.03841138e-03  -2.05595085e-14  -8.89405655e-15  -2.03239774e-14
  1.90400000e-05   1.16566762e-03   1.37817752e-02  -7.10374708e-03  -1.94394787e-14  -9.54755442e-15  -2.17127972e-14
  1.91200000e-05   1.26089117e-03   1.39559446e-02  -7.15942163e-03  -1.81752423e-14  -1.01805493e-14  -2.30460215e-14
  1.92000000e-05   1.36172806e-03   1.41136287e-02  -7.20765978e-03  -1.67710405e-14  -1.07924729e-14  -2.43017230e-14
  1.92800000e-05   1.46873586e-03   1.42743641e-02  -7.24617950e-03  -1.52411719e-14  -1.13759564e-14  -2.54989265e-14
  1.93600000e-05   1.57910024e-03   1.44173613e-02  -7.27512094e-03  -1.35809157e-14  -1.19290751e-14  -2.65880683e-14
  1.94400000e-05   1.69241536e-03   1.45521329e-02  -7.29201221e-03  -1.18017361e-14  -1.24437577e-14  -2.75721775e-14
  1.95200000e-05   1.81025632e-03   1.46724063e-02  -7.29913080e-03  -9.91488561e-15  -1.29200386e-14  -2.84303084e-14
  1.96000000e-05   1.93121242e-03   1.47858176e-02  -7.29528479e-03  -7.93274033e-15  -1.33534229e-14  -2.91641913e-14
  1.96800000e-05   2.05445035e-03   1.48869074e-02  -7.27969139e-03  -5.86664558e-15  -1.37399247e-14  -2.97536953e-14
  1.97600000e-05   2.17888061e-03   1.49723593e-02  -7.25128439e-03  -3.73173467e-15  -1.40750871e-14  -3.01833791e-14
  1.98400000e-05   2.30278261e-03   1.50481325e-02  -7.21190850e-03  -1.54558784e-15  -1.43600091e-14  -3.04566360e-14
  1.99200000e-05   2.42665686e-03   1.51097369e-02  -7.15813492e-03   6.76862803e-16  -1.45866224e-14  -3.05606860e-14
  2.00000000e-05   2.55020662e-03   1.51513908e-02  -7.09647992e-03   2.90902041e-15  -1.47663225e-14  -3.04815516e-14
  2.00800000e-05   2.66978198e-03   1.51882353e-02  -7.02250222e-03   5.14361762e-15  -1.48882477e-14  -3.02447569e-14
  2.01600000e-05   2.78973582e-03   1.52137130e-02  -6.93528568e-03   7.36057670e-15  -1.49532074e-14  -2.98415597e-14
  2.02400000e-05   2.90175195e-03   1.52180640e-02  -6.84254018e-03   9.53063920e-15  -1.49700038e-14  -2.92521373e-14
  2.03200000e-05   3.01269828e-03   1.52150234e-02  -6.73827227e-03   1.16497495e-14  -1.49333751e-14  -2.85109392e-14
  2.04000000e-05   3.11586305e-03   1.51997366e-02  -6.62080879e-03   1.36987767e-14  -1.48357020e-14  -2.76122231e-14
  2.04800000e-05   3.21401548e-03   1.51853001e-02  -6.49433420e-03   1.56760070e-14  -1.46885528e-14  -2.65873526e-14
  2.05600000e-05   3.30448993e-03   1.51486276e-02  -6.36088675e-03   1.75413057e-14  -1.44940735e-14  -2.54053028e-14
  2.06400000e-05   3.39001292e-03   1.51084846e-02  -6.21773711e-03   1.93048371e-14  -1.42533734e-14  -2.41089680e-14
  2.07200000e-05   3.46961730e-03   1.50580980e-02  -6.07093745e-03   2.09461196e-14  -1.39774988e-14  -2.26982287e-14
  2.08000000e-05   3.54224632e-03   1.49985002e-02  -5.91775594e-03   2.24582398e-14  -1.36632761e-14  -2.11864147e-14
  2.08800000e-05   3.60889742e-03   1.49338645e-02  -5.76130300e-03   2.38400948e-14  -1.33192996e-14  -1.95914291e-14
  2.09600000e-05   3.66588472e-03   1.48643918e-02  -5.59735647e-03   2.50865017e-14  -1.29370090e-14  -1.79257026e-14
  2.10400000e-05   3.71313429e-03   1.47878795e-02  -5.43021502e-03   2.61891634e-14  -1.25244566e-14  -1.61994091e-14
  2.11200000e-05   3.75343858e-03   1.47115693e-02  -5.25884546e-03   2.71587137e-14  -1.20879290e-14  -1.44316547e-14
  2.12000000e-05   3.78737898e-03   1.46414828e-02  -5.08776879e-03   2.80061662e-14  -1.16359892e-14  -1.26377934e-14
  2.12800000e-05   3.81220918e-03   1.45566400e-02  -4.91533472e-03   2.86924378e-14  -1.11643321e-14  -1.08097599e-14
  2.13600000e-05   3.82808906e-03   1.44695515e-02  -4.74270763e-03   2.92411961e-14  -1.06766311e-14  -8.97128058e-15
  2.14400000e-05   3.83915081e-03   1.43873760e-02  -4.56769826e-03   2.96680692e-14  -1.01820113e-14  -7.13537364e-15
  2.15200000e-05   3.84528468e-03   1.43115099e-02  -4.39516977e-03   2.99805998e-14  -9.68555637e-15  -5.30832614e-15
  2.16000000e-05   3.84580611e-03   1.42301312e-02  -4.21852410e-03   3.01563798e-14  -9.18526409e-15  -3.49219843e-15
  2.16800000e-05   3.83594928e-03   1.41397552e-02  -4.04649504e-03   3.01943897e-14  -8.67745883e-15  -1.69850618e-15
  2.17600000e-05   3.82220186e-03   1.40610173e-02  -3.87509012e-03   3.01395339e-14  -8.17548837e-15   6.28888205e-17
  2.18400000e-05   3.79997392e-03   1.39897867e-02  -3.70453578e-03   2.99881529e-14  -7.67190557e-15   1.78858484e-15
  2.19200000e-05   3.77213424e-03   1.39142969e-02  -3.53364481e-03   2.97203718e-14  -7.17458637e-15   3.47513909e-15
  2.20000000e-05   3.73669378e-03   1.38347298e-02  -3.36502472e-03   2.93427898e-14  -6.68151927e-15   5.11378295e-15
  2.20800000e-05   3.69702789e-03   1.37640691e-02  -3.20311563e-03   2.88888807e-14  -6.19927188e-15   6.70465676e-15
  2.21600000e-05   3.65084630e-03   1.36919866e-02  -3.04374201e-03   2.83411330e-14  -5.72498797e-15   8.24073195e-15
  2.22400000e-05   3.59980987e-03   1.36311218e-02  -2.88952518e-03   2.77306207e-14  -5.26165740e-15   9.72570493e-15
  2.23200000e-05   3.54619284e-03   1.35702180e-02  -2.73642032e-03   2.70379317e-14  -4.81647202e-15   1.11536756e-14
  2.24000000e-05   3.48368719e-03   1.35047954e-02  -2.58822293e-03   2.62623047e-14  -4.37625886e-15   1.25140588e-14
  2.24800000e-05   3.41989345e-03   1.34433411e-02  -2.44777243e-03   2.54265912e-14  -3.95298906e-15   1.38145410e-14
  2.25600000e-05   3.35242966e-03   1.33874167e-02  -2.31259731e-03   2.45366134e-14  -3.54383058e-15   1.50543002e-14
  2.26400000e-05   3.28138895e-03   1.33336362e-02  -2.17969938e-03   2.35891390e-14  -3.15222329e-15   1.62290919e-14
  2.27200000e-05   3.21161401e-03   1.32811464e-02  -2.05387793e-03   2.25900084e-14  -2.78101006e-15   1.73405562e-14
  2.28000000e-05   3.13694200e-03   1.32331309e-02  -1.92885636e-03   2.15448740e-14  -2.42716214e-15   1.83870952e-14
  2.28800000e-05   3.05645602e-03   1.31829329e-02  -1.81198235e-03   2.04526541e-14  -2.08103315e-15   1.93591937e-14
  2.29600000e-05   2.96938908e-03   1.31268223e-02  -1.70237739e-03   1.93132050e-14  -1.74274046e-15   2.02491973e-14
  2.30400000e-05   2.88352316e-03   1.30806823e-02  -1.59791568e-03   1.81520877e-14  -1.42594951e-15   2.10834484e-14
  2.31200000e-05   2.79391876e-03   1.30357129e-02  -1.50128267e-03   1.69621017e-14  -1.11937855e-15   2.18472093e-14
  2.32000000e-05   2.70475874e-03   1.29927322e-02  -1.40912350e-03   1.57461249e-14  -8.32894234e-16   2.25444379e-14
  2.32800000e-05   2.61233234e-03   1.29486475e-02  -1.32402568e-03   1.45063417e-14  -5.57638717e-16   2.31677668e-14
  2.33600000e-05   2.51718551e-03   1.29029859e-02  -1.24647968e-03   1.32472065e-14  -2.93222419e-16   2.37165772e-14
  2.34400000e-05   2.42126949e-03   1.28565822e-02  -1.17485945e-03   1.19732304e-14  -4.40581207e-17   2.41935158e-14
  2.35200000e-05   2.32345725e-03   1.28088179e-02  -1.11117837e-03   1.06896125e-14   1.94778804e-16   2.45970807e-14
  2.36000000e-05   2.22476190e-03   1.27598109e-02  -1.05365169e-03   9.39937991e-15   4.19669397e-16   2.49288116e-14
  2.36800000e-05   2.12661115e-03   1.27135787e-02  -1.00376335e-03   8.11001562e-15   6.32861632e-16   2.51979571e-14
  2.37600000e-05   2.02683303e-03   1.26638855e-02  -9.65896274e-04   6.82441726e-15   8.44495965e-16   2.53925345e-14
  2.38400000e-05   1.92757405e-03   1.26165126e-02  -9.32052950e-04   5.54363240e-15   1.03879256e-15   2.55261264e-14
  2.39200000e-05   1.82667204e-03   1.25661698e-02  -9.06809848e-04   4.27186088e-15   1.22556564e-15   2.55885561e-14
  2.40000000e-05   1.72729803e-03   1.25184461e-02  -8.90885287e-04   3.01494210e-15   1.40542883e-15   2.55941915e-14
  2.40800000e-05   1.62797756e-03   1.24670434e-02  -8.83655715e-04   1.77382985e-15   1.57802693e-15   2.55315335e-14
  2.41600000e-05   1.52746515e-03   1.24134972e-02  -8.79450534e-04   5.48829032e-16   1.73227788e-15   2.54044348e-14
  2.42400000e-05   1.43221832e-03   1.23611164e-02  -8.88149316e-04  -6.50516828e-16   1.88784089e-15   2.52256446e-14
  2.43200000e-05   1.33384083e-03   1.23038858e-02  -9.02584741e-04  -1.82579069e-15   2.03039634e-15   2.49798712e-14
  2.44000000e-05   1.24043806e-03   1.22498103e-02  -9.25661846e-04  -2.97338809e-15   2.16682508e-15   2.46903256e-14
  2.44800000e-05   1.14516327e-03   1.21885814e-02  -9.56633086e-04  -4.08877325e-15   2.29409476e-15   2.43347717e-14
  2.45600000e-05   1.05554641e-03   1.21369397e-02  -9.95393540e-04  -5.17620568e-15   2.41462419e-15   2.39527604e-14
  2.46400000e-05   9.64384667e-04   1.20732731e-02  -1.04274172e-03  -6.22388390e-15   2.52683755e-15   2.35005287e-14
  2.47200000e-05   8.78009795e-04   1.20181797e-02  -1.09921244e-03  -7.23981513e-15   2.63474667e-15   2.30239665e-14
  2.48000000e-05   7.93300167e-04   1.19588104e-02  -1.16103901e-03  -8.21827825e-15   2.72951910e-15   2.24990199e-14
  2.48800000e-05   7.10254209e-04   1.19002520e-02  -1.23118667e-03  -9.15910284e-15   2.81631052e-15   2.19377892e-14
  2.49600000e-05   6.30090798e-04   1.18379860e-02  -1.30925812e-03  -1.00575577e-14   2.89497541e-15   2.13353681e-14
  2.50400000e-05   5.53400428e-04   1.17810934e-02  -1.39794696e-03  -1.09194023e-14   2.97045571e-15   2.07106672e-14
  2.51200000e-05   4.76501698e-04   1.17174830e-02  -1.48570569e-03  -1.17386188e-14   3.01868609e-15   2.00429543e-14
  2.52000000e-05   4.05937652e-04   1.16585952e-02  -1.58848783e-03  -1.25175781e-14   3.07335909e-15   1.93578400e-14
  2.52800000e-05   3.33189125e-04   1.15953858e-02  -1.69258807e-03  -1.32530287e-14   3.10144003e-15   1.86381016e-14
  2.53600000e-05   2.72309701e-04   1.15422519e-02  -1.81068391e-03  -1.39559667e-14   3.13984829e-15   1.79161998e-14
  2.54400000e-05   2.09214618e-04   1.14883870e-02  -1.93055915e-03  -1.46198745e-14   3.15142301e-15   1.71691584e-14
  2.55200000e-05   1.46775446e-04   1.14294359e-02  -2.05493199e-03  -1.52367279e-14   3.14328328e-15   1.63944974e-14
  2.56000000e-05   9.08759817e-05   1.13800347e-02  -2.18597375e-03  -1.58262311e-14   3.12640455e-15   1.56179222e-14
  2.56800000e-05   3.35970582e-05   1.13211960e-02  -2.32028835e-03  -1.63620490e-14   3.08412493e-15   1.48112048e-14
  2.57600000e-05  -1.87476953e-05   1.12593241e-02  -2.46232222e-03  -1.68502781e-14   3.03131793e-15   1.39894343e-14
  2.58400000e-05  -6.60604188e-05   1.12046397e-02  -2.61079580e-03  -1.73079420e-14   2.96610918e-15   1.31674620e-14
  2.59200000e-05  -1.08532213e-04   1.11523103e-02  -2.76668792e-03  -1.77282336e-14   2.88866855e-15   1.23394519e-14
  2.60000000e-05  -1.51163492e-04   1.11089955e-02  -2.92671000e-03  -1.81246948e-14   2.78606757e-15   1.15112889e-14
  2.60800000e-05  -1.92217625e-04   1.10578834e-02  -3.08823193e-03  -1.84693853e-14   2.65807307e-15   1.06672052e-14
  2.61600000e-05  -2.31217654e-04   1.10012790e-02  -3.25290969e-03  -1.87642034e-14   2.50731953e-15   9.81347154e-15
  2.62400000e-05  -2.65092410e-04   1.09525166e-02  -3.42496650e-03  -1.90317640e-14   2.34289598e-15   8.96527985e-15
  2.63200000e-05  -2.92099371e-04   1.09103636e-02  -3.59892335e-03  -1.92729731e-14   2.16306816e-15   8.12172995e-15
  2.64000000e-05  -3.15770209e-04   1.08662007e-02  -3.77845037e-03  -1.94706812e-14   1.96388676e-15   7.27500590e-15
  2.64800000e-05  -3.37061771e-04   1.08152608e-02  -3.95987435e-03  -1.96163387e-14   1.74093580e-15   6.42459594e-15
  2.65600000e-05  -3.54270572e-04   1.07738435e-02  -4.14506175e-03  -1.97406771e-14   1.49879270e-15   5.58285987e-15
  2.66400000e-05  -3.72707799e-04   1.07333835e-02  -4.33203877e-03  -1.98277420e-14   1.22579591e-15   4.74300735e-15
  2.67200000e-05  -3.86870865e-04   1.06927019e-02  -4.52317956e-03  -1.98741375e-14   9.33876027e-16   3.90751296e-15
  2.68000000e-05  -3.98906884e-04   1.06503274e-02  -4.71699086e-03  -1.98768571e-14   6.18436949e-16   3.07729474e-15
  2.68800000e-05  -4.05887513e-04   1.05991081e-02  -4.90638394e-03  -1.98234599e-14   2.84220489e-16   2.25391626e-15
  2.69600000e-05  -4.15894430e-04   1.05709129e-02  -5.10405527e-03  -1.97738275e-14  -8.14648852e-17   1.44251309e-15
  2.70400000e-05  -4.18277123e-04   1.05279447e-02  -5.30320886e-03  -1.96530928e-14  -4.58794849e-16   6.39286966e-16
  2.71200000e-05  -4.16566422e-04   1.04768968e-02  -5.50417976e-03  -1.94743282e-14  -8.53344780e-16  -1.50440945e-16
  2.72000000e-05  -4.09554345e-04   1.04288394e-02  -5.70395642e-03  -1.92609851e-14  -1.26153633e-15  -9.23558892e-16
  2.72800000e-05  -3.99817063e-04   1.03965992e-02  -5.90504640e-03  -1.90381195e-14  -1.68771779e-15  -1.68241866e-15
  2.73600000e-05  -3.89375235e-04   1.03512006e-02  -6.10657465e-03  -1.87463286e-14  -2.13534932e-15  -2.42428429e-15
  2.74400000e-05  -3.79624342e-04   1.02928400e-02  -6.30980657e-03  -1.83855933e-14  -2.60526707e-15  -3.14367455e-15
  2.75200000e-05  -3.63825839e-04   1.02445329e-02  -6.51118791e-03  -1.80037064e-14  -3.08118012e-15  -3.84185463e-15
  2.76000000e-05  -3.47791390e-04   1.01968626e-02  -6.71505313e-03  -1.75797562e-14  -3.57472290e-15  -4.51774095e-15
  2.76800000e-05  -3.29186953e-04   1.01381277e-02  -6.91490415e-03  -1.70929509e-14  -4.07690948e-15  -5.16354991e-15
  2.77600000e-05  -3.09795166e-04   1.00850668e-02  -7.11401303e-03  -1.65755789e-14  -4.58984153e-15  -5.78489579e-15
  2.78400000e-05  -2.87925667e-04   1.00189276e-02  -7.31270076e-03  -1.59911963e-14  -5.10813800e-15  -6.36889027e-15
  2.79200000e-05  -2.63891837e-04   9.95978524e-03  -7.51015403e-03  -1.53796636e-14  -5.62948789e-15  -6.92528042e-15
  2.80000000e-05  -2.37356159e-04   9.88563490e-03  -7.70303342e-03  -1.47015608e-14  -6.14825842e-15  -7.43732098e-15
  2.80800000e-05  -2.10698878e-04   9.79968621e-03  -7.89423192e-03  -1.39637586e-14  -6.66744170e-15  -7.90408603e-15
  2.81600000e-05  -1.80938554e-04   9.73950227e-03  -8.08167209e-03  -1.32374977e-14  -7.17722620e-15  -8.35315222e-15
  2.82400000e-05  -1.51849814e-04   9.66109885e-03  -8.26837325e-03  -1.24411257e-14  -7.68467489e-15  -8.75059931e-15
  2.83200000e-05  -1.19357928e-04   9.57097866e-03  -8.45122863e-03  -1.15913560e-14  -8.17596533e-15  -9.09553780e-15
  2.84000000e-05  -8.44841618e-05   9.46830560e-03  -8.63107194e-03  -1.06896347e-14  -8.65017685e-15  -9.38462959e-15
  2.84800000e-05  -5.21422444e-05   9.36431909e-03  -8.80796205e-03  -9.75794847e-15  -9.11240293e-15  -9.63022398e-15
  2.85600000e-05  -1.87188482e-05   9.26136490e-03  -8.97706174e-03  -8.80569898e-15  -9.54823903e-15  -9.83226983e-15
  2.86400000e-05   1.46820726e-05   9.16131244e-03  -9.14625601e-03  -7.83206121e-15  -9.96511817e-15  -9.99409506e-15
  2.87200000e-05   4.91509068e-05   9.04945027e-03  -9.31028220e-03  -6.82016184e-15  -1.03523848e-14  -1.00983629e-14
  2.88000000e-05   8.30455492e-05   8.92795615e-03  -9.46894427e-03  -5.77776002e-15  -1.07090272e-14  -1.01478622e-14
  2.88800000e-05   1.10071565e-04   8.79889856e-03  -9.62218593e-03  -4.71178873e-15  -1.10409573e-14  -1.01501777e-14
  2.89600000e-05   1.43474099e-04   8.66524729e-03  -9.77512165e-03  -3.62597325e-15  -1.13311394e-14  -1.00978138e-14
  2.90400000e-05   1.77446537e-04   8.52124880e-03  -9.92299722e-03  -2.52001796e-15  -1.15802664e-14  -9.98947165e-15
  2.91200000e-05   2.06952838e-04   8.37620581e-03  -1.00616659e-02  -1.41523257e-15  -1.17878166e-14  -9.84231294e-15
  2.92000000e-05   2.37377827e-04   8.22724654e-03  -1.01976031e-02  -3.04734113e-16  -1.19517815e-14  -9.64958036e-15
  2.92800000e-05   2.64615328e-04   8.07072558e-03  -1.03295989e-02   8.11477430e-16  -1.20740117e-14  -9.41288300e-15
  2.93600000e-05   2.90373351e-04   7.90795099e-03  -1.04530443e-02   1.92277354e-15  -1.21446033e-14  -9.13423907e-15
  2.94400000e-05   3.13293984e-04   7.73692281e-03  -1.05801209e-02   3.04149735e-15  -1.21779139e-14  -8.81527705e-15
  2.95200000e-05   3.35896081e-04   7.56968866e-03  -1.06994019e-02   4.13677185e-15  -1.21558674e-14  -8.47024978e-15
  2.96000000e-05   3.56040995e-04   7.38835885e-03  -1.08156425e-02   5.23224891e-15  -1.20853884e-14  -8.08350418e-15
  2.96800000e-05   3.74143781e-04   7.21023780e-03  -1.09255050e-02   6.29999761e-15  -1.19611983e-14  -7.67799559e-15
  2.97600000e-05   3.88219000e-04   7.02326050e-03  -1.10354036e-02   7.35936524e-15  -1.17920993e-14  -7.24594610e-15
  2.98400000e-05   4.02280648e-04   6.84376038e-03  -1.11400301e-02   8.38269917e-15  -1.15673531e-14  -6.80357191e-15
  2.99200000e-05   4.12275037e-04   6.65261914e-03  -1.12414145e-02   9.39084223e-15  -1.12931826e-14  -6.33884932e-15
  3.00000000e-05   4.20906088e-04   6.46651688e-03  -1.13425103e-02   1.03681599e-14  -1.09700205e-14  -5.86940627e-15
  3.00800000e-05   4.28202628e-04   6.27067236e-03  -1.14390144e-02   1.13212397e-14  -1.05934296e-14  -5.38334333e-15
  3.01600000e-05   4.31406243e-04   6.06933173e-03  -1.15352378e-02   1.22497563e-14  -1.01704616e-14  -4.89311840e-15
  3.02400000e-05   4.33052470e-04   5.86559154e-03  -1.16325052e-02   1.31510391e-14  -9.69972613e-15  -4.40142006e-15
  3.03200000e-05   4.31667919e-04   5.65757497e-03  -1.17275959e-02   1.40200408e-14  -9.18006126e-15  -3.91255664e-15
  3.04000000e-05   4.31204562e-04   5.45693577e-03  -1.18224704e-02   1.48472405e-14  -8.61020212e-15  -3.43271082e-15
  3.04800000e-05   4.25808969e-04   5.24877330e-03  -1.19167108e-02   1.56445495e-14  -7.99598815e-15  -2.96285948e-15
  3.05600000e-05   4.20960714e-04   5.04627865e-03  -1.20122203e-02   1.64014930e-14  -7.33452484e-15  -2.50642022e-15
  3.06400000e-05   4.11443255e-04   4.84229489e-03  -1.21062266e-02   1.71184560e-14  -6.62968358e-15  -2.06997693e-15
  3.07200000e-05   4.02003119e-04   4.64440455e-03  -1.22000001e-02   1.77893538e-14  -5.87948526e-15  -1.65207641e-15
  3.08000000e-05   3.91026943e-04   4.44281055e-03  -1.22991923e-02   1.84319813e-14  -5.08851478e-15  -1.25210709e-15
  3.08800000e-05   3.75902644e-04   4.24013705e-03  -1.23971633e-02   1.90303378e-14  -4.25693899e-15  -8.78947081e-16
  3.09600000e-05   3.61966291e-04   4.03511346e-03  -1.24979979e-02   1.95914556e-14  -3.38273293e-15  -5.24745221e-16
  3.10400000e-05   3.45936704e-04   3.83060726e-03  -1.26043193e-02   2.01160713e-14  -2.46989184e-15  -1.98527040e-16
  3.11200000e-05   3.28771157e-04   3.62659303e-03  -1.27124903e-02   2.05957600e-14  -1.51725198e-15   9.98102164e-17
  3.12000000e-05   3.10500010e-04   3.42501617e-03  -1.28231970e-02   2.10281533e-14  -5.26061462e-16   3.68665692e-16
  3.12800000e-05   2.92404181e-04   3.22897207e-03  -1.29374207e-02   2.14102952e-14   5.03357002e-16   6.09533053e-16
  3.13600000e-05   2.73544822e-04   3.03555357e-03  -1.30537594e-02   2.17398008e-14   1.56888684e-15   8.20395844e-16
  3.14400000e-05   2.54417812e-04   2.84961562e-03  -1.31730491e-02   2.20114641e-14   2.66926401e-15   1.00253820e-15
  3.15200000e-05   2.36763556e-04   2.66320973e-03  -1.32976816e-02   2.22341210e-14   3.80505618e-15   1.15793810e-15
  3.16000000e-05   2.18743153e-04   2.48055389e-03  -1.34251532e-02   2.23965376e-14   4.97242028e-15   1.28366846e-15
  3.16800000e-05   1.98958584e-04   2.30702091e-03  -1.35523982e-02   2.24853890e-14   6.16633504e-15   1.37979454e-15
  3.17600000e-05   1.80405795e-04   2.12738809e-03  -1.36892968e-02   2.25292542e-14   7.39213760e-15   1.44568080e-15
  3.18400000e-05   1.62418668e-04   1.95159160e-03  -1.38272089e-02   2.25003531e-14   8.64250027e-15   1.48411067e-15
  3.19200000e-05   1.44563006e-04   1.78341936e-03  -1.39647228e-02   2.23895919e-14   9.91276380e-15   1.49772551e-15
  3.20000000e-05   1.27550176e-04   1.61487964e-03  -1.41095827e-02   2.22144053e-14   1.12054353e-14   1.48330969e-15
  3.20800000e-05   1.10573521e-04   1.45139421e-03  -1.42569473e-02   2.19579460e-14   1.25130882e-14   1.44416549e-15
  3.21600000e-05   9.46544135e-05   1.28532716e-03  -1.44068609e-02   2.16241171e-14   1.38323975e-14   1.37614811e-15
  3.22400000e-05   8.04051186e-05   1.14415488e-03  -1.45591471e-02   2.11836052e-14   1.51591681e-14   1.30829823e-15
  3.23200000e-05   6.69510880e-05   9.92946742e-04  -1.47064844e-02   2.06556154e-14   1.64787862e-14   1.20664276e-15
  3.24000000e-05   5.46136630e-05   8.61171510e-04  -1.48584672e-02   2.00243430e-14   1.77953878e-14   1.10499176e-15
  3.24800000e-05   4.39950053e-05   7.37568518e-04  -1.50112038e-02   1.92923762e-14   1.90990136e-14   9.94963463e-16
  3.25600000e-05   3.46603658e-05   6.18712494e-04  -1.51623007e-02   1.84583618e-14   2.03792116e-14   8.73788660e-16
  3.26400000e-05   2.61900519e-05   5.09737313e-04  -1.53105942e-02   1.75156370e-14   2.16258508e-14   7.49953814e-16
  3.27200000e-05   1.80769993e-05   4.01204391e-04  -1.54583886e-02   1.64762123e-14   2.28338555e-14   6.11893243e-16
  3.28000000e-05   1.37181136e-05   3.13832130e-04  -1.56053922e-02   1.53200279e-14   2.39977187e-14   4.96073214e-16
  3.28800000e-05   8.42558092e-06   2.26193174e-04  -1.57446214e-02   1.40629758e-14   2.50933800e-14   3.68026634e-16
  3.29600000e-05   4.09374464e-06   1.49705272e-04  -1.58838802e-02   1.27043500e-14   2.61261144e-14   2.49512421e-16
