       time             b_x              b_y              b_z              F_x              F_y              F_z
  0.00000000e+00   1.08482363e-04   9.97841697e-05  -4.21471382e-03   1.54727522e-14   1.96783913e-14   8.64142340e-16
  8.00000000e-08   2.54434797e-04   2.33698385e-04  -4.22901837e-03   1.51485148e-14   2.00530645e-14   2.01954149e-15
  1.60000000e-07   3.99110017e-04   3.74065987e-04  -4.25022442e-03   1.48342284e-14   2.04600857e-14   3.19369284e-15
  2.40000000e-07   5.29782946e-04   5.04659895e-04  -4.27858033e-03   1.45336162e-14   2.08982443e-14   4.26453785e-15
  3.20000000e-07   6.49679245e-04   6.23839990e-04  -4.31603738e-03   1.42504881e-14   2.13807126e-14   5.23544814e-15
  4.00000000e-07   7.63550158e-04   7.35895530e-04  -4.36108037e-03   1.39742333e-14   2.19043745e-14   6.14282633e-15
  4.80000000e-07   8.60401422e-04   8.34155458e-04  -4.41530857e-03   1.37098401e-14   2.24736014e-14   6.91739722e-15
  5.60000000e-07   9.42006587e-04   9.22817439e-04  -4.48216804e-03   1.34628047e-14   2.31074181e-14   7.58694873e-15
  6.40000000e-07   1.00779025e-03   9.98053952e-04  -4.55975881e-03   1.32251325e-14   2.37968260e-14   8.13171867e-15
  7.20000000e-07   1.06269172e-03   1.06068350e-03  -4.65129989e-03   1.30023259e-14   2.45614747e-14   8.57167158e-15
  8.00000000e-07   1.10119013e-03   1.10892850e-03  -4.75319137e-03   1.27807667e-14   2.53800415e-14   8.88218085e-15
  8.80000000e-07   1.12539977e-03   1.14816821e-03  -4.86838009e-03   1.25617356e-14   2.62686766e-14   9.09909108e-15
  9.60000000e-07   1.13833160e-03   1.17204100e-03  -5.00117927e-03   1.23555678e-14   2.72522378e-14   9.19892508e-15
  1.04000000e-06   1.13715505e-03   1.18859016e-03  -5.14609560e-03   1.21361348e-14   2.82999563e-14   9.21819574e-15
  1.12000000e-06   1.12705955e-03   1.19292251e-03  -5.30823674e-03   1.19135394e-14   2.94425735e-14   9.14615895e-15
  1.20000000e-06   1.10659996e-03   1.18446087e-03  -5.48568489e-03   1.16758499e-14   3.06689947e-14   8.97731461e-15
  1.28000000e-06   1.07954377e-03   1.17067254e-03  -5.67425204e-03   1.14001036e-14   3.19590828e-14   8.76248202e-15
  1.36000000e-06   1.04823636e-03   1.15445239e-03  -5.88091643e-03   1.10901643e-14   3.33527563e-14   8.52405971e-15
  1.44000000e-06   1.00730247e-03   1.12851945e-03  -6.09999698e-03   1.07301758e-14   3.48136923e-14   8.21253870e-15
  1.52000000e-06   9.63537892e-04   1.09748102e-03  -6.33523852e-03   1.03132144e-14   3.63675997e-14   7.86867350e-15
  1.60000000e-06   9.19872702e-04   1.06720700e-03  -6.58601358e-03   9.81992543e-15   3.80128546e-14   7.53121222e-15
  1.68000000e-06   8.75147533e-04   1.03408081e-03  -6.85319509e-03   9.24136953e-15   3.97517815e-14   7.17827458e-15
  1.76000000e-06   8.30085274e-04   9.99661040e-04  -7.13361657e-03   8.55692870e-15   4.15646538e-14   6.82031969e-15
  1.84000000e-06   7.92822586e-04   9.75563484e-04  -7.42672837e-03   7.73990084e-15   4.34529068e-14   6.53416080e-15
  1.92000000e-06   7.56192612e-04   9.50307257e-04  -7.73413947e-03   6.78848170e-15   4.54137874e-14   6.24380406e-15
  2.00000000e-06   7.21899656e-04   9.30140556e-04  -8.05294312e-03   5.67734991e-15   4.74260634e-14   5.98680274e-15
  2.08000000e-06   6.95792000e-04   9.17124427e-04  -8.38459689e-03   4.38966533e-15   4.94966564e-14   5.77832032e-15
  2.16000000e-06   6.74909658e-04   9.10105170e-04  -8.72531026e-03   2.90749036e-15   5.15909010e-14   5.60615470e-15
  2.24000000e-06   6.58495944e-04   9.16623781e-04  -9.07781737e-03   1.20851860e-15   5.37121619e-14   5.51119807e-15
  2.32000000e-06   6.54061746e-04   9.31607343e-04  -9.43917244e-03  -7.19055630e-16   5.58383533e-14   5.46118989e-15
  2.40000000e-06   6.58193274e-04   9.61148879e-04  -9.80865114e-03  -2.89731075e-15   5.79455989e-14   5.48366500e-15
  2.48000000e-06   6.65614135e-04   1.00591914e-03  -1.01806519e-02  -5.33828712e-15   5.99766964e-14   5.57709546e-15
  2.56000000e-06   6.82761798e-04   1.06456110e-03  -1.05566648e-02  -8.05017124e-15   6.19278827e-14   5.72431414e-15
  2.64000000e-06   7.11578373e-04   1.13898756e-03  -1.09349833e-02  -1.10424617e-14   6.37694878e-14   5.92365571e-15
  2.72000000e-06   7.47778918e-04   1.23377005e-03  -1.13080273e-02  -1.43172037e-14   6.54290062e-14   6.19190625e-15
  2.80000000e-06   7.92404432e-04   1.34465612e-03  -1.16750131e-02  -1.78650712e-14   6.68789288e-14   6.49016824e-15
  2.88000000e-06   8.44709863e-04   1.48205536e-03  -1.20302903e-02  -2.16830160e-14   6.80620575e-14   6.86233482e-15
  2.96000000e-06   9.03705543e-04   1.63733656e-03  -1.23744163e-02  -2.57462544e-14   6.89564587e-14   7.24380822e-15
  3.04000000e-06   9.67226366e-04   1.80817843e-03  -1.26896787e-02  -2.99935046e-14   6.94418423e-14   7.60876109e-15
  3.12000000e-06   1.03439816e-03   2.00494385e-03  -1.29837154e-02  -3.44212533e-14   6.95422957e-14   7.99641045e-15
  3.20000000e-06   1.11057208e-03   2.21508902e-03  -1.32454815e-02  -3.89464120e-14   6.91960803e-14   8.30643112e-15
  3.28000000e-06   1.18178056e-03   2.43739477e-03  -1.34678555e-02  -4.34971893e-14   6.83449628e-14   8.55217986e-15
  3.36000000e-06   1.25480230e-03   2.66831726e-03  -1.36539495e-02  -4.80207275e-14   6.70204406e-14   8.68432092e-15
  3.44000000e-06   1.32266289e-03   2.90206456e-03  -1.37900177e-02  -5.24029477e-14   6.51623671e-14   8.68700566e-15
  3.52000000e-06   1.38106402e-03   3.12841565e-03  -1.38795339e-02  -5.65714634e-14   6.28093204e-14   8.52801315e-15
  3.60000000e-06   1.43178730e-03   3.33881219e-03  -1.39250226e-02  -6.04575319e-14   6.00107927e-14   8.17251383e-15
  3.68000000e-06   1.46648524e-03   3.52143843e-03  -1.39229630e-02  -6.39667080e-14   5.67822201e-14   7.62401355e-15
  3.76000000e-06   1.48619673e-03   3.66625920e-03  -1.38851021e-02  -6.70748254e-14   5.32210058e-14   6.87323838e-15
  3.84000000e-06   1.48294984e-03   3.76019536e-03  -1.38038641e-02  -6.96800572e-14   4.93372839e-14   5.95382534e-15
  3.92000000e-06   1.45733223e-03   3.79574503e-03  -1.37043915e-02  -7.18472979e-14   4.52694786e-14   4.89813911e-15
  4.00000000e-06   1.40750395e-03   3.76420572e-03  -1.35937642e-02  -7.35768851e-14   4.10738390e-14   3.75544420e-15
  4.08000000e-06   1.33052641e-03   3.65535617e-03  -1.34826510e-02  -7.48960999e-14   3.68055609e-14   2.58748779e-15
  4.16000000e-06   1.22291277e-03   3.46066561e-03  -1.33776369e-02  -7.58256879e-14   3.24962791e-14   1.47489081e-15
  4.24000000e-06   1.08729178e-03   3.18364873e-03  -1.33056404e-02  -7.65249755e-14   2.82157248e-14   4.97832435e-16
  4.32000000e-06   9.23216927e-04   2.81705654e-03  -1.32667205e-02  -7.70015574e-14   2.39494753e-14  -2.73022643e-16
  4.40000000e-06   7.22859430e-04   2.36761157e-03  -1.32785553e-02  -7.73834983e-14   1.96891605e-14  -7.01966978e-16
  4.48000000e-06   4.92332603e-04   1.83201858e-03  -1.33419708e-02  -7.76874560e-14   1.54085031e-14  -7.50968771e-16
  4.56000000e-06   2.22722420e-04   1.20874806e-03  -1.34697249e-02  -7.79920832e-14   1.10588242e-14  -2.97203789e-16
  4.64000000e-06  -8.33988822e-05   5.08862788e-04  -1.36623274e-02  -7.83182250e-14   6.58595552e-15   7.23376025e-16
  4.72000000e-06  -4.31571269e-04  -2.75822166e-04  -1.39161860e-02  -7.86128710e-14   1.91719996e-15   2.39995716e-15
  4.80000000e-06  -8.27038959e-04  -1.13500765e-03  -1.42344389e-02  -7.88723195e-14  -3.02012788e-15   4.82339697e-15
  4.88000000e-06  -1.27594341e-03  -2.07943759e-03  -1.46065039e-02  -7.89529252e-14  -8.30112227e-15   8.07867038e-15
  4.96000000e-06  -1.78069774e-03  -3.09416964e-03  -1.50245372e-02  -7.87439960e-14  -1.39861664e-14   1.22130103e-14
  5.04000000e-06  -2.35004646e-03  -4.18008807e-03  -1.54729258e-02  -7.80333321e-14  -2.01287745e-14   1.72896846e-14
  5.12000000e-06  -2.99209326e-03  -5.33927056e-03  -1.59247395e-02  -7.65156920e-14  -2.67484130e-14   2.33447524e-14
  5.20000000e-06  -3.70825344e-03  -6.55271200e-03  -1.63598946e-02  -7.39434765e-14  -3.38268383e-14   3.03094056e-14
  5.28000000e-06  -4.50996115e-03  -7.82946625e-03  -1.67501336e-02  -6.99589231e-14  -4.13231902e-14   3.81519673e-14
  5.36000000e-06  -5.40209494e-03  -9.16319341e-03  -1.70464279e-02  -6.41330049e-14  -4.91050736e-14   4.67201616e-14
  5.44000000e-06  -6.37343683e-03  -1.05178531e-02  -1.72104615e-02  -5.62055754e-14  -5.69743973e-14   5.56330824e-14
  5.52000000e-06  -7.43649788e-03  -1.19042399e-02  -1.71822552e-02  -4.57789636e-14  -6.47074125e-14   6.46438852e-14
  5.60000000e-06  -8.57423790e-03  -1.32913533e-02  -1.69252661e-02  -3.27883443e-14  -7.20452326e-14   7.31872514e-14
  5.68000000e-06  -9.77059074e-03  -1.46534538e-02  -1.63795558e-02  -1.72160425e-14  -7.86787033e-14   8.06569886e-14
  5.76000000e-06  -1.10075430e-02  -1.59643363e-02  -1.55147202e-02   6.33013246e-16  -8.44195388e-14   8.64168977e-14
  5.84000000e-06  -1.22373865e-02  -1.71818604e-02  -1.42967385e-02   2.02058917e-14  -8.90402803e-14   8.97134939e-14
  5.92000000e-06  -1.34562645e-02  -1.83225516e-02  -1.26932493e-02   4.09746210e-14  -9.25923646e-14   9.02182732e-14
  6.00000000e-06  -1.45879370e-02  -1.93081855e-02  -1.07182809e-02   6.17216169e-14  -9.50767536e-14   8.72685223e-14
  6.08000000e-06  -1.55805818e-02  -2.00982843e-02  -8.39365553e-03   8.12524238e-14  -9.66746846e-14   8.06603582e-14
  6.16000000e-06  -1.64192228e-02  -2.07231124e-02  -5.75603301e-03   9.86858168e-14  -9.78292853e-14   7.07054424e-14
  6.24000000e-06  -1.70382151e-02  -2.11211647e-02  -2.85626035e-03   1.12735123e-13  -9.87395651e-14   5.76590783e-14
  6.32000000e-06   1.26716438e-02   1.55495588e-02  -3.99093254e-04  -8.89768717e-14   7.16216347e-14  -3.45743946e-14
  6.40000000e-06   2.97104207e-02   3.58826385e-02  -5.25892579e-03  -2.00772565e-13   1.48101303e-13  -1.23746159e-13
  6.48000000e-06   2.97577890e-02   3.50971957e-02  -9.66062922e-03  -1.90379846e-13   1.16309839e-13  -1.63874842e-13
  6.56000000e-06   2.95997934e-02   3.38561015e-02  -1.34513926e-02  -1.75125368e-13   7.56630662e-14  -1.94925413e-13
  6.64000000e-06   2.92491118e-02   3.22636832e-02  -1.63846097e-02  -1.54631803e-13   3.09728377e-14  -2.15052121e-13
  6.72000000e-06   2.87040865e-02   3.04499247e-02  -1.84231889e-02  -1.29604191e-13  -1.32225935e-14  -2.23783023e-13
  6.80000000e-06   2.80121717e-02   2.85040928e-02  -1.95527394e-02  -1.01287619e-13  -5.27022510e-14  -2.21939030e-13
  6.88000000e-06   2.72022540e-02   2.65541706e-02  -1.97079023e-02  -7.13124250e-14  -8.39295732e-14  -2.11516114e-13
  6.96000000e-06   2.62807104e-02   2.46149136e-02  -1.90093817e-02  -4.18899196e-14  -1.05517956e-13  -1.94546686e-13
  7.04000000e-06   2.52251308e-02   2.27444093e-02  -1.77752730e-02  -1.54500271e-14  -1.18421080e-13  -1.73451427e-13
  7.12000000e-06   2.40917300e-02   2.09564180e-02  -1.60397296e-02   6.83804735e-15  -1.23026806e-13  -1.50467673e-13
  7.20000000e-06   2.28478787e-02   1.92577237e-02  -1.39536884e-02   2.41230268e-14  -1.20885877e-13  -1.27337431e-13
  7.28000000e-06   2.15403766e-02   1.76514794e-02  -1.18088523e-02   3.61754587e-14  -1.14673309e-13  -1.05422653e-13
  7.36000000e-06   2.01462292e-02   1.61315134e-02  -9.58632325e-03   4.34995100e-14  -1.05168155e-13  -8.55563054e-14
  7.44000000e-06   1.87097534e-02   1.46896799e-02  -7.50959541e-03   4.67983948e-14  -9.44652508e-14  -6.81898078e-14
  7.52000000e-06   1.72316586e-02   1.33167582e-02  -5.50620815e-03   4.68863053e-14  -8.27746772e-14  -5.34599391e-14
  7.60000000e-06   1.57463060e-02   1.20257691e-02  -3.67995405e-03   4.46648094e-14  -7.11483666e-14  -4.13885787e-14
  7.68000000e-06   1.42507035e-02   1.07968278e-02  -2.03641622e-03   4.08239294e-14  -5.98622154e-14  -3.16989807e-14
  7.76000000e-06   1.19042258e-02   8.99854397e-03  -5.47253387e-04   3.36342871e-14  -4.58683527e-14  -2.25823033e-14
  7.84000000e-06  -5.13175946e-03  -4.06956961e-03  -5.41348896e-04  -1.40752518e-14   1.63722525e-14   1.03496750e-14
  7.92000000e-06  -4.16055157e-03  -3.35874993e-03  -1.36613498e-03  -1.01719488e-14   8.93488149e-15   9.01147022e-15
  8.00000000e-06  -3.21345802e-03  -2.67898617e-03  -2.10772251e-03  -6.58669014e-15   2.00526176e-15   7.49338855e-15
  8.08000000e-06  -2.30426533e-03  -2.03784593e-03  -2.77491443e-03  -3.25944795e-15  -4.38784583e-15   5.92897080e-15
  8.16000000e-06  -1.43119613e-03  -1.43090134e-03  -3.37898700e-03  -1.00403974e-16  -1.02932242e-14   4.40140375e-15
  8.24000000e-06  -6.04880431e-04  -8.68107555e-04  -3.93380410e-03   2.91995918e-15  -1.57327441e-14   3.02289781e-15
  8.32000000e-06   1.80587744e-04  -3.39025232e-04  -4.45100465e-03   5.89000695e-15  -2.07784622e-14   1.82163055e-15
  8.40000000e-06   9.13171749e-04   1.48267775e-04  -4.94271718e-03   8.82609171e-15  -2.54395458e-14   8.67513269e-16
  8.48000000e-06   1.59583926e-03   5.97870852e-04  -5.41413340e-03   1.17708880e-14  -2.97435378e-14   1.85006693e-16
  8.56000000e-06   2.21552267e-03   1.00698266e-03  -5.86668806e-03   1.47301486e-14  -3.36413612e-14  -2.11582624e-16
  8.64000000e-06   2.78267061e-03   1.38286971e-03  -6.30993917e-03   1.77553903e-14  -3.71986805e-14  -3.22273426e-16
  8.72000000e-06   3.26798331e-03   1.71105784e-03  -6.74318141e-03   2.07980768e-14  -4.02925944e-14  -1.44618958e-16
  8.80000000e-06   3.68811497e-03   1.99980446e-03  -7.16678022e-03   2.38857558e-14  -4.29650242e-14   3.03032373e-16
  8.88000000e-06   4.03927244e-03   2.25136604e-03  -7.57671775e-03   2.70091635e-14  -4.51674628e-14   9.77847991e-16
  8.96000000e-06   4.30463890e-03   2.45405751e-03  -7.96496718e-03   3.00907709e-14  -4.67932115e-14   1.84516401e-15
  9.04000000e-06   4.49666853e-03   2.61815585e-03  -8.32746567e-03   3.31318193e-14  -4.78605379e-14   2.84317735e-15
  9.12000000e-06   4.61032808e-03   2.73744826e-03  -8.65803733e-03   3.60622047e-14  -4.83259227e-14   3.92339286e-15
  9.20000000e-06   4.65501037e-03   2.81949732e-03  -8.95083513e-03   3.88536964e-14  -4.82075275e-14   5.02113646e-15
  9.28000000e-06   4.63708585e-03   2.86283647e-03  -9.19527077e-03   4.14247160e-14  -4.75069524e-14   6.09936671e-15
  9.36000000e-06   4.56199031e-03   2.87214694e-03  -9.38469222e-03   4.37214504e-14  -4.62498602e-14   7.09884111e-15
  9.44000000e-06   4.44006831e-03   2.85624817e-03  -9.51950813e-03   4.57279297e-14  -4.45118416e-14   7.97291878e-15
  9.52000000e-06   4.28246390e-03   2.81252758e-03  -9.59595317e-03   4.73770866e-14  -4.23633830e-14   8.72685373e-15
  9.60000000e-06   4.10224625e-03   2.75204938e-03  -9.61793791e-03   4.86819489e-14  -3.99083292e-14   9.34458620e-15
  9.68000000e-06   3.89902612e-03   2.67395575e-03  -9.58519918e-03   4.96055575e-14  -3.71938828e-14   9.80246373e-15
  9.76000000e-06   3.69061533e-03   2.58666078e-03  -9.49775155e-03   5.01487557e-14  -3.43286584e-14   1.01374701e-14
  9.84000000e-06   3.47634661e-03   2.49423263e-03  -9.37229592e-03   5.03790058e-14  -3.13945840e-14   1.03314589e-14
  9.92000000e-06   3.26625435e-03   2.39692850e-03  -9.19985935e-03   5.02458250e-14  -2.84433900e-14   1.04282978e-14
  1.00000000e-05   3.06368741e-03   2.29865071e-03  -8.99747399e-03   4.98344554e-14  -2.55545091e-14   1.04402972e-14
  1.00800000e-05   2.86937142e-03   2.20312492e-03  -8.77008534e-03   4.91814062e-14  -2.27636022e-14   1.03726085e-14
  1.01600000e-05   2.68946863e-03   2.10948904e-03  -8.52048379e-03   4.83019709e-14  -2.01137816e-14   1.02666510e-14
  1.02400000e-05   2.51729805e-03   2.01784837e-03  -8.25603346e-03   4.72401987e-14  -1.76093964e-14   1.00998341e-14
  1.03200000e-05   2.35674797e-03   1.93043656e-03  -7.97927360e-03   4.60251156e-14  -1.52736603e-14   9.89874133e-15
  1.04000000e-05   2.20919472e-03   1.84422899e-03  -7.69005768e-03   4.46572194e-14  -1.31160142e-14   9.68361521e-15
  1.04800000e-05   2.07500579e-03   1.76372895e-03  -7.40025693e-03   4.32208953e-14  -1.11498148e-14   9.46161160e-15
  1.05600000e-05   1.94504498e-03   1.68403073e-03  -7.10479219e-03   4.16865521e-14  -9.34280918e-15   9.19782584e-15
  1.06400000e-05   1.82413328e-03   1.60846223e-03  -6.81306493e-03   4.01228257e-14  -7.71050781e-15   8.92216966e-15
  1.07200000e-05   1.71491508e-03   1.53527295e-03  -6.52576130e-03   3.85381729e-14  -6.25314996e-15   8.65636963e-15
  1.08000000e-05   1.60529002e-03   1.45918752e-03  -6.23697632e-03   3.68956931e-14  -4.92872927e-15   8.34320109e-15
  1.08800000e-05   1.50383256e-03   1.38626714e-03  -5.95481572e-03   3.52627356e-14  -3.75582091e-15   8.03092508e-15
  1.09600000e-05   1.40697065e-03   1.31449838e-03  -5.68073922e-03   3.36484333e-14  -2.71515277e-15   7.70556306e-15
  1.10400000e-05   1.30958567e-03   1.23884092e-03  -5.41109328e-03   3.20261234e-14  -1.78508822e-15   7.34223380e-15
  1.11200000e-05   1.21594858e-03   1.16343046e-03  -5.15027279e-03   3.04355275e-14  -9.67908823e-16   6.96699828e-15
  1.12000000e-05   1.12520301e-03   1.09055222e-03  -4.89692300e-03   2.88798869e-14  -2.52996133e-16   6.57960726e-15
  1.12800000e-05   1.03375378e-03   1.00943596e-03  -4.65128197e-03   2.73360380e-14   3.77502389e-16   6.15739861e-15
  1.13600000e-05   9.45592381e-04   9.32768172e-04  -4.41143670e-03   2.58301890e-14   9.19278368e-16   5.73108156e-15
  1.14400000e-05   8.56107740e-04   8.49792573e-04  -4.18112791e-03   2.43568788e-14   1.39470420e-15   5.27066432e-15
  1.15200000e-05   7.73362670e-04   7.73355833e-04  -3.95677543e-03   2.29320092e-14   1.78728575e-15   4.83145129e-15
  1.16000000e-05   6.92470263e-04   6.97980083e-04  -3.74114920e-03   2.15577019e-14   2.11898087e-15   4.38557060e-15
  1.16800000e-05   6.07686880e-04   6.15901985e-04  -3.53185731e-03   2.02029380e-14   2.40850763e-15   3.89609880e-15
  1.17600000e-05   5.25746311e-04   5.37224360e-04  -3.33099453e-03   1.89050577e-14   2.64709409e-15   3.41079748e-15
  1.18400000e-05   4.45272729e-04   4.60272534e-04  -3.13676683e-03   1.76506838e-14   2.84174022e-15   2.92254529e-15
  1.19200000e-05   3.58103033e-04   3.73753535e-04  -2.94759983e-03   1.64039102e-14   3.01551272e-15   2.37527105e-15
  1.20000000e-05   2.64327302e-04   2.77315771e-04  -2.76282332e-03   1.51607164e-14   3.17149445e-15   1.76880536e-15
  1.20800000e-05   1.79286413e-04   1.88880967e-04  -2.58696049e-03   1.39887565e-14   3.28271282e-15   1.20915490e-15
  1.21600000e-05   9.10601626e-05   9.34524159e-05  -2.41673745e-03   1.28336993e-14   3.37847645e-15   6.14202230e-16
