       time             b_x              b_y              b_z              F_x              F_y              F_z
  0.00000000e+00   3.05947379e-04   1.98894464e-04  -1.15056082e-02   4.40854695e-15   5.87792488e-14   1.13332996e-15
  8.00000000e-08   8.15535286e-04   5.28665555e-04  -1.16511564e-02   1.16972447e-15   6.06195489e-14   2.83245868e-15
  1.60000000e-07   1.35444674e-03   8.73814993e-04  -1.17447407e-02  -2.24879351e-15   6.21216127e-14   4.36254208e-15
  2.40000000e-07   1.90366764e-03   1.22265203e-03  -1.17796063e-02  -5.77716761e-15   6.32140129e-14   5.62760188e-15
  3.20000000e-07   2.45620804e-03   1.57444333e-03  -1.17465997e-02  -9.35105866e-15   6.38416923e-14   6.60165348e-15
  4.00000000e-07   2.98742133e-03   1.91001798e-03  -1.16531838e-02  -1.28698078e-14   6.40033762e-14   7.19117298e-15
  4.80000000e-07   3.49194315e-03   2.22394329e-03  -1.14997429e-02  -1.62552449e-14   6.37037390e-14   7.38374001e-15
  5.60000000e-07   3.94505122e-03   2.50304118e-03  -1.12871669e-02  -1.94130012e-14   6.29140070e-14   7.16664038e-15
  6.40000000e-07   4.35232507e-03   2.74430704e-03  -1.10237466e-02  -2.22812011e-14   6.17054883e-14   6.56435401e-15
  7.20000000e-07   4.68922700e-03   2.94081335e-03  -1.07261054e-02  -2.48165545e-14   6.01264723e-14   5.63580839e-15
  8.00000000e-07   4.96094723e-03   3.09211413e-03  -1.04046360e-02  -2.69967309e-14   5.82547152e-14   4.44041196e-15
  8.80000000e-07   5.15894351e-03   3.19315256e-03  -1.00625267e-02  -2.87907564e-14   5.61041678e-14   3.04290187e-15
  9.60000000e-07   5.29207192e-03   3.24848601e-03  -9.71868448e-03  -3.02336581e-14   5.37953516e-14   1.51818425e-15
  1.04000000e-06   5.35071612e-03   3.25297513e-03  -9.37591568e-03  -3.13209104e-14   5.13330815e-14  -6.44270810e-17
  1.12000000e-06   5.34958373e-03   3.21701929e-03  -9.04264274e-03  -3.21033979e-14   4.87978453e-14  -1.63184657e-15
  1.20000000e-06   5.28966303e-03   3.13868623e-03  -8.72078184e-03  -3.25969586e-14   4.62109948e-14  -3.14021317e-15
  1.28000000e-06   5.16829716e-03   3.02395209e-03  -8.41862506e-03  -3.28587757e-14   4.36101475e-14  -4.50773376e-15
  1.36000000e-06   4.99489123e-03   2.86835729e-03  -8.13086105e-03  -3.28860709e-14   4.10035316e-14  -5.73734668e-15
  1.44000000e-06   4.77259301e-03   2.68639905e-03  -7.86832759e-03  -3.27693802e-14   3.84466104e-14  -6.75009738e-15
  1.52000000e-06   4.50567985e-03   2.47393661e-03  -7.62642372e-03  -3.25104459e-14   3.59368704e-14  -7.54955719e-15
  1.60000000e-06   4.19274176e-03   2.23150137e-03  -7.40389912e-03  -3.21295869e-14   3.34728851e-14  -8.10603581e-15
  1.68000000e-06   3.83152928e-03   1.96404385e-03  -7.19900251e-03  -3.16519592e-14   3.10497358e-14  -8.37509998e-15
  1.76000000e-06   3.43278621e-03   1.67677717e-03  -7.01365907e-03  -3.11146485e-14   2.86990585e-14  -8.36767366e-15
  1.84000000e-06   2.99168509e-03   1.36808585e-03  -6.84878740e-03  -3.05354725e-14   2.64155025e-14  -8.06184211e-15
  1.92000000e-06   2.50658429e-03   1.03785760e-03  -6.69324878e-03  -2.98829809e-14   2.41624128e-14  -7.44437690e-15
  2.00000000e-06   1.98059578e-03   6.94285617e-04  -6.55082765e-03  -2.91971370e-14   2.19572900e-14  -6.50041458e-15
  2.08000000e-06   1.40945788e-03   3.30811468e-04  -6.41242908e-03  -2.84328102e-14   1.97638146e-14  -5.22996066e-15
  2.16000000e-06   7.92087231e-04  -4.74202430e-05  -6.28041169e-03  -2.76113322e-14   1.75818901e-14  -3.61510078e-15
  2.24000000e-06   1.33184241e-04  -4.38268362e-04  -6.14999639e-03  -2.67137867e-14   1.53991452e-14  -1.67590562e-15
  2.32000000e-06  -5.65962476e-04  -8.35959687e-04  -6.01522826e-03  -2.57182811e-14   1.31912068e-14   5.86555454e-16
  2.40000000e-06  -1.32899490e-03  -1.25163762e-03  -5.86641294e-03  -2.45500133e-14   1.08773053e-14   3.24088980e-15
  2.48000000e-06  -2.13394998e-03  -1.66944309e-03  -5.70752671e-03  -2.32424023e-14   8.48640288e-15   6.20769015e-15
  2.56000000e-06  -2.99531291e-03  -2.09968868e-03  -5.51944315e-03  -2.16715768e-14   5.92406409e-15   9.50720246e-15
  2.64000000e-06  -3.91273739e-03  -2.52767453e-03  -5.29961512e-03  -1.98332513e-14   3.15457739e-15   1.31384180e-14
  2.72000000e-06  -4.88155268e-03  -2.95849822e-03  -5.04068208e-03  -1.76634685e-14   1.32730431e-16   1.70279474e-14
  2.80000000e-06  -5.91067569e-03  -3.38739831e-03  -4.72585226e-03  -1.50735114e-14  -3.23853262e-15   2.11739242e-14
  2.88000000e-06  -6.99708469e-03  -3.81565632e-03  -4.34797583e-03  -1.20111105e-14  -7.02290568e-15   2.54922649e-14
  2.96000000e-06  -8.14464552e-03  -4.23873067e-03  -3.88135771e-03  -8.35737939e-15  -1.13424200e-14   2.99238990e-14
  3.04000000e-06  -9.34093837e-03  -4.65072292e-03  -3.32838798e-03  -4.14028398e-15  -1.62425276e-14   3.43149998e-14
  3.12000000e-06  -1.06107909e-02  -5.05725555e-03  -2.64307119e-03   8.39645888e-16  -2.19541918e-14   3.86363604e-14
  3.20000000e-06  -1.19251187e-02  -5.44902995e-03  -1.83645600e-03   6.45819120e-15  -2.84942687e-14   4.26100199e-14
  3.28000000e-06  -1.32825018e-02  -5.82352671e-03  -8.66564543e-04   1.28005416e-14  -3.60474638e-14   4.60440616e-14
  3.36000000e-06   1.43476443e-02   5.80352943e-03  -3.99046855e-04  -1.83442705e-14   4.19040872e-14  -5.01331201e-14
  3.44000000e-06   2.90329278e-02   1.13302158e-02  -2.19737429e-03  -3.83155258e-14   7.65401192e-14  -1.11585825e-13
  3.52000000e-06   3.13385405e-02   1.16961097e-02  -3.91891256e-03  -4.26363985e-14   7.00069993e-14  -1.32014417e-13
  3.60000000e-06   3.36995845e-02   1.19434230e-02  -5.45965774e-03  -4.53345980e-14   5.78538779e-14  -1.53266711e-13
  3.68000000e-06   3.61095827e-02   1.20905856e-02  -6.68323671e-03  -4.53823183e-14   3.93017412e-14  -1.74100599e-13
  3.76000000e-06   3.85805926e-02   1.21224954e-02  -7.46772855e-03  -4.17468518e-14   1.39591291e-14  -1.93017033e-13
  3.84000000e-06   4.10787312e-02   1.20454756e-02  -7.66850006e-03  -3.34879995e-14  -1.81564908e-14  -2.07908729e-13
  3.92000000e-06   4.35978473e-02   1.18787390e-02  -7.08217430e-03  -1.97856802e-14  -5.64808882e-14  -2.16534461e-13
  4.00000000e-06   4.60952499e-02   1.16191772e-02  -5.70072820e-03  -1.63212713e-15  -9.97126445e-14  -2.16430630e-13
  4.08000000e-06   4.84878687e-02   1.13268582e-02  -3.32918087e-03   2.00350080e-14  -1.46055166e-13  -2.05122925e-13
  4.16000000e-06   9.59449706e-03   2.06337825e-03  -2.35069912e-05   7.50712288e-15  -3.53122662e-14  -3.55423450e-14
  4.24000000e-06  -3.07387429e-02  -6.29856453e-03  -2.39225578e-03  -3.11800644e-14   1.05161039e-13   1.23762848e-13
  4.32000000e-06  -3.18009089e-02  -5.93441307e-03  -4.56252196e-03  -3.77640257e-14   9.36343853e-14   1.41427313e-13
  4.40000000e-06  -3.26813312e-02  -5.45247906e-03  -6.45508125e-03  -4.40337583e-14   7.76166959e-14   1.57376552e-13
  4.48000000e-06  -3.33987778e-02  -4.86927314e-03  -8.01502419e-03  -4.93612720e-14   5.75434394e-14   1.70730793e-13
  4.56000000e-06  -3.39905213e-02  -4.19530462e-03  -9.05834593e-03  -5.23974543e-14   3.41342291e-14   1.80807104e-13
  4.64000000e-06  -3.44276403e-02  -3.46137154e-03  -9.61655308e-03  -5.30049189e-14   8.38283187e-15   1.86742399e-13
  4.72000000e-06  -3.47138189e-02  -2.69730643e-03  -9.63518714e-03  -5.07741815e-14  -1.84434831e-14   1.88093229e-13
  4.80000000e-06  -3.48728466e-02  -1.91852877e-03  -9.03287595e-03  -4.54009607e-14  -4.49738405e-14   1.84829766e-13
  4.88000000e-06  -3.48706747e-02  -1.14671536e-03  -7.88646524e-03  -3.77171565e-14  -6.98979044e-14   1.76932967e-13
  4.96000000e-06  -3.46661899e-02  -4.21013713e-04  -6.24617147e-03  -2.85589280e-14  -9.19925442e-14   1.64702386e-13
  5.04000000e-06  -3.42837917e-02   2.41471978e-04  -4.13056262e-03  -1.87320327e-14  -1.10421328e-13   1.49021212e-13
  5.12000000e-06  -3.36608342e-02   8.11900723e-04  -1.67955085e-03  -9.51891566e-15  -1.24518707e-13   1.30581229e-13
  5.20000000e-06   5.04202517e-02  -1.72523914e-03  -1.53041241e-03   3.33109722e-16   1.82747554e-13  -1.95037465e-13
  5.28000000e-06   5.44186720e-02  -3.07616939e-03  -4.91255014e-03  -1.39382255e-14   1.45769622e-13  -2.45679278e-13
  5.36000000e-06   5.24433308e-02  -3.98608169e-03  -7.16581449e-03  -2.87756701e-14   8.66481205e-14  -2.58795211e-13
  5.44000000e-06   5.03315937e-02  -4.86360177e-03  -8.23035575e-03  -3.92104081e-14   3.06582585e-14  -2.57902811e-13
  5.52000000e-06   4.81138909e-02  -5.66389550e-03  -8.25228595e-03  -4.43284626e-14  -1.90107540e-14  -2.45403504e-13
  5.60000000e-06   4.58364969e-02  -6.32533390e-03  -7.31749034e-03  -4.41027925e-14  -5.99955154e-14  -2.24397404e-13
  5.68000000e-06   4.35018084e-02  -6.84161573e-03  -5.68011623e-03  -4.01806090e-14  -9.12141163e-14  -1.97861659e-13
  5.76000000e-06   4.11101371e-02  -7.18743689e-03  -3.53759950e-03  -3.41846795e-14  -1.12550777e-13  -1.68584730e-13
  5.84000000e-06   3.22255619e-02  -5.96849386e-03  -1.02684928e-03  -2.29713727e-14  -1.04026734e-13  -1.16260949e-13
  5.92000000e-06  -2.03592508e-02   4.30357440e-03  -9.87712213e-04   9.89426439e-15   6.32666679e-14   7.17142103e-14
  6.00000000e-06  -1.87666475e-02   4.26554830e-03  -2.39719551e-03   2.55468906e-15   5.04147563e-14   6.97079683e-14
  6.08000000e-06  -1.71824828e-02   4.19551209e-03  -3.55987553e-03  -4.17428272e-15   3.90696435e-14   6.61938039e-14
  6.16000000e-06  -1.56082372e-02   4.08907640e-03  -4.50113279e-03  -1.01101682e-14   2.91261527e-14   6.15180621e-14
  6.24000000e-06  -1.40743521e-02   3.94910191e-03  -5.23437627e-03  -1.50977707e-14   2.05617725e-14   5.61082849e-14
  6.32000000e-06  -1.25815016e-02   3.77199987e-03  -5.80786735e-03  -1.92344819e-14   1.31950821e-14   5.02371174e-14
  6.40000000e-06  -1.11389825e-02   3.56313315e-03  -6.24318450e-03  -2.25391066e-14   6.91129429e-15   4.41583260e-14
  6.48000000e-06  -9.74480836e-03   3.32532780e-03  -6.55589793e-03  -2.50512662e-14   1.58442869e-15   3.80403319e-14
  6.56000000e-06  -8.40474416e-03   3.05917266e-03  -6.78112782e-03  -2.69330784e-14  -2.93964147e-15   3.20555471e-14
  6.64000000e-06  -7.12792043e-03   2.77238130e-03  -6.94127332e-03  -2.82948633e-14  -6.78692618e-15   2.63449627e-14
  6.72000000e-06  -5.90426754e-03   2.46698965e-03  -7.04256137e-03  -2.91902570e-14  -1.00690790e-14   2.09450462e-14
  6.80000000e-06  -4.74101804e-03   2.14403676e-03  -7.11345491e-03  -2.97803214e-14  -1.29229619e-14   1.59531110e-14
  6.88000000e-06  -3.63231278e-03   1.81104641e-03  -7.15886302e-03  -3.01086120e-14  -1.54397615e-14   1.13707682e-14
  6.96000000e-06  -2.58284496e-03   1.46889533e-03  -7.19451412e-03  -3.02736379e-14  -1.77190701e-14   7.25061527e-15
  7.04000000e-06  -1.58156457e-03   1.12061707e-03  -7.23339128e-03  -3.03528971e-14  -1.98670978e-14   3.55872601e-15
  7.12000000e-06  -6.33732383e-04   7.68477770e-04  -7.28137116e-03  -3.03868670e-14  -2.19442554e-14   3.28711324e-16
  7.20000000e-06   2.70143790e-04   4.14263893e-04  -7.34645535e-03  -3.04191866e-14  -2.40284452e-14  -2.47352918e-15
  7.28000000e-06   1.12194495e-03   6.38595554e-05  -7.43224595e-03  -3.04634248e-14  -2.61574693e-14  -4.82339929e-15
  7.36000000e-06   1.93412857e-03  -2.88088496e-04  -7.55195322e-03  -3.05780401e-14  -2.84197017e-14  -6.74719117e-15
  7.44000000e-06   2.69970724e-03  -6.32052460e-04  -7.70506604e-03  -3.07394048e-14  -3.08315583e-14  -8.24136108e-15
  7.52000000e-06   3.42333802e-03  -9.68030175e-04  -7.90556661e-03  -3.09832206e-14  -3.34703289e-14  -9.31821238e-15
  7.60000000e-06   4.09994474e-03  -1.29426893e-03  -8.15323260e-03  -3.12782696e-14  -3.63473682e-14  -9.95873809e-15
  7.68000000e-06   4.73514344e-03  -1.60918683e-03  -8.45516894e-03  -3.16111548e-14  -3.95111591e-14  -1.01834175e-14
  7.76000000e-06   5.31032898e-03  -1.90738197e-03  -8.82245453e-03  -3.19645446e-14  -4.29923682e-14  -9.94500783e-15
  7.84000000e-06   5.83899290e-03  -2.18565909e-03  -9.25931505e-03  -3.22845214e-14  -4.68361897e-14  -9.30318788e-15
  7.92000000e-06   6.30759223e-03  -2.44311377e-03  -9.76837922e-03  -3.25022009e-14  -5.10414325e-14  -8.22148705e-15
  8.00000000e-06   6.70167492e-03  -2.66635626e-03  -1.03591719e-02  -3.25363185e-14  -5.56306835e-14  -6.72994031e-15
  8.08000000e-06   7.01129981e-03  -2.85234385e-03  -1.10355273e-02  -3.22856210e-14  -6.06051874e-14  -4.84773704e-15
  8.16000000e-06   7.21665912e-03  -2.99167190e-03  -1.17949040e-02  -3.16092893e-14  -6.59165959e-14  -2.62084696e-15
  8.24000000e-06   7.29600936e-03  -3.07230684e-03  -1.26361112e-02  -3.03575813e-14  -7.15114844e-14  -1.41180707e-16
  8.32000000e-06   7.22573776e-03  -3.08015566e-03  -1.35497237e-02  -2.83581064e-14  -7.72848576e-14   2.44589129e-15
  8.40000000e-06   6.98258998e-03  -3.00721424e-03  -1.45094863e-02  -2.54355296e-14  -8.30349858e-14   4.96903307e-15
  8.48000000e-06   6.54896925e-03  -2.84218566e-03  -1.54796961e-02  -2.14431118e-14  -8.85014372e-14   7.17761092e-15
  8.56000000e-06   5.91809881e-03  -2.58320522e-03  -1.64227608e-02  -1.63170478e-14  -9.34099542e-14   8.81284096e-15
  8.64000000e-06   5.09842871e-03  -2.23277216e-03  -1.72818233e-02  -1.00787579e-14  -9.73907044e-14   9.60925372e-15
  8.72000000e-06   4.11373035e-03  -1.80356738e-03  -1.80189439e-02  -2.88729190e-15  -1.00181738e-13   9.36830573e-15
  8.80000000e-06   3.00792834e-03  -1.31676656e-03  -1.85767489e-02   4.98410097e-15  -1.01448172e-13   7.99792148e-15
  8.88000000e-06   1.84839236e-03  -8.08327525e-04  -1.89315829e-02   1.31561239e-14  -1.01080642e-13   5.60037397e-15
  8.96000000e-06   7.08290284e-04  -3.09254660e-04  -1.90843496e-02   2.12463126e-14  -9.91385597e-14   2.39503149e-15
