       time             b_x              b_y              b_z              F_x              F_y              F_z
  0.00000000e+00   8.99813228e-05   7.13596645e-05  -2.65866699e-03   7.70512192e-15   1.74410981e-14   7.28902108e-16
  8.00000000e-08   1.48577637e-04   1.18057137e-04  -2.67789620e-03   7.46427705e-15   1.78006363e-14   1.19889516e-15
  1.60000000e-07   2.09047435e-04   1.66747694e-04  -2.69597171e-03   7.20816183e-15   1.81572445e-14   1.68196364e-15
  2.40000000e-07   2.69244889e-04   2.15206048e-04  -2.71209385e-03   6.94067570e-15   1.84997947e-14   2.15700838e-15
  3.20000000e-07   3.34746209e-04   2.67657972e-04  -2.72569036e-03   6.64863923e-15   1.88400423e-14   2.66658839e-15
  4.00000000e-07   3.99964908e-04   3.20391119e-04  -2.73691508e-03   6.34298531e-15   1.91634892e-14   3.17027858e-15
  4.80000000e-07   4.66000681e-04   3.74862039e-04  -2.74546545e-03   6.01916300e-15   1.94711614e-14   3.68022600e-15
  5.60000000e-07   5.33679930e-04   4.30651999e-04  -2.75090123e-03   5.67754667e-15   1.97625265e-14   4.19526668e-15
  6.40000000e-07   6.01988996e-04   4.87211105e-04  -2.75402857e-03   5.32212165e-15   2.00401169e-14   4.70860264e-15
  7.20000000e-07   6.70292099e-04   5.43921678e-04  -2.75353799e-03   4.95185111e-15   2.02934942e-14   5.21411295e-15
  8.00000000e-07   7.38990941e-04   6.01209821e-04  -2.75090421e-03   4.56958544e-15   2.05336880e-14   5.71518886e-15
  8.80000000e-07   8.07712321e-04   6.59666452e-04  -2.74441754e-03   4.17013258e-15   2.07483097e-14   6.21451769e-15
  9.60000000e-07   8.75664541e-04   7.17733839e-04  -2.73434448e-03   3.75936123e-15   2.09368881e-14   6.69961394e-15
  1.04000000e-06   9.43488976e-04   7.75704425e-04  -2.72239339e-03   3.34072424e-15   2.11128734e-14   7.17357230e-15
  1.12000000e-06   1.00865664e-03   8.32473454e-04  -2.70851742e-03   2.91777595e-15   2.12686164e-14   7.62357756e-15
  1.20000000e-06   1.07398546e-03   8.89967296e-04  -2.68839955e-03   2.47709363e-15   2.13833766e-14   8.06832020e-15
  1.28000000e-06   1.13685601e-03   9.45411864e-04  -2.66712135e-03   2.03779553e-15   2.14836813e-14   8.48390616e-15
  1.36000000e-06   1.19844125e-03   1.00054296e-03  -2.64384282e-03   1.59362087e-15   2.15674422e-14   8.88442130e-15
  1.44000000e-06   1.25776576e-03   1.05463889e-03  -2.61601329e-03   1.14306498e-15   2.16144602e-14   9.26339263e-15
  1.52000000e-06   1.31487021e-03   1.10706119e-03  -2.58798907e-03   6.96345746e-16   2.16543600e-14   9.61685122e-15
  1.60000000e-06   1.36922139e-03   1.15802040e-03  -2.55666356e-03   2.48396661e-16   2.16644038e-14   9.94574804e-15
  1.68000000e-06   1.42070131e-03   1.20683332e-03  -2.52242578e-03  -1.96993322e-16   2.16467818e-14   1.02457678e-14
  1.76000000e-06   1.46997563e-03   1.25397849e-03  -2.48724728e-03  -6.37574270e-16   2.16169200e-14   1.05216454e-14
  1.84000000e-06   1.51578207e-03   1.29909295e-03  -2.45079290e-03  -1.07208927e-15   2.15683957e-14   1.07696970e-14
  1.92000000e-06   1.55938295e-03   1.34320581e-03  -2.41380091e-03  -1.50240049e-15   2.15102183e-14   1.09991807e-14
  2.00000000e-06   1.59911607e-03   1.38400096e-03  -2.37243921e-03  -1.92470546e-15   2.14108294e-14   1.11930291e-14
  2.08000000e-06   1.63564855e-03   1.42345094e-03  -2.33178259e-03  -2.33876576e-15   2.13065991e-14   1.13661967e-14
  2.16000000e-06   1.67023137e-03   1.46108527e-03  -2.29052569e-03  -2.74403120e-15   2.11927798e-14   1.15175706e-14
  2.24000000e-06   1.70043627e-03   1.49669736e-03  -2.24659103e-03  -3.14123436e-15   2.10468899e-14   1.16440221e-14
  2.32000000e-06   1.72794367e-03   1.53030712e-03  -2.20346660e-03  -3.52657433e-15   2.08980211e-14   1.17481557e-14
  2.40000000e-06   1.75353310e-03   1.56265524e-03  -2.16003345e-03  -3.90329365e-15   2.07412213e-14   1.18363091e-14
  2.48000000e-06   1.77617908e-03   1.59248548e-03  -2.11694618e-03  -4.26612451e-15   2.05771092e-14   1.18998521e-14
  2.56000000e-06   1.79507908e-03   1.61998171e-03  -2.07174240e-03  -4.61698491e-15   2.03860750e-14   1.19402951e-14
  2.64000000e-06   1.81233364e-03   1.64597598e-03  -2.02835901e-03  -4.95590301e-15   2.02018636e-14   1.19653535e-14
  2.72000000e-06   1.82739191e-03   1.67000318e-03  -1.98369488e-03  -5.28269425e-15   2.00016311e-14   1.19722218e-14
  2.80000000e-06   1.83903357e-03   1.69301550e-03  -1.93806531e-03  -5.60025401e-15   1.97827968e-14   1.19673607e-14
  2.88000000e-06   1.84756733e-03   1.71260350e-03  -1.89341242e-03  -5.89829762e-15   1.95591109e-14   1.19358570e-14
  2.96000000e-06   1.85573656e-03   1.73229780e-03  -1.84915798e-03  -6.19041956e-15   1.93370527e-14   1.19025774e-14
  3.04000000e-06   1.86140862e-03   1.74993891e-03  -1.80389845e-03  -6.46849629e-15   1.90991405e-14   1.18531143e-14
  3.12000000e-06   1.86420472e-03   1.76580379e-03  -1.75844612e-03  -6.73302529e-15   1.88490767e-14   1.17899737e-14
  3.20000000e-06   1.86560419e-03   1.78066963e-03  -1.71352900e-03  -6.98677140e-15   1.85972772e-14   1.17191228e-14
  3.28000000e-06   1.86565950e-03   1.79450912e-03  -1.66863445e-03  -7.22961465e-15   1.83405498e-14   1.16408269e-14
  3.36000000e-06   1.86421479e-03   1.80743827e-03  -1.62356781e-03  -7.46192543e-15   1.80769638e-14   1.15562555e-14
  3.44000000e-06   1.85957861e-03   1.81746436e-03  -1.57726298e-03  -7.67524278e-15   1.77926605e-14   1.14532637e-14
  3.52000000e-06   1.85424999e-03   1.82725438e-03  -1.53139344e-03  -7.88031450e-15   1.75085590e-14   1.13494791e-14
  3.60000000e-06   1.84785247e-03   1.83590105e-03  -1.48568739e-03  -8.07345493e-15   1.72213778e-14   1.12393711e-14
  3.68000000e-06   1.84050949e-03   1.84347071e-03  -1.43890646e-03  -8.25447779e-15   1.69237514e-14   1.11237219e-14
  3.76000000e-06   1.83139577e-03   1.84942696e-03  -1.39202359e-03  -8.42117277e-15   1.66184037e-14   1.09998305e-14
  3.84000000e-06   1.82030449e-03   1.85349058e-03  -1.34518575e-03  -8.57226656e-15   1.63052906e-14   1.08665790e-14
  3.92000000e-06   1.80875522e-03   1.85708629e-03  -1.29748609e-03  -8.71339146e-15   1.59852328e-14   1.07327274e-14
  4.00000000e-06   1.79499301e-03   1.85945587e-03  -1.24863396e-03  -8.84092119e-15   1.56488738e-14   1.05947772e-14
  4.08000000e-06   1.78032515e-03   1.86061715e-03  -1.19972641e-03  -8.95534068e-15   1.53087623e-14   1.04526560e-14
  4.16000000e-06   1.76557159e-03   1.86086990e-03  -1.14993752e-03  -9.05744474e-15   1.49634911e-14   1.03079889e-14
  4.24000000e-06   1.74838699e-03   1.85922026e-03  -1.09915220e-03  -9.14256325e-15   1.46019963e-14   1.01565451e-14
  4.32000000e-06   1.73070055e-03   1.85649457e-03  -1.04813495e-03  -9.21478945e-15   1.42376200e-14   1.00025507e-14
  4.40000000e-06   1.71241624e-03   1.85245781e-03  -9.96420103e-04  -9.27267650e-15   1.38671652e-14   9.84490030e-15
  4.48000000e-06   1.69255162e-03   1.84698978e-03  -9.43135440e-04  -9.31483289e-15   1.34809538e-14   9.68402618e-15
  4.56000000e-06   1.67181634e-03   1.84037030e-03  -8.89093864e-04  -9.34307364e-15   1.30872361e-14   9.52144389e-15
  4.64000000e-06   1.65040253e-03   1.83304980e-03  -8.35198067e-04  -9.36035927e-15   1.26923715e-14   9.35992151e-15
  4.72000000e-06   1.62698045e-03   1.82391063e-03  -7.79886440e-04  -9.36003315e-15   1.22808394e-14   9.19436738e-15
  4.80000000e-06   1.60318321e-03   1.81269407e-03  -7.23845055e-04  -9.34141253e-15   1.18644284e-14   9.02207350e-15
  4.88000000e-06   1.57814232e-03   1.80081759e-03  -6.65858777e-04  -9.30987576e-15   1.14319635e-14   8.85258591e-15
  4.96000000e-06   1.55341856e-03   1.78818782e-03  -6.08213269e-04  -9.26751286e-15   1.10044122e-14   8.68384429e-15
  5.04000000e-06   1.52789147e-03   1.77291625e-03  -5.49697235e-04  -9.20402859e-15   1.05693724e-14   8.50623750e-15
  5.12000000e-06   1.49946551e-03   1.75560259e-03  -4.89460376e-04  -9.12120527e-15   1.01117776e-14   8.32616991e-15
  5.20000000e-06   1.47168165e-03   1.73813437e-03  -4.28764862e-04  -9.02978261e-15   9.65612534e-15   8.15056991e-15
  5.28000000e-06   1.44320935e-03   1.72052245e-03  -3.67082478e-04  -8.92943503e-15   9.19299323e-15   7.98105965e-15
  5.36000000e-06   1.41375310e-03   1.70107651e-03  -3.05008799e-04  -8.81278021e-15   8.72433269e-15   7.80850271e-15
  5.44000000e-06   1.38294631e-03   1.67823148e-03  -2.41339216e-04  -8.67054774e-15   8.24145534e-15   7.62481875e-15
  5.52000000e-06   1.35232424e-03   1.65557685e-03  -1.77198955e-04  -8.52217080e-15   7.75837555e-15   7.44840095e-15
  5.60000000e-06   1.32120834e-03   1.63152406e-03  -1.11870318e-04  -8.35900788e-15   7.26769796e-15   7.27121525e-15
  5.68000000e-06   1.00004891e-03   1.23101088e-03  -4.66488366e-05  -6.28626785e-15   5.31232704e-15   5.42258038e-15
  5.76000000e-06   1.25420295e-04   1.02671412e-04  -1.93101233e-05  -5.47278874e-16   7.41992433e-16   3.90548169e-16
  5.84000000e-06  -4.76253080e-04  -6.95913973e-04  -9.16641669e-05   3.38931436e-15  -1.90005251e-15  -3.18443206e-15
  5.92000000e-06  -4.42051508e-04  -6.61501028e-04  -1.63650487e-04   3.10700993e-15  -1.32117700e-15  -3.05222728e-15
  6.00000000e-06  -4.05774642e-04  -6.24810012e-04  -2.34375904e-04   2.81642746e-15  -7.38407383e-16  -2.90759633e-15
  6.08000000e-06  -3.70617076e-04  -5.88796813e-04  -3.02910313e-04   2.53330419e-15  -1.73259592e-16  -2.76276858e-15
  6.16000000e-06  -3.35199460e-04  -5.50706255e-04  -3.78443294e-04   2.23041490e-15   4.32304679e-16  -2.60463529e-15
  6.24000000e-06  -2.99675069e-04  -5.11866270e-04  -4.53089814e-04   1.92498616e-15   1.03340046e-15  -2.44064899e-15
  6.32000000e-06  -2.63556060e-04  -4.72771567e-04  -5.26137377e-04   1.61997908e-15   1.62823552e-15  -2.27457469e-15
  6.40000000e-06  -2.27249163e-04  -4.31813024e-04  -5.99985612e-04   1.30351996e-15   2.22801144e-15  -2.09723059e-15
  6.48000000e-06  -1.90279580e-04  -3.92097994e-04  -6.69311472e-04   9.98168520e-16   2.80507492e-15  -1.92704800e-15
  6.56000000e-06  -1.53286088e-04  -3.51817104e-04  -7.41014632e-04   6.84594540e-16   3.39471240e-15  -1.75334825e-15
  6.64000000e-06  -1.21378812e-04  -3.10038860e-04  -8.14542880e-04   3.58418317e-16   3.96826835e-15  -1.56384865e-15
  6.72000000e-06  -8.61240931e-05  -2.68084290e-04  -8.92930391e-04   2.11090636e-17   4.58450352e-15  -1.37844045e-15
  6.80000000e-06  -5.15647648e-05  -2.25937643e-04  -9.71983276e-04  -3.22052468e-16   5.19956781e-15  -1.19155500e-15
  6.88000000e-06  -1.95843488e-05  -1.85365642e-04  -1.04998007e-03  -6.60362896e-16   5.79423101e-15  -1.01060830e-15
  6.96000000e-06   1.17834338e-05  -1.44140116e-04  -1.13561352e-03  -1.01871069e-15   6.42675517e-15  -8.26299733e-16
  7.04000000e-06   4.78331497e-05  -1.01985521e-04  -1.21787754e-03  -1.38256785e-15   7.06130727e-15  -6.45618011e-16
  7.12000000e-06   7.64826599e-05  -5.90134633e-05  -1.28864180e-03  -1.73879847e-15   7.59236418e-15  -4.50893053e-16
  7.20000000e-06   1.06126517e-04  -1.94596016e-05  -1.36838372e-03  -2.09874091e-15   8.17596978e-15  -2.79039550e-16
  7.28000000e-06   1.37682230e-04   2.10484153e-05  -1.45813271e-03  -2.48728718e-15   8.82188102e-15  -1.07513279e-16
  7.36000000e-06   1.67136340e-04   6.18765637e-05  -1.54111009e-03  -2.87488550e-15   9.41612685e-15   6.62767269e-17
  7.44000000e-06   1.94794429e-04   1.02513694e-04  -1.62273711e-03  -3.26811784e-15   9.99022574e-15   2.38808735e-16
  7.52000000e-06   2.22029898e-04   1.41970951e-04  -1.69893804e-03  -3.65534232e-15   1.05280954e-14   4.02067891e-16
  7.60000000e-06   2.47770993e-04   1.80750296e-04  -1.80436341e-03  -4.10080604e-15   1.12160497e-14   5.60443371e-16
  7.68000000e-06   2.71764974e-04   2.17990996e-04  -1.88712759e-03  -4.51004773e-15   1.17646641e-14   7.09500428e-16
  7.76000000e-06   2.94528661e-04   2.53034701e-04  -1.96935110e-03  -4.91789621e-15   1.22991979e-14   8.44776980e-16
  7.84000000e-06   3.16322828e-04   2.86939456e-04  -2.05315395e-03  -5.33479825e-15   1.28319325e-14   9.71417299e-16
  7.92000000e-06   3.36127810e-04   3.19281093e-04  -2.12814464e-03  -5.73844993e-15   1.33006876e-14   1.08912027e-15
  8.00000000e-06   3.53721823e-04   3.50945639e-04  -2.21462945e-03  -6.17314596e-15   1.38150343e-14   1.20324852e-15
  8.08000000e-06   3.70432607e-04   3.80360404e-04  -2.29666506e-03  -6.60021450e-15   1.42940003e-14   1.30273112e-15
  8.16000000e-06   3.84729477e-04   4.06858665e-04  -2.39565416e-03  -7.06149037e-15   1.48452433e-14   1.38715864e-15
  8.24000000e-06   3.97893706e-04   4.31383701e-04  -2.50510943e-03  -7.55108330e-15   1.54383333e-14   1.45914458e-15
  8.32000000e-06   4.07066296e-04   4.52836297e-04  -2.60033748e-03  -8.01073182e-15   1.59257194e-14   1.51935851e-15
  8.40000000e-06   4.15746728e-04   4.74220396e-04  -2.69313952e-03  -8.48037768e-15   1.63880885e-14   1.57655276e-15
  8.48000000e-06   4.21773904e-04   4.89941952e-04  -2.78843693e-03  -8.94301504e-15   1.68405097e-14   1.60625539e-15
  8.56000000e-06   4.23726421e-04   5.05380622e-04  -2.88838861e-03  -9.43122208e-15   1.72864337e-14   1.64104326e-15
  8.64000000e-06   4.23736153e-04   5.13551011e-04  -2.97816157e-03  -9.87564860e-15   1.76576343e-14   1.63974535e-15
  8.72000000e-06   4.23608295e-04   5.20772286e-04  -3.08448014e-03  -1.03724940e-14   1.81026105e-14   1.63186764e-15
  8.80000000e-06   4.18556239e-04   5.22575658e-04  -3.18328950e-03  -1.08412332e-14   1.84709230e-14   1.60676211e-15
  8.88000000e-06   4.12340012e-04   5.21291851e-04  -3.28471091e-03  -1.13185065e-14   1.88335832e-14   1.56808940e-15
  8.96000000e-06   4.02445515e-04   5.14976857e-04  -3.40204748e-03  -1.18311574e-14   1.92444336e-14   1.51351259e-15
  9.04000000e-06   3.90391835e-04   5.04751273e-04  -3.50572300e-03  -1.23068492e-14   1.95595570e-14   1.44569832e-15
  9.12000000e-06   3.71217637e-04   4.87789509e-04  -3.61840491e-03  -1.27921992e-14   1.98683467e-14   1.36603869e-15
  9.20000000e-06   3.52035490e-04   4.67985253e-04  -3.73150973e-03  -1.32840053e-14   2.01623005e-14   1.27541353e-15
  9.28000000e-06   3.27869889e-04   4.40301243e-04  -3.84740484e-03  -1.37640581e-14   2.04271529e-14   1.16475411e-15
  9.36000000e-06   3.00446998e-04   4.07814741e-04  -3.96321853e-03  -1.42393291e-14   2.06569450e-14   1.04613030e-15
  9.44000000e-06   2.68718665e-04   3.69144535e-04  -4.08130251e-03  -1.47102354e-14   2.08569764e-14   9.17923644e-16
  9.52000000e-06   2.32230143e-04   3.23960964e-04  -4.20922038e-03  -1.51998719e-14   2.10596449e-14   7.82243302e-16
  9.60000000e-06   1.91996108e-04   2.71417620e-04  -4.30749226e-03  -1.55746994e-14   2.10844461e-14   6.34338575e-16
  9.68000000e-06   1.49713262e-04   2.12755460e-04  -4.41260497e-03  -1.59570115e-14   2.11130076e-14   4.76573684e-16
  9.76000000e-06   1.00144951e-04   1.42980408e-04  -4.55026346e-03  -1.64113697e-14   2.12345059e-14   3.06048761e-16
  9.84000000e-06   4.67210772e-05   6.64243662e-05  -4.67777846e-03  -1.68169411e-14   2.12680218e-14   1.34039966e-16
  9.92000000e-06  -1.27094714e-05  -1.84656116e-05  -4.80002077e-03  -1.71820132e-14   2.12246649e-14  -3.61565335e-17
  1.00000000e-05  -7.71580989e-05  -1.12865395e-04  -4.92483429e-03  -1.75242417e-14   2.11473599e-14  -2.10091934e-16
  1.00800000e-05  -1.46941464e-04  -2.14989359e-04  -5.03394120e-03  -1.77853272e-14   2.09543192e-14  -3.75759978e-16
  1.01600000e-05  -2.22869937e-04  -3.27438917e-04  -5.17696983e-03  -1.81394053e-14   2.08538689e-14  -5.38083127e-16
  1.02400000e-05  -3.03925705e-04  -4.50791041e-04  -5.29931457e-03  -1.83750991e-14   2.06185349e-14  -7.00087878e-16
  1.03200000e-05  -3.93185541e-04  -5.83805357e-04  -5.43286606e-03  -1.86210854e-14   2.03675146e-14  -8.41015133e-16
  1.04000000e-05  -4.87686943e-04  -7.29321474e-04  -5.56527990e-03  -1.88144912e-14   2.00639414e-14  -9.80630213e-16
  1.04800000e-05  -5.88815057e-04  -8.85625213e-04  -5.69613506e-03  -1.89601962e-14   1.97008149e-14  -1.10311454e-15
  1.05600000e-05  -6.94136404e-04  -1.04882359e-03  -5.82765285e-03  -1.90863449e-14   1.92995968e-14  -1.20002784e-15
  1.06400000e-05  -8.09467840e-04  -1.23189214e-03  -5.95521981e-03  -1.91056290e-14   1.88148278e-14  -1.29507330e-15
  1.07200000e-05  -9.29803212e-04  -1.42121663e-03  -6.05093687e-03  -1.89631035e-14   1.81695286e-14  -1.35365511e-15
  1.08000000e-05  -1.06322123e-03  -1.63014679e-03  -6.20100568e-03  -1.89618678e-14   1.76501824e-14  -1.38876309e-15
  1.08800000e-05  -1.19995172e-03  -1.84868855e-03  -6.33897002e-03  -1.88670751e-14   1.70525001e-14  -1.40167605e-15
  1.09600000e-05  -1.35086728e-03  -2.08435158e-03  -6.45403545e-03  -1.85862792e-14   1.62890403e-14  -1.37038146e-15
  1.10400000e-05  -1.50637972e-03  -2.33362183e-03  -6.55848641e-03  -1.81863350e-14   1.54584635e-14  -1.32327509e-15
  1.11200000e-05  -1.67193279e-03  -2.59517908e-03  -6.69613113e-03  -1.78730788e-14   1.46868563e-14  -1.22943169e-15
  1.12000000e-05  -1.84736559e-03  -2.87608726e-03  -6.82946370e-03  -1.74385560e-14   1.38442046e-14  -1.11308186e-15
  1.12800000e-05  -2.03450265e-03  -3.17355080e-03  -6.93743579e-03  -1.67936319e-14   1.28551190e-14  -9.55639014e-16
  1.13600000e-05  -2.22544837e-03  -3.47808413e-03  -6.99900064e-03  -1.58762283e-14   1.17018321e-14  -7.66999518e-16
  1.14400000e-05  -2.43388072e-03  -3.80871436e-03  -7.13576828e-03  -1.51665460e-14   1.07149837e-14  -5.46086750e-16
  1.15200000e-05  -2.64980090e-03  -4.15289831e-03  -7.24160203e-03  -1.42212885e-14   9.59851576e-15  -3.00772784e-16
  1.16000000e-05  -2.87737106e-03  -4.51882653e-03  -7.31439051e-03  -1.29793204e-14   8.33786148e-15  -4.52571879e-17
  1.16800000e-05  -3.11833182e-03  -4.90453625e-03  -7.40276633e-03  -1.16826841e-14   7.08033950e-15   2.30279283e-16
  1.17600000e-05  -3.36818290e-03  -5.30190929e-03  -7.47158343e-03  -1.01959123e-14   5.74553218e-15   5.19221525e-16
  1.18400000e-05  -3.63233258e-03  -5.72273465e-03  -7.56314241e-03  -8.66454715e-15   4.43827859e-15   8.03029469e-16
  1.19200000e-05  -3.91050830e-03  -6.16250362e-03  -7.59305705e-03  -6.69119728e-15   2.91254823e-15   1.08222465e-15
  1.20000000e-05  -4.19820318e-03  -6.62129374e-03  -7.64915831e-03  -4.70320958e-15   1.46340068e-15   1.31457910e-15
  1.20800000e-05  -4.50137722e-03  -7.10216454e-03  -7.67506230e-03  -2.40465677e-15  -1.01018011e-16   1.50379414e-15
  1.21600000e-05  -4.81520412e-03  -7.60101519e-03  -7.68037047e-03   1.38616519e-16  -1.71926856e-15   1.61459914e-15
  1.22400000e-05  -5.14527362e-03  -8.12222649e-03  -7.69072749e-03   2.82185263e-15  -3.33621684e-15   1.63551561e-15
  1.23200000e-05  -5.48723374e-03  -8.66418130e-03  -7.67009044e-03   5.81239104e-15  -5.03033722e-15   1.52407661e-15
  1.24000000e-05  -5.84399496e-03  -9.23063598e-03  -7.64224704e-03   9.00740151e-15  -6.73668226e-15   1.24893275e-15
  1.24800000e-05  -6.21340428e-03  -9.81735082e-03  -7.59206601e-03   1.24511730e-14  -8.48221139e-15   7.78269489e-16
  1.25600000e-05  -6.59690725e-03  -1.04274645e-02  -7.51361495e-03   1.61779417e-14  -1.02806851e-14   6.34978324e-17
  1.26400000e-05  -6.99298169e-03  -1.10617197e-02  -7.42637182e-03   2.00790828e-14  -1.20576685e-14  -9.47179663e-16
  1.27200000e-05  -7.40061466e-03  -1.17166816e-02  -7.29960568e-03   2.42626083e-14  -1.38910214e-14  -2.30170521e-15
  1.28000000e-05  -7.82373337e-03  -1.23978202e-02  -7.16172262e-03   2.85898198e-14  -1.57013190e-14  -4.05167852e-15
  1.28800000e-05  -8.25647611e-03  -1.30980724e-02  -6.99389168e-03   3.30753824e-14  -1.75082264e-14  -6.25718685e-15
  1.29600000e-05  -8.70608853e-03  -1.38391610e-02  -6.78687666e-03   3.78212751e-14  -1.93697933e-14  -9.01941876e-15
  1.30400000e-05  -9.16640591e-03  -1.46043189e-02  -6.57348701e-03   4.25311298e-14  -2.11267437e-14  -1.23702835e-14
  1.31200000e-05  -9.63546892e-03  -1.53899125e-02  -6.32534404e-03   4.72444337e-14  -2.28528718e-14  -1.63656828e-14
  1.32000000e-05  -1.01168420e-02  -1.62124866e-02  -6.04694658e-03   5.19338400e-14  -2.45316951e-14  -2.11158931e-14
  1.32800000e-05  -1.06082707e-02  -1.70619091e-02  -5.74081906e-03   5.64328242e-14  -2.61212520e-14  -2.66471118e-14
  1.33600000e-05  -1.11019315e-02  -1.79372937e-02  -5.41924253e-03   6.05655354e-14  -2.75040179e-14  -3.30390782e-14
  1.34400000e-05  -1.16094862e-02  -1.88540438e-02  -5.05667605e-03   6.43685599e-14  -2.88132265e-14  -4.03506314e-14
  1.35200000e-05  -1.21214792e-02  -1.98058271e-02  -4.67296892e-03   6.75654997e-14  -2.98797854e-14  -4.86200395e-14
  1.36000000e-05  -1.26368426e-02  -2.07917066e-02  -4.27745079e-03   6.99340364e-14  -3.06033419e-14  -5.78498073e-14
  1.36800000e-05  -1.31535207e-02  -2.18122981e-02  -3.89403488e-03   7.11882594e-14  -3.07841987e-14  -6.80276715e-14
  1.37600000e-05  -1.36782787e-02  -2.28804264e-02  -3.47625185e-03   7.13317623e-14  -3.06203117e-14  -7.91340647e-14
  1.38400000e-05  -1.42029033e-02  -2.39932310e-02  -3.06178688e-03   6.99715820e-14  -2.97970374e-14  -9.10815892e-14
  1.39200000e-05  -1.47253160e-02  -2.51416478e-02  -2.69823261e-03   6.66674855e-14  -2.79220026e-14  -1.03658460e-13
  1.40000000e-05  -1.52520451e-02  -2.63557221e-02  -2.30567064e-03   6.15304451e-14  -2.53892135e-14  -1.16805091e-13
  1.40800000e-05  -1.57831676e-02  -2.76245442e-02  -1.97388103e-03   5.39628515e-14  -2.15324336e-14  -1.30140096e-13
  1.41600000e-05  -1.63077899e-02  -2.89479055e-02  -1.68480058e-03   4.37837453e-14  -1.63249594e-14  -1.43306419e-13
  1.42400000e-05  -1.68367123e-02  -3.03287580e-02  -1.48405492e-03   3.06454076e-14  -9.39046221e-15  -1.55767048e-13
  1.43200000e-05  -1.73682991e-02  -3.17755636e-02  -1.36925041e-03   1.44110260e-14  -6.83156496e-16  -1.66943407e-13
  1.44000000e-05  -1.79094314e-02  -3.32895430e-02  -1.37838918e-03  -5.14015345e-15   1.00561570e-14  -1.76080639e-13
  1.44800000e-05  -1.84516884e-02  -3.48665121e-02  -1.50848451e-03  -2.79904928e-14   2.26991363e-14  -1.82280864e-13
  1.45600000e-05  -1.90048731e-02  -3.64935675e-02  -1.81746883e-03  -5.41702502e-14   3.73952043e-14  -1.84424444e-13
  1.46400000e-05  -1.95899889e-02  -3.82277977e-02  -2.28194594e-03  -8.33874888e-14   5.35798901e-14  -1.81722632e-13
  1.47200000e-05  -2.01891884e-02  -3.99943790e-02  -2.97837772e-03  -1.15289148e-13   7.10473338e-14  -1.72543486e-13
  1.48000000e-05  -2.08211057e-02  -4.18056981e-02  -3.88338683e-03  -1.49025086e-13   8.86901811e-14  -1.55762970e-13
  1.48800000e-05  -2.14998888e-02  -4.36741152e-02  -5.03317388e-03  -1.83705222e-13   1.05455274e-13  -1.30340018e-13
  1.49600000e-05  -2.22343236e-02  -4.55776059e-02  -6.41955827e-03  -2.17796082e-13   1.19670167e-13  -9.52917816e-14
  1.50400000e-05  -2.30418915e-02  -4.75017801e-02  -8.01839088e-03  -2.49268130e-13   1.29363011e-13  -5.00554441e-14
  1.51200000e-05  -2.39286371e-02  -4.94118583e-02  -9.77538815e-03  -2.75354175e-13   1.32300536e-13   5.28212099e-15
  1.52000000e-05  -2.49173758e-02  -5.13310523e-02  -1.17043021e-02  -2.93459838e-13   1.26573380e-13   6.96414239e-14
  1.52800000e-05  -2.60122112e-02  -5.32025264e-02  -1.37083823e-02  -2.99698381e-13   1.10226981e-13   1.40896547e-13
  1.53600000e-05  -2.72538929e-02  -5.50912312e-02  -1.56519375e-02  -2.90233896e-13   8.23020416e-14   2.15684654e-13
  1.54400000e-05  -2.86371819e-02  -5.69491391e-02  -1.74370829e-02  -2.61259213e-13   4.28850912e-14   2.89008121e-13
  1.55200000e-05  -3.01360684e-02  -5.87272562e-02  -1.89755715e-02  -2.10155875e-13  -6.58181156e-15   3.54129180e-13
  1.56000000e-05  -3.18228282e-02  -6.06370363e-02  -1.99670209e-02  -1.34822568e-13  -6.24615127e-14   4.04562929e-13
  1.56800000e-05  -3.36009442e-02  -6.24895322e-02  -2.04336385e-02  -3.75985330e-14  -1.20784581e-13   4.31206521e-13
  1.57600000e-05  -3.54688537e-02  -6.43983877e-02  -2.00953129e-02   7.76348171e-14  -1.75946315e-13   4.26817987e-13
  1.58400000e-05  -3.73765417e-02  -6.64342618e-02  -1.90096452e-02   2.01356131e-13  -2.23575769e-13   3.85440929e-13
  1.59200000e-05  -3.92101649e-02  -6.84536364e-02  -1.71421332e-02   3.20580241e-13  -2.59517076e-13   3.03047665e-13
  1.60000000e-05  -4.09112382e-02  -7.05787528e-02  -1.46136654e-02   4.20502224e-13  -2.81252106e-13   1.81142523e-13
  1.60800000e-05  -4.23754003e-02  -7.27482268e-02  -1.15528594e-02   4.85373359e-13  -2.86833696e-13   2.58596019e-14
  1.61600000e-05  -4.35314685e-02  -7.49520805e-02  -8.25486296e-03   5.01501194e-13  -2.74671988e-13  -1.50680447e-13
  1.62400000e-05  -4.43139159e-02  -7.71138985e-02  -4.94212265e-03   4.59867906e-13  -2.43078411e-13  -3.30591513e-13
  1.63200000e-05  -3.52879930e-02  -6.26798564e-02  -2.15189791e-03   2.87391867e-13  -1.48543426e-13  -3.86078536e-13
  1.64000000e-05  -5.77750827e-03  -1.05015412e-02  -1.01892884e-04   3.90703318e-14  -2.07951826e-14  -7.21119798e-14
  1.64800000e-05   2.05276446e-02   3.81443006e-02  -1.74214505e-03  -1.53475582e-13   9.41192281e-14   2.52344045e-13
  1.65600000e-05   3.04300448e-02   5.78911189e-02  -3.97277177e-03  -3.02227285e-13   1.80462028e-13   3.14732136e-13
  1.66400000e-05   3.06198866e-02   5.93119157e-02  -6.83484314e-03  -3.73278122e-13   2.19091283e-13   2.28972332e-13
  1.67200000e-05   3.08717781e-02   6.05101161e-02  -1.04058854e-02  -4.31019769e-13   2.40767891e-13   1.21330030e-13
  1.68000000e-05   3.11665582e-02   6.13110870e-02  -1.41749265e-02  -4.68776235e-13   2.37717006e-13  -2.50115979e-15
  1.68800000e-05   3.15492147e-02   6.18130754e-02  -1.81348438e-02  -4.82531888e-13   2.07109785e-13  -1.33522482e-13
  1.69600000e-05   3.20252791e-02   6.19490741e-02  -2.18603550e-02  -4.66719839e-13   1.49075035e-13  -2.61284538e-13
  1.70400000e-05   3.25998700e-02   6.17982809e-02  -2.53164294e-02  -4.19583948e-13   6.79384606e-14  -3.74456521e-13
  1.71200000e-05   3.32433809e-02   6.13843450e-02  -2.79794829e-02  -3.39629795e-13  -2.66629912e-14  -4.62021866e-13
  1.72000000e-05   3.39846459e-02   6.08644968e-02  -2.96798344e-02  -2.30878320e-13  -1.22755402e-13  -5.16100039e-13
  1.72800000e-05   3.48140575e-02   6.03698048e-02  -3.01290128e-02  -1.00558112e-13  -2.07514083e-13  -5.31992890e-13
  1.73600000e-05   3.56546105e-02   5.99069003e-02  -2.94049195e-02   3.92733765e-14  -2.72658053e-13  -5.07868142e-13
  1.74400000e-05   3.64825219e-02   5.95843310e-02  -2.75540775e-02   1.75072843e-13  -3.13735443e-13  -4.46635079e-13
  1.75200000e-05   3.71428377e-02   5.92530975e-02  -2.47189471e-02   2.92533638e-13  -3.30616763e-13  -3.52949413e-13
  1.76000000e-05   3.75284132e-02   5.88623572e-02  -2.12129865e-02   3.79907983e-13  -3.27138833e-13  -2.35648999e-13
  1.76800000e-05   3.75821074e-02   5.83748809e-02  -1.73471166e-02   4.30245718e-13  -3.08423493e-13  -1.05760740e-13
  1.77600000e-05   3.72952019e-02   5.78015893e-02  -1.34235061e-02   4.42158644e-13  -2.79437544e-13   2.52141090e-14
  1.78400000e-05   3.66719260e-02   5.71070353e-02  -9.61282905e-03   4.18196751e-13  -2.43821084e-13   1.46905874e-13
  1.79200000e-05   3.57223848e-02   5.62814450e-02  -6.25568646e-03   3.65162105e-13  -2.03887031e-13   2.50876471e-13
  1.80000000e-05   3.45285939e-02   5.53496454e-02  -3.48127755e-03   2.91601961e-13  -1.61048277e-13   3.31671530e-13
  1.80800000e-05   1.63485468e-02   2.69139495e-02  -1.39434728e-03   1.11122486e-13  -5.77860863e-14   1.87499451e-13
  1.81600000e-05  -1.30566483e-02  -2.25013482e-02  -4.11330254e-04  -8.23849340e-14   5.06355759e-14  -1.54857598e-13
  1.82400000e-05  -4.22157709e-02  -7.25511446e-02  -2.60258329e-03  -3.36536839e-13   2.11342432e-13  -4.32636770e-13
  1.83200000e-05  -4.40301840e-02  -7.69631789e-02  -5.49847857e-03  -4.53891147e-13   2.81222649e-13  -3.01697699e-13
  1.84000000e-05  -4.25343665e-02  -7.50793532e-02  -8.80225688e-03  -4.94083013e-13   2.94028124e-13  -1.20416098e-13
  1.84800000e-05  -4.12532206e-02  -7.28931986e-02  -1.21451478e-02  -4.88944554e-13   2.67759454e-13   5.37411711e-14
  1.85600000e-05  -4.01754168e-02  -7.05635692e-02  -1.51255893e-02  -4.45974798e-13   2.10089752e-13   2.04457533e-13
  1.86400000e-05  -3.92310583e-02  -6.80065601e-02  -1.76048458e-02  -3.72306809e-13   1.31868979e-13   3.20254692e-13
  1.87200000e-05  -3.83832288e-02  -6.53267695e-02  -1.94038313e-02  -2.77952416e-13   4.58621158e-14   3.95421254e-13
  1.88000000e-05  -3.76592184e-02  -6.27431158e-02  -2.02753242e-02  -1.73547672e-13  -3.50360287e-14   4.30766935e-13
  1.88800000e-05  -3.69241121e-02  -6.01234426e-02  -2.04889286e-02  -6.79463056e-14  -1.04459811e-13   4.28979992e-13
  1.89600000e-05  -3.62205429e-02  -5.76956369e-02  -1.99230795e-02   2.98666727e-14  -1.56148348e-13   3.97894878e-13
  1.90400000e-05  -3.54594276e-02  -5.53364545e-02  -1.88081193e-02   1.13601766e-13  -1.89838096e-13   3.44357321e-13
  1.91200000e-05  -3.46249240e-02  -5.31196752e-02  -1.72219690e-02   1.78952183e-13  -2.06425656e-13   2.76917121e-13
  1.92000000e-05  -3.37254839e-02  -5.10414048e-02  -1.54051874e-02   2.24426632e-13  -2.09503940e-13   2.02819905e-13
  1.92800000e-05  -3.27183386e-02  -4.90470473e-02  -1.34323100e-02   2.50160602e-13  -2.01944023e-13   1.28043412e-13
  1.93600000e-05  -3.16258054e-02  -4.71486960e-02  -1.14366312e-02   2.58229066e-13  -1.87140667e-13   5.74239224e-14
  1.94400000e-05  -3.04590094e-02  -4.53353017e-02  -9.51906762e-03   2.51643991e-13  -1.67861924e-13  -5.75221528e-15
  1.95200000e-05  -2.92561751e-02  -4.36376124e-02  -7.75288635e-03   2.34019166e-13  -1.46312661e-13  -5.95611065e-14
  1.96000000e-05  -2.79871367e-02  -4.19599499e-02  -6.23827621e-03   2.08707514e-13  -1.23874947e-13  -1.03127712e-13
  1.96800000e-05  -2.67239629e-02  -4.03901233e-02  -4.87204888e-03   1.78388757e-13  -1.01556470e-13  -1.36570099e-13
  1.97600000e-05  -2.54577949e-02  -3.88741428e-02  -3.75321822e-03   1.45983179e-13  -8.01109045e-14  -1.60440204e-13
  1.98400000e-05  -2.42000462e-02  -3.74020831e-02  -2.91753305e-03   1.13833457e-13  -5.99500525e-14  -1.75668305e-13
  1.99200000e-05  -2.29846832e-02  -3.59975202e-02  -2.23884250e-03   8.27091258e-14  -4.13919295e-14  -1.83593189e-13
  2.00000000e-05  -2.18009875e-02  -3.46384311e-02  -1.79103540e-03   5.42581328e-14  -2.45675678e-14  -1.85311172e-13
  2.00800000e-05  -2.06664834e-02  -3.33212447e-02  -1.54518742e-03   2.90709814e-14  -9.58420929e-15  -1.82137886e-13
  2.01600000e-05  -1.95872426e-02  -3.20555857e-02  -1.42920379e-03   7.08402329e-15   3.48392490e-15  -1.75227450e-13
  2.02400000e-05  -1.85574185e-02  -3.08154821e-02  -1.46424494e-03  -1.13002267e-14   1.46695049e-14  -1.65508396e-13
  2.03200000e-05  -1.75857569e-02  -2.96312209e-02  -1.59184819e-03  -2.64831654e-14   2.39877782e-14  -1.53947245e-13
  2.04000000e-05  -1.66709938e-02  -2.84805683e-02  -1.80792802e-03  -3.85558115e-14   3.15346301e-14  -1.41244834e-13
  2.04800000e-05  -1.58028600e-02  -2.73560958e-02  -2.10621005e-03  -4.76989127e-14   3.74045645e-14  -1.27937672e-13
  2.05600000e-05  -1.49822756e-02  -2.62599226e-02  -2.44404164e-03  -5.44209588e-14   4.17085864e-14  -1.14529327e-13
  2.06400000e-05  -1.42108015e-02  -2.51888619e-02  -2.83618347e-03  -5.88341231e-14   4.46118762e-14  -1.01418806e-13
  2.07200000e-05  -1.34831179e-02  -2.41539047e-02  -3.22189683e-03  -6.16318553e-14   4.62565328e-14  -8.88564481e-14
  2.08000000e-05  -1.27918616e-02  -2.31354240e-02  -3.63383727e-03  -6.27459337e-14   4.67889138e-14  -7.70106194e-14
  2.08800000e-05  -1.21401461e-02  -2.21412493e-02  -4.05510138e-03  -6.25338194e-14   4.63839773e-14  -6.60475484e-14
  2.09600000e-05  -1.15260137e-02  -2.11763279e-02  -4.45981600e-03  -6.13789205e-14   4.52108069e-14  -5.60437002e-14
  2.10400000e-05  -1.09407860e-02  -2.02313565e-02  -4.84049932e-03  -5.94586809e-14   4.34001193e-14  -4.70031227e-14
  2.11200000e-05  -1.03847197e-02  -1.93116835e-02  -5.21592518e-03  -5.68322013e-14   4.10774983e-14  -3.89363657e-14
  2.12000000e-05  -9.85443358e-03  -1.84139789e-02  -5.56639110e-03  -5.37391411e-14   3.83763420e-14  -3.18145734e-14
  2.12800000e-05  -9.34788011e-03  -1.75373484e-02  -5.89357723e-03  -5.02774307e-14   3.54010205e-14  -2.55961074e-14
  2.13600000e-05  -8.86586993e-03  -1.66791320e-02  -6.21023531e-03  -4.64600629e-14   3.22369800e-14  -2.02530123e-14
  2.14400000e-05  -8.40644403e-03  -1.58565665e-02  -6.48474296e-03  -4.26333815e-14   2.90177261e-14  -1.56870314e-14
  2.15200000e-05  -7.96753301e-03  -1.50556708e-02  -6.73379335e-03  -3.87041046e-14   2.57829789e-14  -1.18512416e-14
  2.16000000e-05  -7.54268149e-03  -1.42720557e-02  -6.95138018e-03  -3.47400427e-14   2.25774242e-14  -8.65916950e-15
  2.16800000e-05  -7.13991953e-03  -1.35187786e-02  -7.14673646e-03  -3.08064763e-14   1.94745951e-14  -6.06108491e-15
  2.17600000e-05  -6.74799993e-03  -1.27829327e-02  -7.30755360e-03  -2.69436686e-14   1.64894150e-14  -3.96400895e-15
  2.18400000e-05  -6.37607182e-03  -1.20782285e-02  -7.44990249e-03  -2.31708084e-14   1.36643905e-14  -2.32256622e-15
  2.19200000e-05  -6.01402704e-03  -1.13867005e-02  -7.57437316e-03  -1.94221810e-14   1.09733960e-14  -1.07536977e-15
  2.20000000e-05  -5.67030974e-03  -1.07315201e-02  -7.65545970e-03  -1.59683270e-14   8.54466210e-15  -1.50461705e-16
  2.20800000e-05  -5.33698658e-03  -1.00900120e-02  -7.74901535e-03  -1.24307435e-14   6.20510458e-15   4.81755665e-16
  2.21600000e-05  -5.01887815e-03  -9.48009763e-03  -7.79619194e-03  -9.21257047e-15   4.14582676e-15   8.89399117e-16
  2.22400000e-05  -4.71241630e-03  -8.88278923e-03  -7.83732981e-03  -6.02887175e-15   2.24419286e-15   1.08147310e-15
  2.23200000e-05  -4.41743712e-03  -8.32574503e-03  -7.85042966e-03  -3.13972191e-15   5.62748802e-16   1.16990043e-15
  2.24000000e-05  -4.13040199e-03  -7.77465488e-03  -7.85634350e-03  -2.76193819e-16  -9.75898002e-16   1.11095724e-15
  2.24800000e-05  -3.86063047e-03  -7.25492109e-03  -7.83134872e-03   2.30668122e-15  -2.26133804e-15   9.57764173e-16
  2.25600000e-05  -3.60205476e-03  -6.76061097e-03  -7.79394079e-03   4.72525551e-15  -3.37895271e-15   7.47138812e-16
  2.26400000e-05  -3.35139422e-03  -6.28429848e-03  -7.76846218e-03   7.13286116e-15  -4.42000074e-15   4.98370741e-16
  2.27200000e-05  -3.11169924e-03  -5.82212147e-03  -7.71508409e-03   9.34586920e-15  -5.26296328e-15   2.02211336e-16
  2.28000000e-05  -2.88130704e-03  -5.38456667e-03  -7.64950064e-03   1.13848917e-14  -5.96864357e-15  -8.69088632e-17
  2.28800000e-05  -2.66124403e-03  -4.96937493e-03  -7.57819157e-03   1.32912072e-14  -6.55399135e-15  -3.69732731e-16
  2.29600000e-05  -2.45382531e-03  -4.57497066e-03  -7.49418603e-03   1.50344960e-14  -6.99770482e-15  -6.50868878e-16
  2.30400000e-05  -2.25434303e-03  -4.19811592e-03  -7.40203972e-03   1.66509262e-14  -7.34346773e-15  -9.06259774e-16
  2.31200000e-05  -2.06439123e-03  -3.83817929e-03  -7.31223948e-03   1.81956604e-14  -7.61595401e-15  -1.13939987e-15
  2.32000000e-05  -1.88277369e-03  -3.49788979e-03  -7.21140481e-03   1.95843794e-14  -7.79299218e-15  -1.33315585e-15
  2.32800000e-05  -1.71088817e-03  -3.17632254e-03  -7.11242125e-03   2.08867085e-14  -7.90528453e-15  -1.49387792e-15
  2.33600000e-05  -1.54831679e-03  -2.86997315e-03  -6.99887203e-03   2.20331905e-14  -7.92209799e-15  -1.62571200e-15
  2.34400000e-05  -1.39319310e-03  -2.58060657e-03  -6.89294651e-03   2.31298452e-14  -7.90741644e-15  -1.71456574e-15
  2.35200000e-05  -1.24607991e-03  -2.30719679e-03  -6.77970460e-03   2.41020870e-14  -7.83058581e-15  -1.76503619e-15
  2.36000000e-05  -1.10839143e-03  -2.05044663e-03  -6.65982386e-03   2.49485082e-14  -7.69040004e-15  -1.78442525e-15
  2.36800000e-05  -9.79270196e-04  -1.80850148e-03  -6.53983770e-03   2.57109209e-14  -7.51231816e-15  -1.77250577e-15
  2.37600000e-05  -8.57072142e-04  -1.58105174e-03  -6.42254855e-03   2.64068022e-14  -7.30838110e-15  -1.72479908e-15
  2.38400000e-05  -7.43600939e-04  -1.36922603e-03  -6.29171163e-03   2.69406067e-14  -7.04753949e-15  -1.65032769e-15
  2.39200000e-05  -6.36346978e-04  -1.17075175e-03  -6.17626495e-03   2.74801455e-14  -6.79405671e-15  -1.54344961e-15
  2.40000000e-05  -5.35233574e-04  -9.84858618e-04  -6.06592651e-03   2.79743932e-14  -6.52936918e-15  -1.40824801e-15
  2.40800000e-05  -4.41608439e-04  -8.12627899e-04  -5.94950992e-03   2.83557739e-14  -6.23300139e-15  -1.25338697e-15
  2.41600000e-05  -3.56263523e-04  -6.52732987e-04  -5.83203292e-03   2.86581092e-14  -5.91008053e-15  -1.08918014e-15
  2.42400000e-05  -2.76753647e-04  -5.06616034e-04  -5.72406766e-03   2.89322044e-14  -5.58680585e-15  -9.04379188e-16
  2.43200000e-05  -2.02810902e-04  -3.71853866e-04  -5.58944669e-03   2.89904462e-14  -5.22460854e-15  -7.04325113e-16
  2.44000000e-05  -1.36321292e-04  -2.46655667e-04  -5.50487096e-03   2.92662871e-14  -4.89943696e-15  -5.05215145e-16
  2.44800000e-05  -7.51003126e-05  -1.36149425e-04  -5.38890009e-03   2.92825769e-14  -4.53411426e-15  -2.93531816e-16
  2.45600000e-05  -1.88166192e-05  -3.42440104e-05  -5.26622421e-03   2.92065517e-14  -4.16340035e-15  -7.72844110e-17
  2.46400000e-05   3.13348974e-05   5.81165243e-05  -5.15870966e-03   2.91558541e-14  -3.79756000e-15   1.34315508e-16
  2.47200000e-05   7.63329378e-05   1.39108555e-04  -5.04086460e-03   2.89787673e-14  -3.42373287e-15   3.44338531e-16
  2.48000000e-05   1.15387822e-04   2.10078551e-04  -4.94322507e-03   2.88537786e-14  -3.05585026e-15   5.43654403e-16
  2.48800000e-05   1.49996295e-04   2.70825504e-04  -4.85460485e-03   2.87179083e-14  -2.69121733e-15   7.37182465e-16
  2.49600000e-05   1.80405625e-04   3.23685670e-04  -4.75283294e-03   2.84587951e-14  -2.32171151e-15   9.22107307e-16
  2.50400000e-05   2.04969158e-04   3.67693966e-04  -4.65772003e-03   2.81831736e-14  -1.94899406e-15   1.08637874e-15
  2.51200000e-05   2.25950130e-04   4.02433205e-04  -4.57261333e-03   2.79084997e-14  -1.58192691e-15   1.23984007e-15
  2.52000000e-05   2.41873378e-04   4.30311654e-04  -4.48688283e-03   2.75876437e-14  -1.21058990e-15   1.37106001e-15
  2.52800000e-05   2.56294505e-04   4.45308596e-04  -4.37685894e-03   2.70561101e-14  -8.56860203e-16   1.49713875e-15
  2.53600000e-05   2.66303326e-04   4.56077316e-04  -4.30914182e-03   2.67358796e-14  -4.99544625e-16   1.59939565e-15
  2.54400000e-05   2.70827870e-04   4.59447318e-04  -4.22678227e-03   2.62888590e-14  -1.37697734e-16   1.66947110e-15
  2.55200000e-05   2.71583165e-04   4.54291261e-04  -4.15208765e-03   2.58360374e-14   2.24156721e-16   1.71443039e-15
  2.56000000e-05   2.70541464e-04   4.41486120e-04  -4.04717611e-03   2.51681019e-14   5.58244669e-16   1.74330748e-15
  2.56800000e-05   2.66454884e-04   4.19347486e-04  -3.98539124e-03   2.46922372e-14   9.05963725e-16   1.74619765e-15
  2.57600000e-05   2.58791692e-04   3.91217505e-04  -3.91632253e-03   2.41404604e-14   1.24874032e-15   1.71995019e-15
  2.58400000e-05   2.47145859e-04   3.56570458e-04  -3.85202876e-03   2.35787954e-14   1.59499517e-15   1.66045743e-15
  2.59200000e-05   2.33447980e-04   3.15624969e-04  -3.78334090e-03   2.29569012e-14   1.92894084e-15   1.57745872e-15
  2.60000000e-05   2.17674976e-04   2.65495401e-04  -3.70764291e-03   2.22459071e-14   2.24708107e-15   1.46696084e-15
  2.60800000e-05   1.97971909e-04   2.10945444e-04  -3.63779134e-03   2.15431128e-14   2.56901343e-15   1.32136574e-15
  2.61600000e-05   1.77535307e-04   1.52365348e-04  -3.58449950e-03   2.09107752e-14   2.89151979e-15   1.15859084e-15
  2.62400000e-05   1.51342404e-04   8.20151098e-05  -3.52120696e-03   2.01602537e-14   3.21544932e-15   9.41386500e-16
  2.63200000e-05   1.24202350e-04   8.04440993e-06  -3.45536089e-03   1.93750138e-14   3.52261494e-15   7.04632506e-16
  2.64000000e-05   9.65818111e-05  -7.63793414e-05  -3.38859562e-03   1.85301636e-14   3.81149791e-15   4.42235435e-16
  2.64800000e-05   6.33228151e-05  -1.61995993e-04  -3.34513717e-03   1.78073729e-14   4.14134458e-15   1.36536032e-16
  2.65600000e-05   3.02043857e-05  -2.56010936e-04  -3.29232300e-03   1.69876855e-14   4.44220222e-15  -1.89577312e-16
  2.66400000e-05  -6.68681565e-06  -3.61755876e-04  -3.21374311e-03   1.59637688e-14   4.70800754e-15  -5.63173879e-16
  2.67200000e-05  -4.50075708e-05  -4.67293585e-04  -3.18908635e-03   1.52368052e-14   5.04358610e-15  -9.54068557e-16
  2.68000000e-05  -8.79060753e-05  -5.89496036e-04  -3.13013326e-03   1.42327669e-14   5.33652489e-15  -1.40473475e-15
  2.68800000e-05  -1.29915663e-04  -7.11098868e-04  -3.07246235e-03   1.32356596e-14   5.61045543e-15  -1.85815394e-15
  2.69600000e-05  -1.75901004e-04  -8.43902070e-04  -3.01512404e-03   1.21798890e-14   5.88944851e-15  -2.35896513e-15
  2.70400000e-05  -2.24973415e-04  -9.85229644e-04  -2.95846018e-03   1.10801287e-14   6.16950621e-15  -2.89715402e-15
  2.71200000e-05  -2.74830980e-04  -1.13335461e-03  -2.90355169e-03   9.95003194e-15   6.44196786e-15  -3.45632248e-15
  2.72000000e-05  -3.27396128e-04  -1.28947339e-03  -2.84614637e-03   8.75933559e-15   6.70977277e-15  -4.04752410e-15
  2.72800000e-05  -3.82011444e-04  -1.45605797e-03  -2.78970268e-03   7.51289826e-15   6.97615749e-15  -4.66992519e-15
  2.73600000e-05  -4.40603783e-04  -1.63366125e-03  -2.72800399e-03   6.17304129e-15   7.24005586e-15  -5.33271364e-15
  2.74400000e-05  -5.01929977e-04  -1.81811918e-03  -2.66250192e-03   4.76741218e-15   7.49841822e-15  -6.01912244e-15
  2.75200000e-05  -5.63754454e-04  -2.01516563e-03  -2.58639142e-03   3.22920907e-15   7.72733168e-15  -6.72455609e-15
  2.76000000e-05  -6.31494214e-04  -2.22319053e-03  -2.50934108e-03   1.61609665e-15   7.97338611e-15  -7.47085053e-15
  2.76800000e-05  -7.00825821e-04  -2.44410266e-03  -2.42386912e-03  -1.23331589e-16   8.20158478e-15  -8.23438900e-15
  2.77600000e-05  -7.73966326e-04  -2.67681024e-03  -2.33049629e-03  -1.98272355e-15   8.42556614e-15  -9.01914353e-15
  2.78400000e-05  -8.50927631e-04  -2.92346090e-03  -2.22256722e-03  -4.01016932e-15   8.63499863e-15  -9.82274766e-15
  2.79200000e-05  -9.31461495e-04  -3.18356432e-03  -2.09978281e-03  -6.20658789e-15   8.83055925e-15  -1.06351264e-14
  2.80000000e-05  -1.01500991e-03  -3.45800849e-03  -1.96514989e-03  -8.56321131e-15   9.01791425e-15  -1.14455797e-14
  2.80800000e-05  -1.10243856e-03  -3.74768630e-03  -1.81054155e-03  -1.11288823e-14   9.19174542e-15  -1.22498538e-14
  2.81600000e-05  -1.19522483e-03  -4.05104546e-03  -1.63256963e-03  -1.39142000e-14   9.36023085e-15  -1.30396420e-14
  2.82400000e-05  -1.29164596e-03  -4.36822326e-03  -1.42865699e-03  -1.69341522e-14   9.51795425e-15  -1.37917079e-14
  2.83200000e-05  -1.39099404e-03  -4.69927170e-03  -1.19288024e-03  -2.02192642e-14   9.66209648e-15  -1.44858972e-14
  2.84000000e-05  -1.49135010e-03  -5.03930363e-03  -9.14606134e-04  -2.37942965e-14   9.77975436e-15  -1.50857561e-14
  2.84800000e-05  -1.59583463e-03  -5.38656341e-03  -5.92970798e-04  -2.76505757e-14   9.90737452e-15  -1.55841652e-14
  2.85600000e-05  -9.59871482e-04  -3.25823887e-03  -2.21863142e-04  -1.75733576e-14   5.79344739e-15  -9.05184430e-15
  2.86400000e-05   1.06931872e-03   3.54141378e-03  -1.92731654e-04   2.12126393e-14  -5.86220829e-15   9.97535669e-15
  2.87200000e-05   2.09725781e-03   6.97645670e-03  -6.51207899e-04   4.26938622e-14  -1.09116435e-14   2.06008364e-14
  2.88000000e-05   2.17926212e-03   7.27117166e-03  -1.16637025e-03   4.63744906e-14  -1.02615662e-14   2.26759570e-14
  2.88800000e-05   2.25125705e-03   7.53632312e-03  -1.74172848e-03   5.01236627e-14  -9.23189557e-15   2.48412435e-14
  2.89600000e-05   2.30857694e-03   7.76079417e-03  -2.37540841e-03   5.38691827e-14  -7.74721761e-15   2.70423358e-14
  2.90400000e-05   2.34867835e-03   7.93007740e-03  -3.06440380e-03   5.75163447e-14  -5.74594068e-15   2.92133953e-14
  2.91200000e-05   2.36562111e-03   8.03302853e-03  -3.80275300e-03   6.09755684e-14  -3.15795438e-15   3.12608140e-14
  2.92000000e-05   2.35752829e-03   8.05265904e-03  -4.57614190e-03   6.40867230e-14   3.53055614e-17   3.30782064e-14
  2.92800000e-05   2.32086434e-03   7.98245257e-03  -5.37082909e-03   6.67494384e-14   3.84400120e-15   3.45572249e-14
  2.93600000e-05   2.25530458e-03   7.81417206e-03  -6.16573946e-03   6.88194146e-14   8.21804314e-15   3.55879364e-14
  2.94400000e-05   2.16083613e-03   7.54798245e-03  -6.94176560e-03   7.02067709e-14   1.30817998e-14   3.60782166e-14
  2.95200000e-05   2.03845690e-03   7.18554804e-03  -7.67648417e-03   7.08154489e-14   1.83130915e-14   3.59466435e-14
  2.96000000e-05   1.89241697e-03   6.73856583e-03  -8.35002316e-03   7.06130917e-14   2.37529416e-14   3.51723783e-14
  2.96800000e-05   1.72999568e-03   6.21873436e-03  -8.94638812e-03   6.95904173e-14   2.92201386e-14   3.37681975e-14
  2.97600000e-05   1.54709610e-03   5.62955928e-03  -9.38970109e-03   6.74307295e-14   3.43067428e-14   3.16787146e-14
  2.98400000e-05   1.36641216e-03   5.03948454e-03  -9.77331979e-03   6.48949932e-14   3.91972416e-14   2.92845427e-14
  2.99200000e-05   1.19024487e-03   4.44791600e-03  -1.00685180e-02   6.18646327e-14   4.36735390e-14   2.66067253e-14
  3.00000000e-05   1.01993530e-03   3.86520591e-03  -1.02764723e-02   5.84158859e-14   4.76544437e-14   2.37216288e-14
  3.00800000e-05   8.59278439e-04   3.30338353e-03  -1.04067961e-02   5.46693185e-14   5.11058985e-14   2.07363100e-14
  3.01600000e-05   7.19416009e-04   2.81035409e-03  -1.04336427e-02   5.07391592e-14   5.37942814e-14   1.79883045e-14
  3.02400000e-05   5.90917541e-04   2.34854873e-03  -1.04264300e-02   4.67856224e-14   5.60877569e-14   1.52853158e-14
  3.03200000e-05   4.75244609e-04   1.92391535e-03  -1.03828841e-02   4.28420825e-14   5.79566344e-14   1.27001444e-14
  3.04000000e-05   3.74413714e-04   1.54024936e-03  -1.03090412e-02   3.89631385e-14   5.94216746e-14   1.02931521e-14
  3.04800000e-05   2.98248318e-04   1.25289312e-03  -1.01867818e-02   3.53091177e-14   6.03356756e-14   8.45458751e-15
  3.05600000e-05   2.26749951e-04   9.67953211e-04  -1.00720664e-02   3.17321846e-14   6.11103216e-14   6.58724843e-15
  3.06400000e-05   1.70315905e-04   7.45839962e-04  -9.93580065e-03   2.83699863e-14   6.15420165e-14   5.10601580e-15
  3.07200000e-05   1.24142752e-04   5.53096568e-04  -9.80211942e-03   2.51756994e-14   6.18070391e-14   3.80638516e-15
  3.08000000e-05   8.61276406e-05   3.92004168e-04  -9.66654780e-03   2.21496398e-14   6.18961213e-14   2.70740230e-15
