       time             b_x              b_y              b_z              F_x              F_y              F_z
  0.00000000e+00   4.50641860e-02   2.90757907e-02  -3.22871559e-02  -1.40005380e-13   4.07185826e-13   1.71276200e-13
  8.00000000e-08  -2.89869631e-03  -2.02657975e-03   6.28670925e-03   9.76251957e-15  -3.83548111e-14  -7.86269922e-15
  1.60000000e-07  -3.62026884e-02  -2.33654027e-02  -1.58625273e-02   1.77588188e-13  -1.92252782e-13  -1.22118382e-13
  2.40000000e-07  -2.29829362e-02  -1.48548627e-02  -1.58826580e-02   1.21565614e-13  -8.54011428e-14  -9.60363501e-14
  3.20000000e-07  -1.69907604e-02  -1.09952595e-02  -1.42513926e-02   9.39103683e-14  -4.25677559e-14  -7.91196392e-14
  4.00000000e-07  -1.33508887e-02  -8.66547095e-03  -1.23728155e-02   7.53254157e-14  -2.12605839e-14  -6.63897613e-14
  4.80000000e-07  -1.09732030e-02  -7.14445308e-03  -1.07729119e-02   6.22770549e-14  -9.66635602e-15  -5.70243165e-14
  5.60000000e-07  -9.32225463e-03  -6.08114404e-03  -9.47576351e-03   5.26979184e-14  -2.94037999e-15  -4.99571923e-14
  6.40000000e-07  -8.14423847e-03  -5.33207112e-03  -8.44908697e-03   4.56313398e-14   1.13244647e-15  -4.46995989e-14
  7.20000000e-07  -7.17260077e-03  -4.70662256e-03  -7.56691049e-03   3.97312511e-14   3.87677195e-15  -4.00722204e-14
  8.00000000e-07  -6.42901603e-03  -4.23389985e-03  -6.85899692e-03   3.51560500e-14   5.67483445e-15  -3.64551104e-14
  8.80000000e-07  -5.82490639e-03  -3.84842385e-03  -6.27367480e-03   3.14159824e-14   6.93524634e-15  -3.34229827e-14
  9.60000000e-07  -5.32373840e-03  -3.52771206e-03  -5.78118698e-03   2.83033933e-14   7.82822742e-15  -3.08406551e-14
  1.04000000e-06  -4.89495172e-03  -3.25791593e-03  -5.36172496e-03   2.56829729e-14   8.49501362e-15  -2.86088812e-14
  1.12000000e-06  -4.52714722e-03  -3.02303536e-03  -5.00569564e-03   2.34383367e-14   9.01109112e-15  -2.66395837e-14
  1.20000000e-06  -4.20447872e-03  -2.81867435e-03  -4.69051835e-03   2.14867269e-14   9.37438863e-15  -2.48935888e-14
  1.28000000e-06  -3.92074212e-03  -2.63798267e-03  -4.41969488e-03   1.97898622e-14   9.67538825e-15  -2.33306723e-14
  1.36000000e-06  -3.66593206e-03  -2.47673340e-03  -4.18633265e-03   1.83041488e-14   9.94971390e-15  -2.19152567e-14
  1.44000000e-06  -3.43083570e-03  -2.32755544e-03  -3.98010094e-03   1.69683898e-14   1.02000245e-14  -2.05916587e-14
  1.52000000e-06  -3.21806610e-03  -2.19250646e-03  -3.79113971e-03   1.57655143e-14   1.03735599e-14  -1.93816556e-14
  1.60000000e-06  -3.02651400e-03  -2.07151812e-03  -3.62932854e-03   1.47061751e-14   1.05522599e-14  -1.82864797e-14
  1.68000000e-06  -2.84790195e-03  -1.95860927e-03  -3.48167126e-03   1.37372594e-14   1.07023762e-14  -1.72572701e-14
  1.76000000e-06  -2.68297569e-03  -1.85345774e-03  -3.33818227e-03   1.28359879e-14   1.07676017e-14  -1.62950773e-14
  1.84000000e-06  -2.53004674e-03  -1.75619146e-03  -3.23539008e-03   1.20596620e-14   1.09960736e-14  -1.53992928e-14
  1.92000000e-06  -2.38530584e-03  -1.66706424e-03  -3.12281195e-03   1.13206898e-14   1.10883608e-14  -1.45664606e-14
  2.00000000e-06  -2.25136739e-03  -1.58130682e-03  -3.02229817e-03   1.06351122e-14   1.11795526e-14  -1.37715888e-14
  2.08000000e-06  -2.12549119e-03  -1.49995596e-03  -2.93346601e-03   1.00032798e-14   1.12830539e-14  -1.30173545e-14
  2.16000000e-06  -2.00704603e-03  -1.42412491e-03  -2.84911783e-03   9.41624829e-15   1.13589418e-14  -1.23109671e-14
  2.24000000e-06  -1.89523822e-03  -1.35196010e-03  -2.77571510e-03   8.87390071e-15   1.14562573e-14  -1.16390038e-14
  2.32000000e-06  -1.78402606e-03  -1.28107096e-03  -2.71408499e-03   8.36668671e-15   1.16057324e-14  -1.09776053e-14
  2.40000000e-06  -1.68606665e-03  -1.21638642e-03  -2.64019744e-03   7.87748637e-15   1.16060768e-14  -1.03778001e-14
  2.48000000e-06  -1.58909401e-03  -1.15610890e-03  -2.58693388e-03   7.44373381e-15   1.17210652e-14  -9.81069548e-15
  2.56000000e-06  -1.49601094e-03  -1.09496397e-03  -2.53042869e-03   7.01280403e-15   1.17842424e-14  -9.24529211e-15
  2.64000000e-06  -1.40968837e-03  -1.03756787e-03  -2.48150542e-03   6.61453516e-15   1.18596241e-14  -8.71632119e-15
  2.72000000e-06  -1.32486160e-03  -9.83278826e-04  -2.44434929e-03   6.24941168e-15   1.19955989e-14  -8.21266585e-15
  2.80000000e-06  -1.24610586e-03  -9.29459015e-04  -2.40676158e-03   5.89259795e-15   1.20961466e-14  -7.72227439e-15
  2.88000000e-06  -1.16768929e-03  -8.79884491e-04  -2.36678613e-03   5.55425142e-15   1.21684066e-14  -7.26404130e-15
  2.96000000e-06  -1.09714581e-03  -8.32597169e-04  -2.32238299e-03   5.22574989e-15   1.21742075e-14  -6.83333473e-15
  3.04000000e-06  -1.02888933e-03  -7.84064592e-04  -2.28000474e-03   4.90302620e-15   1.21767719e-14  -6.40000731e-15
  3.12000000e-06  -9.60544818e-04  -7.41985949e-04  -2.26778844e-03   4.63647938e-15   1.23774611e-14  -6.01354525e-15
  3.20000000e-06  -8.98908289e-04  -6.97986969e-04  -2.23735691e-03   4.34976942e-15   1.24246324e-14  -5.62372288e-15
  3.28000000e-06  -8.38529440e-04  -6.55892689e-04  -2.21742829e-03   4.08352331e-15   1.25330339e-14  -5.25134448e-15
  3.36000000e-06  -7.79955744e-04  -6.18383354e-04  -2.17821722e-03   3.81928293e-15   1.24969715e-14  -4.91539169e-15
  3.44000000e-06  -7.25337876e-04  -5.79925404e-04  -2.17953130e-03   3.58893441e-15   1.27218300e-14  -4.57938018e-15
  3.52000000e-06  -6.73029655e-04  -5.41377239e-04  -2.13996382e-03   3.32902006e-15   1.26524237e-14  -4.24785845e-15
  3.60000000e-06  -6.23412817e-04  -5.08762255e-04  -2.13178965e-03   3.11558768e-15   1.27865998e-14  -3.96269709e-15
  3.68000000e-06  -5.75312763e-04  -4.72215935e-04  -2.12868047e-03   2.89438360e-15   1.29472574e-14  -3.65441277e-15
  3.76000000e-06  -5.30422547e-04  -4.40526931e-04  -2.11347227e-03   2.68131185e-15   1.30103851e-14  -3.38478692e-15
  3.84000000e-06  -4.87168344e-04  -4.08265401e-04  -2.07490202e-03   2.45601335e-15   1.29025262e-14  -3.11539868e-15
  3.92000000e-06  -4.48363840e-04  -3.80288269e-04  -2.07662607e-03   2.26932544e-15   1.30576487e-14  -2.88118992e-15
  4.00000000e-06  -4.08033585e-04  -3.51642158e-04  -2.08180386e-03   2.08207932e-15   1.32389870e-14  -2.64431455e-15
  4.08000000e-06  -3.70640696e-04  -3.23373536e-04  -2.07185446e-03   1.88897455e-15   1.33033309e-14  -2.41429894e-15
  4.16000000e-06  -3.37014000e-04  -2.97158019e-04  -2.07270341e-03   1.70734015e-15   1.34290162e-14  -2.20288989e-15
  4.24000000e-06  -2.99999653e-04  -2.69394786e-04  -2.11249515e-03   1.53283836e-15   1.38349926e-14  -1.98198128e-15
  4.32000000e-06  -2.73193847e-04  -2.47113756e-04  -2.01418766e-03   1.33313296e-15   1.32426961e-14  -1.80552000e-15
  4.40000000e-06  -2.44525192e-04  -2.22572679e-04  -2.05927627e-03   1.17045233e-15   1.36563156e-14  -1.61499838e-15
  4.48000000e-06  -2.16907107e-04  -2.01030085e-04  -2.08450557e-03   1.00685627e-15   1.39264364e-14  -1.44783828e-15
  4.56000000e-06  -1.92629107e-04  -1.81091486e-04  -2.00979367e-03   8.32046573e-16   1.34851583e-14  -1.29482134e-15
  4.64000000e-06  -1.63822660e-04  -1.57187919e-04  -2.10075125e-03   6.68288485e-16   1.42160049e-14  -1.11582226e-15
  4.72000000e-06  -1.43485945e-04  -1.39357002e-04  -2.06276997e-03   5.06306521e-16   1.40166648e-14  -9.82159075e-16
  4.80000000e-06  -1.22633772e-04  -1.20663013e-04  -2.05250030e-03   3.45845443e-16   1.40115806e-14  -8.44380805e-16
  4.88000000e-06  -1.04229437e-04  -1.04062529e-04  -2.09254945e-03   1.88551345e-16   1.43503740e-14  -7.23036107e-16
  4.96000000e-06  -8.80020849e-05  -8.86609188e-05  -2.09421983e-03   3.38404373e-17   1.44122895e-14  -6.11580903e-16
  5.04000000e-06  -6.83262865e-05  -7.21931953e-05  -2.08917047e-03  -1.23127814e-16   1.44362822e-14  -4.94832035e-16
  5.12000000e-06  -5.48034876e-05  -5.94560946e-05  -2.11619617e-03  -2.75526076e-16   1.46652440e-14  -4.04895520e-16
  5.20000000e-06  -4.29952409e-05  -4.52640767e-05  -2.10871435e-03  -4.27770342e-16   1.46459111e-14  -3.05656171e-16
  5.28000000e-06  -3.12311219e-05  -3.55208512e-05  -2.12997177e-03  -5.74854428e-16   1.48266694e-14  -2.38830662e-16
  5.36000000e-06  -2.15498035e-05  -2.46165894e-05  -2.14103423e-03  -7.23278412e-16   1.49285414e-14  -1.64361345e-16
  5.44000000e-06  -1.37111595e-05  -1.63084357e-05  -2.12889360e-03  -8.57285630e-16   1.48611871e-14  -1.08323090e-16
  5.52000000e-06  -7.12721716e-06  -8.15817556e-06  -2.14594888e-03  -1.00337800e-15   1.49933466e-14  -5.36671967e-17
  5.60000000e-06  -1.08799577e-06  -1.39382743e-06  -2.16267736e-03  -1.14788238e-15   1.51203428e-14  -9.16745958e-18
  5.68000000e-06   3.20139338e-06   3.68270091e-06  -2.18741932e-03  -1.29513159e-15   1.52967875e-14   2.38579165e-17
  5.76000000e-06   6.44561641e-06   8.23619887e-06  -2.21889050e-03  -1.44918522e-15   1.55156843e-14   5.33822509e-17
  5.84000000e-06   6.38836071e-06   1.04783004e-05  -2.21862894e-03  -1.57886002e-15   1.55016797e-14   6.86662497e-17
  5.92000000e-06   5.90705478e-06   9.22788176e-06  -2.25452635e-03  -1.72541679e-15   1.57374546e-14   5.98933957e-17
  6.00000000e-06   4.98170498e-06   1.15421939e-05  -2.24444228e-03  -1.85065451e-15   1.56500097e-14   7.63735535e-17
  6.08000000e-06   6.66387948e-07   9.18034687e-06  -2.26309663e-03  -1.98604562e-15   1.57513363e-14   6.33111515e-17
  6.16000000e-06  -5.05657015e-06   6.16565386e-06  -2.31201207e-03  -2.15030418e-15   1.60574112e-14   4.75246668e-17
  6.24000000e-06  -1.32991740e-05  -5.51030142e-08  -2.34721811e-03  -2.29881650e-15   1.62586805e-14   1.26432470e-17
  6.32000000e-06  -1.95754469e-05  -7.29255421e-06  -2.34971909e-03  -2.41501067e-15   1.62373930e-14  -3.02747489e-17
  6.40000000e-06  -3.10969151e-05  -1.54371748e-05  -2.38525704e-03  -2.56645337e-15   1.64278234e-14  -7.28602392e-17
  6.48000000e-06  -4.25357753e-05  -2.74970061e-05  -2.38974924e-03  -2.67483660e-15   1.64020381e-14  -1.41115514e-16
  6.56000000e-06  -5.66471148e-05  -4.10768013e-05  -2.42123662e-03  -2.81239829e-15   1.65535446e-14  -2.15035742e-16
  6.64000000e-06  -7.18640605e-05  -5.62460700e-05  -2.43600949e-03  -2.92832992e-15   1.65847694e-14  -2.96544994e-16
  6.72000000e-06  -8.77670028e-05  -7.17168381e-05  -2.49502822e-03  -3.10560414e-15   1.69171066e-14  -3.77018512e-16
  6.80000000e-06  -1.06104220e-04  -9.41865717e-05  -2.49211871e-03  -3.18420373e-15   1.68138976e-14  -4.99890281e-16
  6.88000000e-06  -1.27228357e-04  -1.16373163e-04  -2.53155622e-03  -3.32431655e-15   1.69923123e-14  -6.14049881e-16
  6.96000000e-06  -1.47533807e-04  -1.42015548e-04  -2.55613425e-03  -3.43841604e-15   1.70692697e-14  -7.49889831e-16
  7.04000000e-06  -1.72535194e-04  -1.70327177e-04  -2.58170939e-03  -3.55020820e-15   1.71374222e-14  -8.93374327e-16
  7.12000000e-06  -1.98632796e-04  -2.02024096e-04  -2.61473098e-03  -3.66774674e-15   1.72517499e-14  -1.05430899e-15
  7.20000000e-06  -2.26578078e-04  -2.35308924e-04  -2.68192429e-03  -3.84453377e-15   1.75915440e-14  -1.21866238e-15
  7.28000000e-06  -2.57332661e-04  -2.71511779e-04  -2.68551387e-03  -3.91015608e-15   1.74879062e-14  -1.39338757e-15
  7.36000000e-06  -2.89342694e-04  -3.12184318e-04  -2.72625992e-03  -4.03224678e-15   1.76319180e-14  -1.59108348e-15
  7.44000000e-06  -3.23934599e-04  -3.55800647e-04  -2.77883790e-03  -4.17563918e-15   1.78463664e-14  -1.79827499e-15
  7.52000000e-06  -3.59427678e-04  -4.02954236e-04  -2.80560848e-03  -4.26697589e-15   1.78817563e-14  -2.02161501e-15
  7.60000000e-06  -4.00208058e-04  -4.55982931e-04  -2.83333450e-03  -4.34690014e-15   1.79071872e-14  -2.26789575e-15
  7.68000000e-06  -4.41328702e-04  -5.09310601e-04  -2.87644851e-03  -4.46430838e-15   1.80339902e-14  -2.50818845e-15
  7.76000000e-06  -4.86467074e-04  -5.70785173e-04  -2.91675020e-03  -4.55951529e-15   1.81288114e-14  -2.78721253e-15
  7.84000000e-06  -5.31506156e-04  -6.33572048e-04  -2.97530262e-03  -4.69901173e-15   1.83451214e-14  -3.06705019e-15
  7.92000000e-06  -5.81949525e-04  -7.00926965e-04  -3.02017081e-03  -4.80573741e-15   1.84524479e-14  -3.35647298e-15
  8.00000000e-06  -6.34878411e-04  -7.76156082e-04  -3.05078635e-03  -4.86533064e-15   1.84569644e-14  -3.68317886e-15
  8.08000000e-06  -6.90461359e-04  -8.54307009e-04  -3.09588967e-03  -4.95866389e-15   1.85502353e-14  -4.01300806e-15
  8.16000000e-06  -7.47808197e-04  -9.38416534e-04  -3.14902501e-03  -5.06543071e-15   1.86911571e-14  -4.36710417e-15
  8.24000000e-06  -8.05671369e-04  -1.02611952e-03  -3.19195813e-03  -5.14778699e-15   1.87630857e-14  -4.73243799e-15
  8.32000000e-06  -8.70816960e-04  -1.12235624e-03  -3.23468363e-03  -5.21612865e-15   1.88134292e-14  -5.12355401e-15
  8.40000000e-06  -9.38316899e-04  -1.22137174e-03  -3.29050032e-03  -5.32296591e-15   1.89441741e-14  -5.51382716e-15
  8.48000000e-06  -1.00976200e-03  -1.33085612e-03  -3.33682585e-03  -5.38884439e-15   1.90025573e-14  -5.94823351e-15
  8.56000000e-06  -1.08138978e-03  -1.44059367e-03  -3.40370977e-03  -5.52613906e-15   1.91962428e-14  -6.36895535e-15
  8.64000000e-06  -1.16083701e-03  -1.56377940e-03  -3.44883813e-03  -5.58142405e-15   1.92279330e-14  -6.83973005e-15
  8.72000000e-06  -1.24194805e-03  -1.69171625e-03  -3.51180619e-03  -5.69242240e-15   1.93735247e-14  -7.31954220e-15
  8.80000000e-06  -1.32599276e-03  -1.82720949e-03  -3.56398844e-03  -5.77008529e-15   1.94440584e-14  -7.82193245e-15
  8.88000000e-06  -1.41476719e-03  -1.97023343e-03  -3.62549735e-03  -5.87533609e-15   1.95658395e-14  -8.34010771e-15
  8.96000000e-06  -1.50809075e-03  -2.11823965e-03  -3.67470751e-03  -5.95050514e-15   1.96006366e-14  -8.85647190e-15
  9.04000000e-06  -1.60554578e-03  -2.28083975e-03  -3.75568607e-03  -6.11230304e-15   1.98329811e-14  -9.43163740e-15
  9.12000000e-06  -1.70480247e-03  -2.44659346e-03  -3.82435018e-03  -6.25446298e-15   1.99864891e-14  -9.99808803e-15
  9.20000000e-06  -1.81188363e-03  -2.62676467e-03  -3.89234673e-03  -6.38572679e-15   2.01219013e-14  -1.06067903e-14
  9.28000000e-06  -1.92180485e-03  -2.81535994e-03  -3.95002651e-03  -6.49155481e-15   2.01916745e-14  -1.12331727e-14
  9.36000000e-06  -2.03626397e-03  -3.01298333e-03  -4.02726619e-03  -6.67557057e-15   2.03819317e-14  -1.18733638e-14
  9.44000000e-06  -2.15587643e-03  -3.22190300e-03  -4.11232882e-03  -6.89828554e-15   2.06167141e-14  -1.25362547e-14
  9.52000000e-06  -2.28106061e-03  -3.44141540e-03  -4.19121537e-03  -7.11438874e-15   2.08083876e-14  -1.32138171e-14
  9.60000000e-06  -2.41172497e-03  -3.67097870e-03  -4.27537464e-03  -7.37046102e-15   2.10302804e-14  -1.38996442e-14
  9.68000000e-06  -2.54771447e-03  -3.91512731e-03  -4.36362255e-03  -7.65690374e-15   2.12758953e-14  -1.46186416e-14
  9.76000000e-06  -2.69259333e-03  -4.17438677e-03  -4.44956217e-03  -7.95344623e-15   2.14987114e-14  -1.53562391e-14
  9.84000000e-06  -2.84028380e-03  -4.44813572e-03  -4.54954975e-03  -8.33112319e-15   2.18146300e-14  -1.61272400e-14
  9.92000000e-06  -2.99536492e-03  -4.73357427e-03  -4.64334066e-03  -8.72345141e-15   2.20890235e-14  -1.68908807e-14
  1.00000000e-05  -3.15539032e-03  -5.03133895e-03  -4.75636559e-03  -9.23777688e-15   2.24836399e-14  -1.76550814e-14
  1.00800000e-05  -3.32366114e-03  -5.34687794e-03  -4.87140519e-03  -9.80056179e-15   2.28871354e-14  -1.84343058e-14
  1.01600000e-05  -3.50042004e-03  -5.68280701e-03  -4.97600133e-03  -1.03612656e-14   2.32249750e-14  -1.92351776e-14
  1.02400000e-05  -3.68512206e-03  -6.03244263e-03  -5.09909322e-03  -1.10638052e-14   2.36738589e-14  -2.00113468e-14
  1.03200000e-05  -3.88009414e-03  -6.40554800e-03  -5.22317711e-03  -1.18250480e-14   2.41234150e-14  -2.07998678e-14
  1.04000000e-05  -4.07979087e-03  -6.79016051e-03  -5.36116435e-03  -1.27322080e-14   2.46614419e-14  -2.15457680e-14
  1.04800000e-05  -4.28899169e-03  -7.19731707e-03  -5.51016527e-03  -1.37659484e-14   2.52588005e-14  -2.22776545e-14
  1.05600000e-05  -4.50923834e-03  -7.62870309e-03  -5.66626257e-03  -1.49182523e-14   2.58878520e-14  -2.29817768e-14
  1.06400000e-05  -4.74138776e-03  -8.08394612e-03  -5.83569827e-03  -1.62309198e-14   2.65821558e-14  -2.36358400e-14
  1.07200000e-05  -4.98409301e-03  -8.55969662e-03  -6.01698412e-03  -1.77151915e-14   2.73295704e-14  -2.42045958e-14
  1.08000000e-05  -5.23516079e-03  -9.05999514e-03  -6.21041424e-03  -1.93789400e-14   2.81291057e-14  -2.47000744e-14
  1.08800000e-05  -5.50427610e-03  -9.59708647e-03  -6.40383943e-03  -2.11575535e-14   2.88945439e-14  -2.51171851e-14
  1.09600000e-05  -5.78227140e-03  -1.01512087e-02  -6.61820363e-03  -2.31918062e-14   2.97469429e-14  -2.53643006e-14
  1.10400000e-05  -6.07511149e-03  -1.07357590e-02  -6.86060271e-03  -2.55178679e-14   3.07017837e-14  -2.54471898e-14
  1.11200000e-05  -6.38277547e-03  -1.13525030e-02  -7.11023310e-03  -2.80342770e-14   3.16314863e-14  -2.53381351e-14
  1.12000000e-05  -6.70698678e-03  -1.19994322e-02  -7.38815367e-03  -3.08651515e-14   3.26264063e-14  -2.49705402e-14
  1.12800000e-05  -7.04841868e-03  -1.26856384e-02  -7.68613907e-03  -3.39653492e-14   3.36166636e-14  -2.43356042e-14
  1.13600000e-05  -7.41240140e-03  -1.34151185e-02  -7.98729198e-03  -3.72341772e-14   3.44875760e-14  -2.33696545e-14
  1.14400000e-05  -7.79077863e-03  -1.41725567e-02  -8.32108748e-03  -4.08441812e-14   3.53563871e-14  -2.19781882e-14
  1.15200000e-05  -8.19362371e-03  -1.49704866e-02  -8.68839425e-03  -4.47809457e-14   3.61725827e-14  -2.00961124e-14
  1.16000000e-05  -8.62602605e-03  -1.58237197e-02  -9.08030243e-03  -4.89620550e-14   3.68369637e-14  -1.76811099e-14
  1.16800000e-05  -9.08020355e-03  -1.67117275e-02  -9.50015100e-03  -5.33787942e-14   3.73066281e-14  -1.46069136e-14
  1.17600000e-05  -9.56240493e-03  -1.76441897e-02  -9.96023525e-03  -5.80499723e-14   3.75533216e-14  -1.07929766e-14
  1.18400000e-05  -1.00752378e-02  -1.86264761e-02  -1.04412535e-02  -6.27738473e-14   3.74056781e-14  -6.15582474e-15
  1.19200000e-05  -1.06274847e-02  -1.96612614e-02  -1.09513134e-02  -6.74956051e-14   3.67972500e-14  -5.63570710e-16
  1.20000000e-05  -1.12144535e-02  -2.07469617e-02  -1.14889030e-02  -7.20637866e-14   3.56177869e-14   6.02277916e-15
  1.20800000e-05  -1.18432378e-02  -2.18895472e-02  -1.20606551e-02  -7.63483735e-14   3.37612078e-14   1.36969666e-14
  1.21600000e-05  -1.25201050e-02  -2.30931093e-02  -1.26313706e-02  -7.98825443e-14   3.09920878e-14   2.25180763e-14
  1.22400000e-05  -1.32474012e-02  -2.43643033e-02  -1.32311271e-02  -8.26031481e-14   2.72719443e-14   3.24851482e-14
  1.23200000e-05  -1.40204672e-02  -2.56761354e-02  -1.38433573e-02  -8.40901439e-14   2.24338240e-14   4.35565727e-14
  1.24000000e-05  -1.48608644e-02  -2.70747302e-02  -1.44517237e-02  -8.38344866e-14   1.63137634e-14   5.56447251e-14
  1.24800000e-05  -1.57567985e-02  -2.85231681e-02  -1.50531934e-02  -8.14318511e-14   8.83283457e-15   6.85014014e-14
  1.25600000e-05  -1.67260923e-02  -3.00553258e-02  -1.56196815e-02  -7.62141514e-14  -1.14035484e-16   8.18321620e-14
  1.26400000e-05  -1.77597735e-02  -3.16405334e-02  -1.61540818e-02  -6.78071209e-14  -1.04961770e-14   9.51056067e-14
  1.27200000e-05  -1.88795922e-02  -3.33388634e-02  -1.65653409e-02  -5.50479666e-14  -2.23292848e-14   1.07677599e-13
  1.28000000e-05  -2.00732739e-02  -3.50994972e-02  -1.69071615e-02  -3.81325508e-14  -3.53331982e-14   1.18625627e-13
  1.28800000e-05  -2.13433325e-02  -3.69443925e-02  -1.71113527e-02  -1.64089991e-14  -4.92734240e-14   1.26851423e-13
  1.29600000e-05  -2.26720319e-02  -3.88451715e-02  -1.71947949e-02   9.75879596e-15  -6.36593433e-14   1.30946975e-13
  1.30400000e-05  -2.41040967e-02  -4.08987010e-02  -1.70584628e-02   4.08650750e-14  -7.81839885e-14   1.29707341e-13
  1.31200000e-05  -2.55831751e-02  -4.30164506e-02  -1.67279457e-02   7.54444549e-14  -9.20423660e-14   1.21307614e-13
  1.32000000e-05  -2.71236808e-02  -4.52611516e-02  -1.61812787e-02   1.12348881e-13  -1.04612684e-13   1.04291841e-13
  1.32800000e-05  -2.86724218e-02  -4.75607678e-02  -1.54636318e-02   1.48833501e-13  -1.14817320e-13   7.71735251e-14
  1.33600000e-05  -3.02492675e-02  -4.99839395e-02  -1.44956248e-02   1.82874358e-13  -1.22050358e-13   3.92354512e-14
  1.34400000e-05  -3.18384783e-02  -5.25762719e-02  -1.33292842e-02   2.11048261e-13  -1.25306525e-13  -9.85090647e-15
  1.35200000e-05  -3.33889563e-02  -5.52426496e-02  -1.20499159e-02   2.28669360e-13  -1.23136348e-13  -6.91003269e-14
  1.36000000e-05  -3.49082982e-02  -5.81010802e-02  -1.06736438e-02   2.32339896e-13  -1.14505244e-13  -1.36571170e-13
  1.36800000e-05  -3.63674588e-02  -6.11027901e-02  -9.33826338e-03   2.17574143e-13  -9.76738317e-14  -2.08226625e-13
  1.37600000e-05  -3.77544512e-02  -6.42231711e-02  -8.20521951e-03   1.80902792e-13  -7.08217514e-14  -2.78053276e-13
  1.38400000e-05  -3.91185256e-02  -6.76097011e-02  -7.37995386e-03   1.21097828e-13  -3.30682425e-14  -3.38949885e-13
  1.39200000e-05  -4.04165204e-02  -7.11037431e-02  -7.03797519e-03   3.79637054e-14   1.60950114e-14  -3.80617486e-13
  1.40000000e-05  -4.17437154e-02  -7.48133983e-02  -7.35119791e-03  -6.50825258e-14   7.49160277e-14  -3.92852460e-13
  1.40800000e-05  -4.31354691e-02  -7.87091971e-02  -8.42059854e-03  -1.81203101e-13   1.38348834e-13  -3.64943756e-13
  1.41600000e-05  -4.46289497e-02  -8.26606454e-02  -1.04098841e-02  -2.99473359e-13   1.97912067e-13  -2.87645636e-13
  1.42400000e-05  -4.63419734e-02  -8.67000617e-02  -1.31852524e-02  -4.03925763e-13   2.39895457e-13  -1.57769747e-13
  1.43200000e-05  -4.83382385e-02  -9.06917850e-02  -1.65046286e-02  -4.73639793e-13   2.48772419e-13   2.01942458e-14
  1.44000000e-05  -5.06880077e-02  -9.46562942e-02  -2.02348124e-02  -4.86956766e-13   2.11799610e-13   2.29045967e-13
  1.44800000e-05  -5.34815727e-02  -9.85570196e-02  -2.37098294e-02  -4.21039808e-13   1.23079315e-13   4.38111152e-13
  1.45600000e-05  -5.67230773e-02  -1.02448853e-01  -2.63171021e-02  -2.62873543e-13  -9.46819801e-15   6.03447988e-13
  1.46400000e-05  -6.02984677e-02  -1.06337576e-01  -2.74309517e-02  -1.92134540e-14  -1.63028451e-13   6.74223493e-13
  1.47200000e-05  -6.42198859e-02  -1.10725007e-01  -2.65186820e-02   2.75272198e-13  -3.05311368e-13   6.08161982e-13
  1.48000000e-05  -6.80089166e-02  -1.15245974e-01  -2.35759902e-02   5.50671357e-13  -4.02912178e-13   3.81042070e-13
  1.48800000e-05  -7.14482139e-02  -1.20326864e-01  -1.87345298e-02   7.21258509e-13  -4.30399373e-13   1.36632543e-14
  1.49600000e-05  -7.41046988e-02  -1.25540025e-01  -1.35524719e-02   7.02035909e-13  -3.68871423e-13  -4.21770421e-13
  1.50400000e-05  -7.59870347e-02  -1.31138822e-01  -9.26967695e-03   4.61204786e-13  -2.10355392e-13  -8.04755745e-13
  1.51200000e-05  -7.73817662e-02  -1.37290072e-01  -7.52293823e-03   3.52844936e-14   3.47949286e-14  -9.97931187e-13
  1.52000000e-05  -7.85959068e-02  -1.43399492e-01  -9.59628256e-03  -4.66194403e-13   3.14686024e-13  -8.84180308e-13
  1.52800000e-05  -8.01905763e-02  -1.49157452e-01  -1.55478799e-02  -8.79963221e-13   5.18214285e-13  -4.32905621e-13
  1.53600000e-05  -8.27024625e-02  -1.54328338e-01  -2.37198676e-02  -1.03303582e-12   5.14823425e-13   2.52225803e-13
  1.54400000e-05  -8.63297415e-02  -1.58473196e-01  -3.15335107e-02  -7.98551223e-13   2.50548357e-13   9.27062071e-13
  1.55200000e-05  -9.10539356e-02  -1.62181850e-01  -3.54693871e-02  -1.81794893e-13  -1.77410639e-13   1.27788862e-12
  1.56000000e-05  -9.61519760e-02  -1.66007062e-01  -3.35000782e-02   6.02787030e-13  -5.65037205e-13   1.06987818e-12
  1.56800000e-05  -1.00645870e-01  -1.70739746e-01  -2.56282643e-02   1.16716886e-12  -7.33981173e-13   3.06264747e-13
  1.57600000e-05  -1.03164550e-01  -1.75801245e-01  -1.54282007e-02   1.14316594e-12  -6.09165224e-13  -7.02751697e-13
  1.58400000e-05  -1.03596900e-01  -1.81169632e-01  -8.82086538e-03   4.72135889e-13  -2.00227428e-13  -1.43259018e-12
  1.59200000e-05  -1.03085153e-01  -1.86759559e-01  -8.86566783e-03  -4.79145968e-13   3.33313423e-13  -1.45015951e-12
  1.60000000e-05  -1.02969811e-01  -1.91464824e-01  -1.70792236e-02  -1.27424506e-12   7.43266825e-13  -6.49952206e-13
  1.60800000e-05  -1.04297644e-01  -1.94061092e-01  -2.97528196e-02  -1.40530463e-12   6.63904546e-13   5.95974457e-13
  1.61600000e-05  -1.07506858e-01  -1.94916958e-01  -3.91137203e-02  -7.15705109e-13   8.49518432e-14   1.54382278e-12
  1.62400000e-05  -1.11882837e-01  -1.95563247e-01  -3.93063326e-02   4.65009897e-13  -5.79810543e-13   1.56114809e-12
  1.63200000e-05  -1.15361754e-01  -1.96655963e-01  -3.01165526e-02   1.38426451e-12  -8.99600698e-13   5.71800530e-13
  1.64000000e-05  -1.16196709e-01  -1.98612563e-01  -1.66105821e-02   1.37401131e-12  -7.35327738e-13  -8.19373216e-13
  1.64800000e-05  -1.00877672e-01  -1.77935046e-01  -8.18296441e-03   3.99439190e-13  -1.57294848e-13  -1.50388406e-12
  1.65600000e-05  -1.08292102e-01  -1.97829614e-01  -9.14295264e-03  -6.05719997e-13   4.03833247e-13  -1.56355219e-12
  1.66400000e-05  -1.08333576e-01  -2.02835428e-01  -1.98404455e-02  -1.45669102e-12   8.30932152e-13  -5.41012631e-13
  1.67200000e-05  -1.07879556e-01  -2.01366974e-01  -3.24803589e-02  -1.40621805e-12   6.16218185e-13   8.50242680e-13
  1.68000000e-05  -1.09092628e-01  -1.97521448e-01  -4.04093461e-02  -4.96494428e-13  -6.60638755e-14   1.66330121e-12
  1.68800000e-05  -1.11164227e-01  -1.94202590e-01  -3.77874120e-02   6.99199645e-13  -6.75179975e-13   1.41305554e-12
  1.69600000e-05  -1.11842507e-01  -1.91525967e-01  -2.68031953e-02   1.40270709e-12  -8.62484144e-13   3.09882184e-13
  1.70400000e-05  -1.09630267e-01  -1.89047797e-01  -1.46816177e-02   1.18774293e-12  -6.17400086e-13  -9.19139062e-13
  1.71200000e-05  -9.91698989e-02  -1.76165943e-01  -7.92967348e-03   2.79665668e-13  -9.17334815e-14  -1.45959361e-12
  1.72000000e-05  -1.00344830e-01  -1.84608559e-01  -9.96864229e-03  -6.48642215e-13   4.24446576e-13  -1.33103163e-12
  1.72800000e-05  -9.63042575e-02  -1.81234935e-01  -1.84199281e-02  -1.23446784e-12   7.01801246e-13  -4.50946106e-13
  1.73600000e-05  -9.37632886e-02  -1.76032558e-01  -2.84999226e-02  -1.19063364e-12   5.40975408e-13   5.75736329e-13
  1.74400000e-05  -9.26064006e-02  -1.69733223e-01  -3.51660215e-02  -6.11582975e-13   7.94073489e-14   1.22727653e-12
  1.75200000e-05  -9.22158378e-02  -1.63566321e-01  -3.53210091e-02   1.85648338e-13  -3.76277695e-13   1.25779649e-12
  1.76000000e-05  -9.14427724e-02  -1.57943012e-01  -2.97607753e-02   8.19596381e-13  -6.15413196e-13   7.47764410e-13
  1.76800000e-05  -8.94430552e-02  -1.52986092e-01  -2.10101211e-02   1.03416910e-12  -6.03981843e-13  -4.68449756e-15
  1.77600000e-05  -8.59515470e-02  -1.48405371e-01  -1.30466606e-02   8.11603699e-13  -4.11535805e-13  -6.65646947e-13
  1.78400000e-05  -8.14393446e-02  -1.44032954e-01  -8.34208129e-03   3.24380699e-13  -1.24801441e-13  -1.01195745e-12
  1.79200000e-05  -7.67382444e-02  -1.39758197e-01  -8.01263662e-03  -1.99645648e-13   1.66301188e-13  -9.88625610e-13
  1.80000000e-05  -7.24476994e-02  -1.35294195e-01  -1.13268549e-02  -5.91371069e-13   3.73079927e-13  -6.73803542e-13
  1.80800000e-05  -6.88865748e-02  -1.30517364e-01  -1.64561986e-02  -7.73650003e-13   4.35449804e-13  -2.15095967e-13
  1.81600000e-05  -6.60566832e-02  -1.25093476e-01  -2.18100279e-02  -7.41168564e-13   3.50558754e-13   2.34136510e-13
  1.82400000e-05  -6.38778744e-02  -1.19259374e-01  -2.60011749e-02  -5.42949717e-13   1.68973898e-13   5.58849846e-13
  1.83200000e-05  -6.21837276e-02  -1.13561307e-01  -2.79901954e-02  -2.55269576e-13  -3.47200558e-14   7.07978931e-13
  1.84000000e-05  -6.06892534e-02  -1.08122216e-01  -2.75614265e-02   4.40060752e-14  -1.99427951e-13   6.85446965e-13
  1.84800000e-05  -5.91123072e-02  -1.02961106e-01  -2.53718779e-02   2.90031428e-13  -2.97793465e-13   5.32744081e-13
  1.85600000e-05  -5.73232739e-02  -9.83117458e-02  -2.17756665e-02   4.43743173e-13  -3.27303779e-13   3.09565473e-13
  1.86400000e-05  -5.52461806e-02  -9.41008155e-02  -1.77616318e-02   4.96525834e-13  -3.04938585e-13   7.11541379e-14
  1.87200000e-05  -5.27848454e-02  -9.00428939e-02  -1.40951831e-02   4.62168133e-13  -2.49020527e-13  -1.39972966e-13
  1.88000000e-05  -5.01265610e-02  -8.62418369e-02  -1.09381552e-02   3.66434556e-13  -1.75175502e-13  -2.98098448e-13
  1.88800000e-05  -4.73938528e-02  -8.27559601e-02  -8.65808748e-03   2.39528789e-13  -9.59493403e-14  -3.94060741e-13
  1.89600000e-05  -4.46360679e-02  -7.93919701e-02  -7.45827819e-03   1.07086028e-13  -1.98063312e-14  -4.30050404e-13
  1.90400000e-05  -4.20018021e-02  -7.61693436e-02  -7.12390068e-03  -1.38640775e-14   4.65980118e-14  -4.16488643e-13
  1.91200000e-05  -3.95278987e-02  -7.30568265e-02  -7.53190392e-03  -1.12706207e-13   9.87487328e-14  -3.66338916e-13
  1.92000000e-05  -3.72343238e-02  -6.99429526e-02  -8.56980589e-03  -1.84313957e-13   1.34033016e-13  -2.93105745e-13
  1.92800000e-05  -3.51667416e-02  -6.69358974e-02  -9.93328286e-03  -2.29834374e-13   1.51800104e-13  -2.09230946e-13
  1.93600000e-05  -3.32927922e-02  -6.39538734e-02  -1.14479134e-02  -2.51587107e-13   1.53227803e-13  -1.24343554e-13
  1.94400000e-05  -3.15987049e-02  -6.09946615e-02  -1.29733296e-02  -2.53372047e-13   1.40989946e-13  -4.57404168e-14
  1.95200000e-05  -3.00579026e-02  -5.80392143e-02  -1.44166783e-02  -2.39292788e-13   1.18516953e-13   2.17809200e-14
  1.96000000e-05  -2.86541301e-02  -5.51669456e-02  -1.56479395e-02  -2.14250052e-13   8.97846580e-14   7.57929511e-14
  1.96800000e-05  -2.73569433e-02  -5.23304033e-02  -1.66551154e-02  -1.81674253e-13   5.82334198e-14   1.15440443e-13
  1.97600000e-05  -2.61632581e-02  -4.96078438e-02  -1.73256680e-02  -1.45635501e-13   2.73913666e-14   1.41493683e-13
  1.98400000e-05  -2.50405419e-02  -4.69921051e-02  -1.77853840e-02  -1.08309004e-13  -1.10920750e-15   1.55422011e-13
  1.99200000e-05  -2.39701890e-02  -4.44618916e-02  -1.79896132e-02  -7.20088228e-14  -2.55341492e-14   1.59056319e-13
  2.00000000e-05  -2.29552334e-02  -4.20780790e-02  -1.79235749e-02  -3.86852200e-14  -4.48406660e-14   1.54814949e-13
  2.00800000e-05  -2.19608517e-02  -3.97869063e-02  -1.76977375e-02  -8.90208130e-15  -5.93831425e-14   1.44547789e-13
  2.01600000e-05  -2.10152830e-02  -3.76508032e-02  -1.72734675e-02   1.62937147e-14  -6.89262200e-14   1.30414494e-13
  2.02400000e-05  -2.00990041e-02  -3.56381445e-02  -1.67413825e-02   3.70257561e-14  -7.43944131e-14   1.13915205e-13
  2.03200000e-05  -1.91982612e-02  -3.37160742e-02  -1.61296517e-02   5.34067218e-14  -7.64440801e-14   9.62251455e-14
  2.04000000e-05  -1.83238881e-02  -3.19233968e-02  -1.54411878e-02   6.55671920e-14  -7.56428490e-14   7.85775560e-14
  2.04800000e-05  -1.74729900e-02  -3.02394698e-02  -1.47183783e-02   7.40521731e-14  -7.27820115e-14   6.16220441e-14
  2.05600000e-05  -1.66447870e-02  -2.86528674e-02  -1.39873879e-02   7.94063271e-14  -6.84992293e-14   4.58268503e-14
  2.06400000e-05  -1.58320269e-02  -2.71331855e-02  -1.32764467e-02   8.22271630e-14  -6.33541445e-14   3.14223457e-14
  2.07200000e-05  -1.50618558e-02  -2.57508290e-02  -1.25687654e-02   8.28555182e-14  -5.76169026e-14   1.87548363e-14
  2.08000000e-05  -1.43102262e-02  -2.44240382e-02  -1.18898719e-02   8.18468070e-14  -5.16836770e-14   7.66011452e-15
  2.08800000e-05  -1.35851050e-02  -2.31736434e-02  -1.12353478e-02   7.95432506e-14  -4.57492507e-14  -1.81806429e-15
  2.09600000e-05  -1.28794875e-02  -2.19749876e-02  -1.06476870e-02   7.65507707e-14  -4.01188439e-14  -9.79777117e-15
  2.10400000e-05  -1.22175664e-02  -2.08772045e-02  -1.00760242e-02   7.28180122e-14  -3.47099581e-14  -1.63766980e-14
  2.11200000e-05  -1.15761402e-02  -1.98195876e-02  -9.55714794e-03   6.88135871e-14  -2.97144808e-14  -2.17289695e-14
  2.12000000e-05  -1.09528518e-02  -1.88040800e-02  -9.08092762e-03   6.46646275e-14  -2.51330755e-14  -2.59508423e-14
  2.12800000e-05  -1.03723237e-02  -1.78743529e-02  -8.64335063e-03   6.04940964e-14  -2.09690609e-14  -2.92312510e-14
  2.13600000e-05  -9.81429370e-03  -1.69845760e-02  -8.22907290e-03   5.63080307e-14  -1.71869700e-14  -3.16815947e-14
  2.14400000e-05  -9.27856402e-03  -1.61239038e-02  -7.86323287e-03   5.23856964e-14  -1.38394390e-14  -3.34364069e-14
  2.15200000e-05  -8.77273550e-03  -1.53248396e-02  -7.52275915e-03   4.86193457e-14  -1.08540159e-14  -3.45868587e-14
  2.16000000e-05  -8.28609613e-03  -1.45469654e-02  -7.23010080e-03   4.52408029e-14  -8.25445018e-15  -3.52405101e-14
  2.16800000e-05  -7.82974268e-03  -1.38253485e-02  -6.94219394e-03   4.19494996e-14  -5.93027051e-15  -3.55025707e-14
  2.17600000e-05  -7.39308841e-03  -1.31337381e-02  -6.69251230e-03   3.90313400e-14  -3.92293279e-15  -3.54185940e-14
  2.18400000e-05  -6.97798619e-03  -1.24679368e-02  -6.45962465e-03   3.63466686e-14  -2.17068180e-15  -3.50736522e-14
  2.19200000e-05  -6.58481290e-03  -1.18405698e-02  -6.25317335e-03   3.39638136e-14  -6.61156355e-16  -3.45131788e-14
  2.20000000e-05  -6.20937987e-03  -1.12370222e-02  -6.07010559e-03   3.18767219e-14   6.31164361e-16  -3.37765266e-14
  2.20800000e-05  -5.85662675e-03  -1.06699134e-02  -5.89247007e-03   2.99340441e-14   1.75416764e-15  -3.29283539e-14
  2.21600000e-05  -5.51941823e-03  -1.01231813e-02  -5.74111318e-03   2.83059326e-14   2.69789340e-15  -3.19700272e-14
  2.22400000e-05  -5.19981463e-03  -9.59643436e-03  -5.59681618e-03   2.68450720e-14   3.50532170e-15  -3.09511662e-14
  2.23200000e-05  -4.89756707e-03  -9.10261858e-03  -5.45940506e-03   2.55219695e-14   4.19061527e-15  -2.98825840e-14
  2.24000000e-05  -4.60998430e-03  -8.62557949e-03  -5.33507256e-03   2.43984560e-14   4.76160934e-15  -2.87808905e-14
  2.24800000e-05  -4.33885962e-03  -8.17164222e-03  -5.22814928e-03   2.34871714e-14   5.23495127e-15  -2.76743606e-14
  2.25600000e-05  -4.07914892e-03  -7.73492385e-03  -5.12585475e-03   2.26945818e-14   5.62388315e-15  -2.65467700e-14
  2.26400000e-05  -3.83570071e-03  -7.32336696e-03  -5.03229511e-03   2.20258762e-14   5.94786251e-15  -2.54442647e-14
  2.27200000e-05  -3.60120248e-03  -6.92064215e-03  -4.93878286e-03   2.14410828e-14   6.20626568e-15  -2.43308985e-14
  2.28000000e-05  -3.38202694e-03  -6.54253477e-03  -4.85681847e-03   2.09829459e-14   6.41714116e-15  -2.32558120e-14
  2.28800000e-05  -3.17305334e-03  -6.17707834e-03  -4.78343411e-03   2.06463461e-14   6.58159616e-15  -2.21947225e-14
  2.29600000e-05  -2.97359755e-03  -5.82669900e-03  -4.70555034e-03   2.03232791e-14   6.70760406e-15  -2.11487362e-14
  2.30400000e-05  -2.78639237e-03  -5.49210481e-03  -4.64059126e-03   2.01310864e-14   6.80713537e-15  -2.01436845e-14
  2.31200000e-05  -2.60621064e-03  -5.16808227e-03  -4.58284691e-03   2.00338108e-14   6.87582510e-15  -1.91468671e-14
  2.32000000e-05  -2.43628298e-03  -4.85838241e-03  -4.52205894e-03   1.99415842e-14   6.92764548e-15  -1.81865151e-14
  2.32800000e-05  -2.27644907e-03  -4.56666658e-03  -4.46700011e-03   1.99016631e-14   6.96767115e-15  -1.72653126e-14
  2.33600000e-05  -2.12217137e-03  -4.27995530e-03  -4.42085817e-03   1.99648918e-14   6.99007860e-15  -1.63511569e-14
  2.34400000e-05  -1.97929966e-03  -4.01310933e-03  -4.37195016e-03   2.00024437e-14   7.01265164e-15  -1.54927127e-14
  2.35200000e-05  -1.84227483e-03  -3.75434310e-03  -4.33423938e-03   2.01404124e-14   7.02913326e-15  -1.46493876e-14
  2.36000000e-05  -1.71269204e-03  -3.50599963e-03  -4.29304156e-03   2.02638132e-14   7.04205168e-15  -1.38352031e-14
  2.36800000e-05  -1.58905860e-03  -3.26557240e-03  -4.26948067e-03   2.05244976e-14   7.06194686e-15  -1.30404451e-14
  2.37600000e-05  -1.47282473e-03  -3.03950731e-03  -4.23896784e-03   2.07261837e-14   7.08328492e-15  -1.22802847e-14
  2.38400000e-05  -1.36028342e-03  -2.81746882e-03  -4.20811540e-03   2.09425943e-14   7.09954128e-15  -1.15231156e-14
  2.39200000e-05  -1.25867835e-03  -2.61034633e-03  -4.18923055e-03   2.12235087e-14   7.14558977e-15  -1.08292047e-14
  2.40000000e-05  -1.15729151e-03  -2.41037208e-03  -4.15649222e-03   2.14092942e-14   7.16986496e-15  -1.01188296e-14
  2.40800000e-05  -1.06286006e-03  -2.21754119e-03  -4.13586595e-03   2.16779752e-14   7.21572279e-15  -9.43981673e-15
  2.41600000e-05  -9.75486936e-04  -2.03604937e-03  -4.13180395e-03   2.20433744e-14   7.29337219e-15  -8.79826102e-15
  2.42400000e-05  -8.92367969e-04  -1.86288771e-03  -4.12255086e-03   2.23616806e-14   7.37527901e-15  -8.17313485e-15
  2.43200000e-05  -8.13996285e-04  -1.69486805e-03  -4.12024461e-03   2.27244378e-14   7.47755251e-15  -7.56534522e-15
  2.44000000e-05  -7.37853952e-04  -1.53655854e-03  -4.11961247e-03   2.30783100e-14   7.58804290e-15  -6.96373615e-15
  2.44800000e-05  -6.68156769e-04  -1.38619701e-03  -4.12287773e-03   2.34420183e-14   7.72416691e-15  -6.39605683e-15
  2.45600000e-05  -6.01587162e-04  -1.24159625e-03  -4.12727931e-03   2.38016499e-14   7.87452140e-15  -5.83816638e-15
  2.46400000e-05  -5.38232199e-04  -1.10632595e-03  -4.13741540e-03   2.41749950e-14   8.04565112e-15  -5.29627104e-15
  2.47200000e-05  -4.82334508e-04  -9.77586794e-04  -4.15218643e-03   2.45614429e-14   8.25295812e-15  -4.79622355e-15
  2.48000000e-05  -4.28735349e-04  -8.57048050e-04  -4.16315226e-03   2.48972854e-14   8.46699414e-15  -4.30706495e-15
  2.48800000e-05  -3.75653406e-04  -7.41779500e-04  -4.20010257e-03   2.53888590e-14   8.73456567e-15  -3.81336714e-15
  2.49600000e-05  -3.29290555e-04  -6.36327413e-04  -4.20831824e-03   2.56558690e-14   8.98105297e-15  -3.36550725e-15
  2.50400000e-05  -2.86565840e-04  -5.37295132e-04  -4.23807820e-03   2.60418010e-14   9.28664745e-15  -2.93820936e-15
  2.51200000e-05  -2.47099920e-04  -4.42274452e-04  -4.25758416e-03   2.63429117e-14   9.59300456e-15  -2.52539276e-15
  2.52000000e-05  -2.11102794e-04  -3.59976916e-04  -4.29501866e-03   2.67135638e-14   9.95676801e-15  -2.14749116e-15
  2.52800000e-05  -1.75757296e-04  -2.79636798e-04  -4.36446536e-03   2.72775817e-14   1.04080642e-14  -1.76532773e-15
  2.53600000e-05  -1.45120471e-04  -2.06587400e-04  -4.39787571e-03   2.75746119e-14   1.08100855e-14  -1.41769994e-15
  2.54400000e-05  -1.17067779e-04  -1.40111107e-04  -4.41289802e-03   2.77232600e-14   1.11874502e-14  -1.09066343e-15
  2.55200000e-05  -9.29173285e-05  -8.02535316e-05  -4.49113076e-03   2.82432974e-14   1.17456620e-14  -7.94214817e-16
  2.56000000e-05  -6.97703148e-05  -2.67076208e-05  -4.53739713e-03   2.85256180e-14   1.22443615e-14  -5.10702292e-16
  2.56800000e-05  -5.01762554e-05   1.83748818e-05  -4.60221313e-03   2.88828597e-14   1.28201620e-14  -2.63713294e-16
  2.57600000e-05  -3.25955651e-05   5.95736711e-05  -4.66258548e-03   2.91844657e-14   1.34075015e-14  -3.27179134e-17
  2.58400000e-05  -2.00635651e-05   9.64278664e-05  -4.71651460e-03   2.94144195e-14   1.40127813e-14   1.61361630e-16
  2.59200000e-05  -5.92304312e-06   1.21553959e-04  -4.79438966e-03   2.97348825e-14   1.47006380e-14   3.35975979e-16
  2.60000000e-05   2.87092556e-06   1.45075663e-04  -4.86468942e-03   2.99838226e-14   1.54040358e-14   4.77077120e-16
  2.60800000e-05   1.28695383e-05   1.61762524e-04  -4.94157348e-03   3.02285363e-14   1.61443636e-14   6.07211512e-16
  2.61600000e-05   1.87711906e-05   1.72229012e-04  -5.00231530e-03   3.03345291e-14   1.68630932e-14   6.94424259e-16
  2.62400000e-05   2.31285678e-05   1.78235147e-04  -5.09370382e-03   3.05837955e-14   1.77113531e-14   7.58612036e-16
  2.63200000e-05   2.84291930e-05   1.79883709e-04  -5.16984232e-03   3.07029723e-14   1.85241837e-14   8.13382563e-16
  2.64000000e-05   2.87222976e-05   1.75700278e-04  -5.25043889e-03   3.08024939e-14   1.93892077e-14   8.17342640e-16
  2.64800000e-05   2.84935320e-05   1.66668576e-04  -5.32768272e-03   3.08388032e-14   2.02626581e-14   7.98819116e-16
  2.65600000e-05   2.64874685e-05   1.53960399e-04  -5.39886369e-03   3.08005431e-14   2.11357513e-14   7.53843281e-16
  2.66400000e-05   2.41759471e-05   1.35251583e-04  -5.49039082e-03   3.08262519e-14   2.21073704e-14   6.80336027e-16
  2.67200000e-05   2.10834715e-05   1.13754803e-04  -5.58872586e-03   3.08455937e-14   2.31307023e-14   5.87175102e-16
  2.68000000e-05   1.70364611e-05   8.96599642e-05  -5.65677531e-03   3.06582811e-14   2.40479012e-14   4.73492835e-16
  2.68800000e-05   1.17752243e-05   6.18034310e-05  -5.73470276e-03   3.04799150e-14   2.50233236e-14   3.32263967e-16
  2.69600000e-05   5.96009060e-06   3.27349059e-05  -5.82141396e-03   3.03091043e-14   2.60528448e-14   1.77531170e-16
  2.70400000e-05   2.80442356e-07  -9.59296084e-07  -5.91595553e-03   3.01240612e-14   2.71333427e-14  -2.97176789e-18
  2.71200000e-05  -7.12137648e-06  -3.55006168e-05  -6.00716516e-03   2.98787248e-14   2.82194683e-14  -2.02189576e-16
  2.72000000e-05  -1.35608815e-05  -7.17902748e-05  -6.10628748e-03   2.96236422e-14   2.93546868e-14  -4.10904948e-16
  2.72800000e-05  -2.10824616e-05  -1.10070692e-04  -6.17934568e-03   2.91926069e-14   3.03792268e-14  -6.40733624e-16
  2.73600000e-05  -2.87610759e-05  -1.48097136e-04  -6.27434899e-03   2.88253205e-14   3.15204310e-14  -8.76127995e-16
  2.74400000e-05  -3.30693706e-05  -1.86825564e-04  -6.35801888e-03   2.83573903e-14   3.26024352e-14  -1.10549049e-15
  2.75200000e-05  -4.02325534e-05  -2.29725191e-04  -6.43735968e-03   2.78109537e-14   3.36775752e-14  -1.37564056e-15
  2.76000000e-05  -4.85445703e-05  -2.70541650e-04  -6.52530657e-03   2.72641410e-14   3.48055197e-14  -1.64587956e-15
  2.76800000e-05  -5.53758034e-05  -3.12143601e-04  -6.63267105e-03   2.67458692e-14   3.60383044e-14  -1.91931727e-15
  2.77600000e-05  -6.10359521e-05  -3.53146133e-04  -6.71463999e-03   2.60705202e-14   3.71338375e-14  -2.18997744e-15
  2.78400000e-05  -6.80231033e-05  -3.94109737e-04  -6.82669665e-03   2.54631431e-14   3.84017097e-14  -2.47067808e-15
  2.79200000e-05  -7.29670878e-05  -4.36633123e-04  -6.88850128e-03   2.46013311e-14   3.93793781e-14  -2.75668502e-15
  2.80000000e-05  -7.89819251e-05  -4.76457823e-04  -6.97233860e-03   2.37842143e-14   4.04788127e-14  -3.03556256e-15
  2.80800000e-05  -8.38253466e-05  -5.17692584e-04  -7.06152610e-03   2.29277449e-14   4.15990654e-14  -3.32186747e-15
  2.81600000e-05  -8.98307584e-05  -5.61235656e-04  -7.14716337e-03   2.19943176e-14   4.26953198e-14  -3.62911840e-15
  2.82400000e-05  -9.38989973e-05  -5.98764313e-04  -7.23711279e-03   2.10405414e-14   4.37998631e-14  -3.89678612e-15
  2.83200000e-05  -9.83951205e-05  -6.40333536e-04  -7.33226475e-03   2.00302056e-14   4.49256617e-14  -4.19219482e-15
  2.84000000e-05  -1.00875886e-04  -6.79755958e-04  -7.42360260e-03   1.89558153e-14   4.60072258e-14  -4.47031883e-15
  2.84800000e-05  -1.03370160e-04  -7.21669496e-04  -7.51031621e-03   1.77982037e-14   4.70438205e-14  -4.76543097e-15
  2.85600000e-05  -1.06101906e-04  -7.63801967e-04  -7.59288264e-03   1.65717004e-14   4.80341801e-14  -5.06354333e-15
  2.86400000e-05  -1.07415213e-04  -8.06698217e-04  -7.66216745e-03   1.52549641e-14   4.89109559e-14  -5.36336439e-15
  2.87200000e-05  -1.10855780e-04  -8.48445185e-04  -7.75233602e-03   1.39360245e-14   4.99003697e-14  -5.66056698e-15
  2.88000000e-05  -1.12561443e-04  -8.94221589e-04  -7.83376767e-03   1.25244734e-14   5.07985933e-14  -5.97860106e-15
  2.88800000e-05  -1.14865354e-04  -9.41968946e-04  -7.91195413e-03   1.10432534e-14   5.16450863e-14  -6.30900457e-15
  2.89600000e-05  -1.16463434e-04  -9.90598656e-04  -8.00388734e-03   9.52434916e-15   5.25426040e-14  -6.64150668e-15
  2.90400000e-05  -1.18320431e-04  -1.04456889e-03  -8.08913445e-03   7.91384491e-15   5.33589347e-14  -7.00612073e-15
  2.91200000e-05  -1.19950091e-04  -1.10257802e-03  -8.18064614e-03   6.23608264e-15   5.41733417e-14  -7.39285788e-15
  2.92000000e-05  -1.22337719e-04  -1.16440451e-03  -8.25407338e-03   4.46342678e-15   5.48254400e-14  -7.80039531e-15
  2.92800000e-05  -1.23796548e-04  -1.23078541e-03  -8.32971847e-03   2.62296663e-15   5.54381335e-14  -8.23042947e-15
  2.93600000e-05  -1.24271070e-04  -1.30656425e-03  -8.39357245e-03   6.86465542e-16   5.59149274e-14  -8.71401939e-15
  2.94400000e-05  -1.26326110e-04  -1.38737033e-03  -8.47612278e-03  -1.30796773e-15   5.64629600e-14  -9.22235406e-15
  2.95200000e-05  -1.26810777e-04  -1.47671000e-03  -8.53862624e-03  -3.39545822e-15   5.68106747e-14  -9.77467666e-15
  2.96000000e-05  -1.27125853e-04  -1.57187211e-03  -8.63432411e-03  -5.55062431e-15   5.73100915e-14  -1.03515348e-14
  2.96800000e-05  -1.28159288e-04  -1.68383972e-03  -8.68948479e-03  -7.82551361e-15   5.74747548e-14  -1.10219840e-14
  2.97600000e-05  -1.29063076e-04  -1.80685506e-03  -8.73406611e-03  -1.01800891e-14   5.74956424e-14  -1.17439480e-14
  2.98400000e-05  -1.31103364e-04  -1.94221046e-03  -8.78008516e-03  -1.26188906e-14   5.74529878e-14  -1.25205408e-14
  2.99200000e-05  -1.30910495e-04  -2.08734951e-03  -8.82874939e-03  -1.51326917e-14   5.73368529e-14  -1.33315624e-14
  3.00000000e-05  -1.31126292e-04  -2.25165707e-03  -8.85927374e-03  -1.77408716e-14   5.70213674e-14  -1.42298651e-14
  3.00800000e-05  -1.29882406e-04  -2.43213183e-03  -8.86945269e-03  -2.04160759e-14   5.64846432e-14  -1.51899350e-14
  3.01600000e-05  -1.29380028e-04  -2.63099454e-03  -8.86362289e-03  -2.31599037e-14   5.57643702e-14  -1.62145126e-14
  3.02400000e-05  -1.26558932e-04  -2.84823272e-03  -8.82758608e-03  -2.59404026e-14   5.47619960e-14  -1.72971317e-14
  3.03200000e-05  -1.24407238e-04  -3.08545664e-03  -8.80641255e-03  -2.88256761e-14   5.37699659e-14  -1.84318841e-14
  3.04000000e-05  -1.19966971e-04  -3.33830018e-03  -8.72461302e-03  -3.16579893e-14   5.23233149e-14  -1.95851688e-14
  3.04800000e-05  -1.13736050e-04  -3.61000245e-03  -8.61065874e-03  -3.44756805e-14   5.06122237e-14  -2.07636987e-14
  3.05600000e-05  -1.06414659e-04  -3.89437393e-03  -8.47296652e-03  -3.72567732e-14   4.87016808e-14  -2.19165140e-14
  3.06400000e-05  -9.67950248e-05  -4.18418290e-03  -8.27963694e-03  -3.98742904e-14   4.64256904e-14  -2.29954463e-14
  3.07200000e-05  -8.60053753e-05  -4.48772880e-03  -8.05895532e-03  -4.24148343e-14   4.39730920e-14  -2.40343072e-14
  3.08000000e-05  -7.23261236e-05  -4.77653422e-03  -7.76996374e-03  -4.46161294e-14   4.11446195e-14  -2.48780789e-14
  3.08800000e-05  -5.71444335e-05  -5.07956081e-03  -7.45343694e-03  -4.67077753e-14   3.81979449e-14  -2.56740207e-14
  3.09600000e-05  -4.17630604e-05  -5.37313209e-03  -7.07748190e-03  -4.84678875e-14   3.50123332e-14  -2.62949064e-14
  3.10400000e-05  -2.04501612e-05  -5.60961029e-03  -6.63679511e-03  -4.96198021e-14   3.15776013e-14  -2.65374027e-14
  3.11200000e-05  -1.91069989e-06  -5.85062180e-03  -6.16427513e-03  -5.05578870e-14   2.81400780e-14  -2.66925713e-14
  3.12000000e-05   1.83114635e-05  -6.01248314e-03  -5.64091880e-03  -5.07805450e-14   2.46234896e-14  -2.64102689e-14
  3.12800000e-05   3.75524132e-05  -6.16852922e-03  -5.09205043e-03  -5.07452939e-14   2.11888981e-14  -2.60425436e-14
  3.13600000e-05   5.65193059e-05  -6.27266916e-03  -4.50219490e-03  -5.01533385e-14   1.77932607e-14  -2.54200167e-14
  3.14400000e-05   7.53925707e-05  -6.29033507e-03  -3.90994693e-03  -4.89463345e-14   1.46101523e-14  -2.44486549e-14
  3.15200000e-05   9.25095230e-05  -6.28481998e-03  -3.30296722e-03  -4.74307496e-14   1.16055522e-14  -2.34112534e-14
  3.16000000e-05   1.05084656e-04  -6.21984742e-03  -2.69856890e-03  -4.54734296e-14   8.85953678e-15  -2.21908459e-14
  3.16800000e-05   1.17514474e-04  -6.09093157e-03  -2.12229108e-03  -4.31471445e-14   6.42338019e-15  -2.08240913e-14
  3.17600000e-05   1.29098853e-04  -5.93664265e-03  -1.55443996e-03  -4.06104379e-14   4.21362207e-15  -1.94652289e-14
  3.18400000e-05   1.35532352e-04  -5.73737695e-03  -1.00770719e-03  -3.78056395e-14   2.27733552e-15  -1.80506995e-14
  3.19200000e-05   1.40944792e-04  -5.50483429e-03  -4.94467978e-04  -3.48561838e-14   6.02804300e-16  -1.66464478e-14
  3.20000000e-05  -7.67368403e-06   1.16024021e-04  -1.95094817e-05   6.26913860e-16   1.02001694e-16   3.60025344e-16
  3.20800000e-05  -1.79899988e-04   5.79131010e-03  -3.78255626e-04   3.33139501e-14   2.18421722e-15   1.75973589e-14
  3.21600000e-05  -1.83084534e-04   5.52549935e-03  -7.49370728e-04   2.99802178e-14   3.36098746e-15   1.74576072e-14
  3.22400000e-05  -1.85802318e-04   5.25685967e-03  -1.06941020e-03   2.68470864e-14   4.44538771e-15   1.71875380e-14
  3.23200000e-05  -1.87802950e-04   4.98481943e-03  -1.36741373e-03   2.38024132e-14   5.50381498e-15   1.67947417e-14
  3.24000000e-05  -1.87292820e-04   4.71587803e-03  -1.62962897e-03   2.09354094e-14   6.46584018e-15   1.63049763e-14
  3.24800000e-05  -1.86777069e-04   4.44931986e-03  -1.86162917e-03   1.82201869e-14   7.34936836e-15   1.57370641e-14
  3.25600000e-05  -1.86415507e-04   4.19271745e-03  -2.06547354e-03   1.56911389e-14   8.15023490e-15   1.51280371e-14
  3.26400000e-05  -1.83866822e-04   3.94413290e-03  -2.24999696e-03   1.33016570e-14   8.87661720e-15   1.44732749e-14
  3.27200000e-05  -1.80696033e-04   3.70213486e-03  -2.41430920e-03   1.10456801e-14   9.52791232e-15   1.37835310e-14
  3.28000000e-05  -1.76933811e-04   3.47210325e-03  -2.55927617e-03   8.94837867e-15   1.01019098e-14   1.30863576e-14
  3.28800000e-05  -1.73291643e-04   3.25621307e-03  -2.68777824e-03   7.00848024e-15   1.06087322e-14   1.24004953e-14
  3.29600000e-05  -1.68217963e-04   3.04334481e-03  -2.80933737e-03   5.12578301e-15   1.10714255e-14   1.16867120e-14
  3.30400000e-05  -1.63293345e-04   2.83851007e-03  -2.91847058e-03   3.34814423e-15   1.14769521e-14   1.09751712e-14
  3.31200000e-05  -1.56988653e-04   2.64589796e-03  -3.01765557e-03   1.68669877e-15   1.18245185e-14   1.02800588e-14
  3.32000000e-05  -1.50555792e-04   2.46139683e-03  -3.10883610e-03   1.10036449e-16   1.21269175e-14   9.59606379e-15
  3.32800000e-05  -1.44666433e-04   2.29040132e-03  -3.19280216e-03  -1.35792979e-15   1.23897974e-14   8.94952258e-15
  3.33600000e-05  -1.36568580e-04   2.12511835e-03  -3.27433797e-03  -2.77970700e-15   1.26156973e-14   8.30380695e-15
  3.34400000e-05  -1.29347187e-04   1.96726942e-03  -3.34938026e-03  -4.13017870e-15   1.28056865e-14   7.68096198e-15
  3.35200000e-05  -1.21897005e-04   1.81839940e-03  -3.42125946e-03  -5.41658360e-15   1.29658428e-14   7.08433439e-15
  3.36000000e-05  -1.14033303e-04   1.67673117e-03  -3.48948222e-03  -6.64703482e-15   1.30933088e-14   6.50868550e-15
  3.36800000e-05  -1.06812817e-04   1.54540321e-03  -3.55577447e-03  -7.81385234e-15   1.31995705e-14   5.97149185e-15
  3.37600000e-05  -9.79998717e-05   1.41786280e-03  -3.62146282e-03  -8.95743860e-15   1.32776233e-14   5.44080582e-15
  3.38400000e-05  -9.00800418e-05   1.29912853e-03  -3.68519182e-03  -1.00469932e-14   1.33353558e-14   4.94665560e-15
  3.39200000e-05  -8.15341991e-05   1.18420300e-03  -3.74771203e-03  -1.11119689e-14   1.33674910e-14   4.46561218e-15
  3.40000000e-05  -7.27756477e-05   1.07523672e-03  -3.81027884e-03  -1.21476920e-14   1.33801802e-14   4.00782145e-15
  3.40800000e-05  -6.42711131e-05   9.75476423e-04  -3.87261219e-03  -1.31371735e-14   1.33745244e-14   3.58695198e-15
  3.41600000e-05  -5.61146554e-05   8.78844779e-04  -3.93582695e-03  -1.41168896e-14   1.33544383e-14   3.18323008e-15
  3.42400000e-05  -4.73581832e-05   7.89317797e-04  -3.99902404e-03  -1.50630394e-14   1.33117378e-14   2.80582203e-15
  3.43200000e-05  -3.94853700e-05   7.05320419e-04  -4.06310718e-03  -1.59882697e-14   1.32563580e-14   2.45656397e-15
  3.44000000e-05  -3.14944764e-05   6.26301483e-04  -4.12857862e-03  -1.68981693e-14   1.31843761e-14   2.12896353e-15
  3.44800000e-05  -2.37561685e-05   5.53697228e-04  -4.19520560e-03  -1.77847893e-14   1.30962265e-14   1.82919349e-15
  3.45600000e-05  -1.66288553e-05   4.86552600e-04  -4.26367959e-03  -1.86566232e-14   1.29952288e-14   1.55572212e-15
  3.46400000e-05  -9.30267057e-06   4.23994972e-04  -4.33305223e-03  -1.95135416e-14   1.28737615e-14   1.30160863e-15
  3.47200000e-05  -2.50754985e-06   3.66124362e-04  -4.40479467e-03  -2.03625122e-14   1.27389878e-14   1.07045030e-15
  3.48000000e-05   3.37438673e-06   3.13871972e-04  -4.47777247e-03  -2.11933667e-14   1.25886730e-14   8.66439068e-16
  3.48800000e-05   8.69217470e-06   2.68504764e-04  -4.55254157e-03  -2.20026995e-14   1.24219551e-14   6.90625837e-16
  3.49600000e-05   1.45280587e-05   2.25947889e-04  -4.63026322e-03  -2.28167037e-14   1.22355969e-14   5.25483061e-16
  3.50400000e-05   1.87262778e-05   1.90062643e-04  -4.70976546e-03  -2.36101778e-14   1.20360502e-14   3.91839629e-16
  3.51200000e-05   2.27902828e-05   1.58030593e-04  -4.79133939e-03  -2.43985370e-14   1.18155831e-14   2.73655013e-16
  3.52000000e-05   2.61874108e-05   1.31860371e-04  -4.87522119e-03  -2.51728423e-14   1.15764798e-14   1.77892924e-16
  3.52800000e-05   2.82505956e-05   1.12128622e-04  -4.96151300e-03  -2.59306303e-14   1.13210991e-14   1.08205598e-16
  3.53600000e-05   3.00868415e-05   9.56812694e-05  -5.05063606e-03  -2.66895494e-14   1.10437692e-14   5.02268645e-17
  3.54400000e-05   3.00796078e-05   8.64540848e-05  -5.14134161e-03  -2.74230352e-14   1.07485735e-14   2.03028609e-17
  3.55200000e-05   2.92637069e-05   8.15092384e-05  -5.23404047e-03  -2.81474642e-14   1.04302694e-14   5.05616509e-18
  3.56000000e-05   2.81958617e-05   8.41078756e-05  -5.32980210e-03  -2.88520320e-14   1.00871046e-14   6.54752906e-18
  3.56800000e-05   2.55599984e-05   9.20336313e-05  -5.42828499e-03  -2.95454150e-14   9.72351950e-15   2.57374195e-17
  3.57600000e-05   2.16407838e-05   1.02914701e-04  -5.52802327e-03  -3.02306267e-14   9.33449358e-15   5.54343101e-17
  3.58400000e-05   1.58832842e-05   1.22823231e-04  -5.63065737e-03  -3.08860670e-14   8.92448911e-15   1.07547373e-16
  3.59200000e-05   9.50492584e-06   1.50032882e-04  -5.73608354e-03  -3.15190341e-14   8.48622516e-15   1.69737196e-16
  3.60000000e-05   1.52962393e-06   1.81230100e-04  -5.84318902e-03  -3.21389259e-14   8.02173021e-15   2.40385600e-16
  3.60800000e-05  -8.28200074e-06   2.20001285e-04  -5.95188897e-03  -3.27266047e-14   7.53131617e-15   3.23920861e-16
  3.61600000e-05  -1.95748447e-05   2.67530250e-04  -6.06310845e-03  -3.32805655e-14   7.01344921e-15   4.16910195e-16
  3.62400000e-05  -3.24624479e-05   3.20978743e-04  -6.17672489e-03  -3.38132435e-14   6.46763097e-15   5.13805094e-16
  3.63200000e-05  -4.76112971e-05   3.81137993e-04  -6.29164385e-03  -3.43133555e-14   5.89543301e-15   6.16798560e-16
  3.64000000e-05  -6.45824983e-05   4.48612292e-04  -6.40763698e-03  -3.47755085e-14   5.29401642e-15   7.21147292e-16
  3.64800000e-05  -8.28601023e-05   5.24071668e-04  -6.52527092e-03  -3.51984310e-14   4.66109907e-15   8.21313877e-16
  3.65600000e-05  -1.03098229e-04   6.06431088e-04  -6.64396069e-03  -3.55828324e-14   3.99946349e-15   9.17212828e-16
  3.66400000e-05  -1.26236683e-04   6.97737146e-04  -6.76407102e-03  -3.59194243e-14   3.31385143e-15   1.01219313e-15
  3.67200000e-05  -1.50845904e-04   7.96432788e-04  -6.88439130e-03  -3.62075760e-14   2.59701265e-15   1.09379468e-15
  3.68000000e-05  -1.77075128e-04   9.03535359e-04  -7.00616471e-03  -3.64479408e-14   1.85050675e-15   1.15983886e-15
  3.68800000e-05  -2.06453543e-04   1.02052490e-03  -7.12833040e-03  -3.66255589e-14   1.08232173e-15   1.21571423e-15
  3.69600000e-05  -2.38060443e-04   1.14629149e-03  -7.24902236e-03  -3.67336068e-14   2.89476097e-16   1.25211956e-15
  3.70400000e-05  -2.70780619e-04   1.27871407e-03  -7.36998905e-03  -3.67910593e-14  -5.32094670e-16   1.25941963e-15
  3.71200000e-05  -3.07067885e-04   1.42186842e-03  -7.48978378e-03  -3.67677942e-14  -1.36819503e-15   1.24767493e-15
  3.72000000e-05  -3.45714453e-04   1.57654288e-03  -7.60778604e-03  -3.66547544e-14  -2.22185023e-15   1.20524370e-15
  3.72800000e-05  -3.84956166e-04   1.73697342e-03  -7.72655067e-03  -3.64934631e-14  -3.10053085e-15   1.12117869e-15
  3.73600000e-05  -4.28268138e-04   1.91279659e-03  -7.84156982e-03  -3.62088349e-14  -3.98085721e-15   1.00649747e-15
  3.74400000e-05  -4.73408352e-04   2.09670297e-03  -7.95324923e-03  -3.58375125e-14  -4.86992965e-15   8.49336109e-16
  3.75200000e-05  -5.20228018e-04   2.28782914e-03  -8.06256214e-03  -3.53877426e-14  -5.76504916e-15   6.47467598e-16
  3.76000000e-05  -5.70098771e-04   2.49464087e-03  -8.16743417e-03  -3.48045529e-14  -6.65274742e-15   3.97409655e-16
  3.76800000e-05  -6.21802804e-04   2.70876651e-03  -8.26893803e-03  -3.41336012e-14  -7.53455123e-15   9.85651238e-17
  3.77600000e-05  -6.74896324e-04   2.93217746e-03  -8.36492871e-03  -3.33514120e-14  -8.40431470e-15  -2.55136272e-16
  3.78400000e-05  -7.30383007e-04   3.16446688e-03  -8.45474272e-03  -3.24549163e-14  -9.24985740e-15  -6.58369893e-16
  3.79200000e-05  -7.86894929e-04   3.40704505e-03  -8.53885154e-03  -3.14388173e-14  -1.00716459e-14  -1.12140436e-15
  3.80000000e-05  -8.43918988e-04   3.65344746e-03  -8.61817096e-03  -3.03385733e-14  -1.08671659e-14  -1.63599927e-15
  3.80800000e-05  -9.03052051e-04   3.91348936e-03  -8.68880246e-03  -2.90831576e-14  -1.16146737e-14  -2.20862392e-15
  3.81600000e-05  -9.63548571e-04   4.18193000e-03  -8.75176988e-03  -2.77032899e-14  -1.23118531e-14  -2.83300897e-15
  3.82400000e-05  -1.02393672e-03   4.45722113e-03  -8.80562741e-03  -2.61981718e-14  -1.29548317e-14  -3.51108196e-15
  3.83200000e-05  -1.08645712e-03   4.74356893e-03  -8.85049717e-03  -2.45474871e-14  -1.35244924e-14  -4.23530667e-15
  3.84000000e-05  -1.14838424e-03   5.04048809e-03  -8.88394480e-03  -2.27402789e-14  -1.40202184e-14  -5.01513311e-15
  3.84800000e-05  -1.21142287e-03   5.34524878e-03  -8.90691303e-03  -2.07955152e-14  -1.44269483e-14  -5.82956912e-15
  3.85600000e-05  -1.27505551e-03   5.65530752e-03  -8.91933926e-03  -1.87263163e-14  -1.47394784e-14  -6.66856463e-15
  3.86400000e-05  -1.33822038e-03   5.97633459e-03  -8.91879614e-03  -1.64926758e-14  -1.49488037e-14  -7.54229796e-15
  3.87200000e-05  -1.40124984e-03   6.30189201e-03  -8.90586020e-03  -1.41311432e-14  -1.50471105e-14  -8.42411645e-15
  3.88000000e-05  -1.46160862e-03   6.62981622e-03  -8.88007906e-03  -1.16523637e-14  -1.50401538e-14  -9.31098248e-15
  3.88800000e-05  -1.52216797e-03   6.96303140e-03  -8.84173402e-03  -9.04517378e-15  -1.49086435e-14  -1.01836448e-14
  3.89600000e-05  -1.58000208e-03   7.29287613e-03  -8.78890860e-03  -6.34755291e-15  -1.46583730e-14  -1.10221367e-14
  3.90400000e-05  -1.63611019e-03   7.62371025e-03  -8.72312273e-03  -3.54859597e-15  -1.42854604e-14  -1.18194275e-14
  3.91200000e-05  -1.69119616e-03   7.95976029e-03  -8.64189404e-03  -6.17993171e-16  -1.37773027e-14  -1.25688742e-14
  3.92000000e-05  -1.74481215e-03   8.29593018e-03  -8.54688280e-03   2.40497636e-15  -1.31392070e-14  -1.32443814e-14
  3.92800000e-05  -1.79693739e-03   8.63451386e-03  -8.43583517e-03   5.53798408e-15  -1.23660612e-14  -1.38369629e-14
  3.93600000e-05  -1.84499801e-03   8.97339735e-03  -8.30667443e-03   8.77426105e-15  -1.14680754e-14  -1.43373973e-14
  3.94400000e-05  -1.89436473e-03   9.30807151e-03  -8.16572464e-03   1.20525077e-14  -1.04370975e-14  -1.46932576e-14
  3.95200000e-05  -1.93956819e-03   9.64190503e-03  -8.01140514e-03   1.53919366e-14  -9.30434728e-15  -1.49243911e-14
  3.96000000e-05  -1.98398456e-03   9.96268820e-03  -7.84265937e-03   1.87221398e-14  -8.05663235e-15  -1.49707066e-14
  3.96800000e-05  -2.02524491e-03   1.02847402e-02  -7.66197966e-03   2.21021317e-14  -6.72270565e-15  -1.48660681e-14
  3.97600000e-05  -2.06438620e-03   1.05919208e-02  -7.46602526e-03   2.54487739e-14  -5.29954469e-15  -1.45550613e-14
  3.98400000e-05  -2.10156942e-03   1.08939013e-02  -7.25846164e-03   2.87891995e-14  -3.80781504e-15  -1.40504238e-14
  3.99200000e-05  -2.13844433e-03   1.11888401e-02  -7.03698220e-03   3.21143911e-14  -2.24618399e-15  -1.33305767e-14
  4.00000000e-05  -2.17444899e-03   1.14785661e-02  -6.80462566e-03   3.54106787e-14  -6.38883756e-16  -1.23933613e-14
  4.00800000e-05  -2.20774577e-03   1.17633353e-02  -6.56013628e-03   3.86759802e-14   9.90920421e-16  -1.12391267e-14
  4.01600000e-05  -2.24230431e-03   1.20244328e-02  -6.30366202e-03   4.17887516e-14   2.64779626e-15  -9.81411268e-15
  4.02400000e-05  -2.27700658e-03   1.22808435e-02  -6.04195290e-03   4.48178500e-14   4.29612356e-15  -8.15804411e-15
  4.03200000e-05  -2.30854821e-03   1.25207344e-02  -5.77313197e-03   4.76917615e-14   5.90305991e-15  -6.26836277e-15
  4.04000000e-05  -2.34395963e-03   1.27536851e-02  -5.49660247e-03   5.04592313e-14   7.49360621e-15  -4.13042566e-15
  4.04800000e-05  -2.38008085e-03   1.29737386e-02  -5.21233437e-03   5.30741341e-14   9.03144990e-15  -1.75527110e-15
  4.05600000e-05  -2.41806266e-03   1.31840374e-02  -4.92269390e-03   5.55338795e-14   1.05034880e-14   8.51968196e-16
  4.06400000e-05  -2.45892736e-03   1.33857241e-02  -4.62880912e-03   5.78295003e-14   1.18985919e-14   3.68836286e-15
  4.07200000e-05  -2.50151584e-03   1.35703600e-02  -4.33097307e-03   5.98992638e-14   1.31935475e-14   6.74264901e-15
  4.08000000e-05  -2.54506345e-03   1.37386674e-02  -4.03169131e-03   6.17272146e-14   1.43674890e-14   9.99344229e-15
  4.08800000e-05  -2.59134136e-03   1.39017079e-02  -3.72819139e-03   6.33830584e-14   1.54167141e-14   1.34305110e-14
  4.09600000e-05  -2.64276223e-03   1.40451243e-02  -3.42660795e-03   6.47443622e-14   1.63419921e-14   1.70493257e-14
  4.10400000e-05  -2.70404116e-03   1.41841258e-02  -3.12528855e-03   6.58996036e-14   1.71592943e-14   2.08602652e-14
  4.11200000e-05  -2.76555488e-03   1.43127389e-02  -2.82259591e-03   6.68153327e-14   1.78004180e-14   2.47967712e-14
  4.12000000e-05  -2.83344626e-03   1.44313010e-02  -2.52234516e-03   6.74678794e-14   1.82927530e-14   2.88705986e-14
  4.12800000e-05  -2.90699155e-03   1.45409483e-02  -2.22406997e-03   6.78595497e-14   1.86228955e-14   3.30598517e-14
  4.13600000e-05  -2.98576029e-03   1.46371062e-02  -1.92975034e-03   6.79503953e-14   1.87831068e-14   3.73347450e-14
  4.14400000e-05  -3.07291801e-03   1.47214469e-02  -1.63889940e-03   6.77491060e-14   1.87829468e-14   4.16893839e-14
  4.15200000e-05  -3.16504369e-03   1.48023596e-02  -1.35164100e-03   6.72955873e-14   1.85984816e-14   4.60979940e-14
  4.16000000e-05  -3.26585160e-03   1.48796820e-02  -1.06873734e-03   6.65790790e-14   1.82447614e-14   5.05632716e-14
  4.16800000e-05  -3.37693087e-03   1.49525095e-02  -7.91938261e-04   6.55799319e-14   1.77277164e-14   5.50736769e-14
  4.17600000e-05  -3.49441825e-03   1.50143878e-02  -5.18869495e-04   6.42786632e-14   1.70187376e-14   5.95706472e-14
  4.18400000e-05  -3.61947957e-03   1.50711707e-02  -2.51527747e-04   6.26914193e-14   1.61248819e-14   6.40507313e-14
  4.19200000e-05  -3.74999834e-03   1.51194632e-02   1.07651514e-05   6.08073114e-14   1.50329567e-14   6.84692547e-14
  4.20000000e-05  -3.89381862e-03   1.51666816e-02   2.66036374e-04   5.86448058e-14   1.37779604e-14   7.28708580e-14
  4.20800000e-05  -4.04582502e-03   1.52114501e-02   5.13981125e-04   5.61944132e-14   1.23375749e-14   7.72019775e-14
  4.21600000e-05  -4.20328928e-03   1.52513801e-02   7.57996911e-04   5.34675347e-14   1.06893166e-14   8.14154847e-14
  4.22400000e-05  -4.37474329e-03   1.52924402e-02   9.94554552e-04   5.04631968e-14   8.87162709e-15   8.55606212e-14
  4.23200000e-05  -4.55579540e-03   1.53371367e-02   1.22283511e-03   4.71797687e-14   6.87046452e-15   8.96017122e-14
  4.24000000e-05  -4.74746383e-03   1.53773476e-02   1.44704792e-03   4.36195273e-14   4.66915900e-15   9.34888514e-14
  4.24800000e-05  -4.94832756e-03   1.54168179e-02   1.66357263e-03   3.97720142e-14   2.27661028e-15   9.72045734e-14
  4.25600000e-05  -5.15757321e-03   1.54583124e-02   1.87523534e-03   3.56601060e-14  -3.21803005e-16   1.00730898e-13
  4.26400000e-05  -5.37917062e-03   1.55031108e-02   2.08035593e-03   3.12750990e-14  -3.11376526e-15   1.04072163e-13
  4.27200000e-05  -5.60868254e-03   1.55479855e-02   2.27701236e-03   2.66024653e-14  -6.09723620e-15   1.07159946e-13
  4.28000000e-05  -5.85208540e-03   1.55995098e-02   2.46727052e-03   2.16616727e-14  -9.27677108e-15   1.10032134e-13
  4.28800000e-05  -6.10665547e-03   1.56556919e-02   2.65029359e-03   1.64439612e-14  -1.26531651e-14   1.12633431e-13
  4.29600000e-05  -6.37237067e-03   1.57177235e-02   2.82711248e-03   1.09560002e-14  -1.62316733e-14   1.14937290e-13
  4.30400000e-05  -6.65396680e-03   1.57925904e-02   2.99751197e-03   5.19225630e-15  -2.00140533e-14   1.16971292e-13
  4.31200000e-05  -6.94338972e-03   1.58689887e-02   3.16032895e-03  -8.46910846e-16  -2.39889529e-14   1.18595246e-13
  4.32000000e-05  -7.24455715e-03   1.59581006e-02   3.31491977e-03  -7.17293897e-15  -2.81517660e-14   1.19847229e-13
  4.32800000e-05  -7.55780886e-03   1.60578345e-02   3.46171807e-03  -1.37799395e-14  -3.25004744e-14   1.20674498e-13
  4.33600000e-05  -7.88330973e-03   1.61676226e-02   3.60091175e-03  -2.06611334e-14  -3.70300559e-14   1.21027641e-13
  4.34400000e-05  -8.21925734e-03   1.62897190e-02   3.72930245e-03  -2.78303501e-14  -4.17108529e-14   1.20857257e-13
  4.35200000e-05  -8.57065069e-03   1.64312033e-02   3.85021973e-03  -3.52823251e-14  -4.65616094e-14   1.20167372e-13
  4.36000000e-05  -8.92834706e-03   1.65879236e-02   3.96205722e-03  -4.30080270e-14  -5.15312349e-14   1.18828571e-13
  4.36800000e-05  -9.30627918e-03   1.67678482e-02   4.06063368e-03  -5.10402636e-14  -5.66322743e-14   1.16879895e-13
  4.37600000e-05  -9.69679543e-03   1.69702294e-02   4.14738528e-03  -5.93531635e-14  -6.18250246e-14   1.14204333e-13
  4.38400000e-05  -1.00974230e-02   1.71947040e-02   4.22220225e-03  -6.79219353e-14  -6.70711982e-14   1.10708313e-13
  4.39200000e-05  -1.05108685e-02   1.74430768e-02   4.28114557e-03  -7.67342209e-14  -7.23351922e-14   1.06327851e-13
  4.40000000e-05  -1.09333401e-02   1.77210594e-02   4.33029921e-03  -8.57494546e-14  -7.75801459e-14   1.00980187e-13
  4.40800000e-05  -1.13643704e-02   1.80195822e-02   4.35771622e-03  -9.48996501e-14  -8.27140810e-14   9.45445692e-14
  4.41600000e-05  -1.18013242e-02   1.83458355e-02   4.36624484e-03  -1.04134525e-13  -8.76797715e-14   8.69473390e-14
  4.42400000e-05  -1.22543573e-02   1.87223816e-02   4.36451568e-03  -1.13483431e-13  -9.25043351e-14   7.81839210e-14
  4.43200000e-05  -1.27133781e-02   1.91403930e-02   4.34261848e-03  -1.22821679e-13  -9.70274839e-14   6.80846678e-14
  4.44000000e-05  -1.31728630e-02   1.95842558e-02   4.29264625e-03  -1.31920468e-13  -1.01120317e-13   5.65143023e-14
  4.44800000e-05  -1.36317170e-02   2.00739273e-02   4.22697539e-03  -1.40725785e-13  -1.04708502e-13   4.34298139e-14
  4.45600000e-05  -1.40769086e-02   2.05960955e-02   4.13549125e-03  -1.48966832e-13  -1.07585440e-13   2.87384300e-14
  4.46400000e-05  -1.45253935e-02   2.11640567e-02   4.02121964e-03  -1.56512761e-13  -1.09782310e-13   1.24413962e-14
  4.47200000e-05  -1.49589191e-02   2.17848668e-02   3.88698974e-03  -1.63164028e-13  -1.11055618e-13  -5.51214625e-15
  4.48000000e-05  -1.53657229e-02   2.24380196e-02   3.73210521e-03  -1.68482965e-13  -1.11206514e-13  -2.50819864e-14
  4.48800000e-05  -1.57595771e-02   2.31437705e-02   3.55517383e-03  -1.72312088e-13  -1.10237371e-13  -4.62023070e-14
  4.49600000e-05  -1.61059466e-02   2.38821449e-02   3.36719582e-03  -1.74173560e-13  -1.07776493e-13  -6.86910518e-14
  4.50400000e-05  -1.64064834e-02   2.46359487e-02   3.15818117e-03  -1.73613587e-13  -1.03795330e-13  -9.22341017e-14
  4.51200000e-05  -1.66478526e-02   2.54199405e-02   2.94781120e-03  -1.70437602e-13  -9.81091155e-14  -1.16524491e-13
  4.52000000e-05  -1.68389138e-02   2.62296331e-02   2.73604978e-03  -1.64328976e-13  -9.07722556e-14  -1.41151855e-13
  4.52800000e-05  -1.69637216e-02   2.70464944e-02   2.52676489e-03  -1.54937355e-13  -8.17128584e-14  -1.65534907e-13
  4.53600000e-05  -1.69911841e-02   2.78321115e-02   2.33520947e-03  -1.41949838e-13  -7.08159676e-14  -1.88821574e-13
  4.54400000e-05  -1.69523170e-02   2.86049128e-02   2.15911768e-03  -1.25456293e-13  -5.84607834e-14  -2.10506928e-13
  4.55200000e-05  -1.68124639e-02   2.93244067e-02   2.01721026e-03  -1.05452080e-13  -4.46641943e-14  -2.29603383e-13
  4.56000000e-05  -1.65838875e-02   2.99721678e-02   1.91217371e-03  -8.22145403e-14  -2.98375691e-14  -2.45343848e-13
  4.56800000e-05  -1.62680471e-02   3.05405263e-02   1.85037704e-03  -5.62318567e-14  -1.43769971e-14  -2.57083515e-13
  4.57600000e-05  -1.58691205e-02   3.10250463e-02   1.85275326e-03  -2.81874289e-14   1.36746474e-15  -2.64328430e-13
  4.58400000e-05  -1.53919179e-02   3.13792853e-02   1.90236010e-03   1.22679874e-15   1.67554883e-14  -2.66454529e-13
  4.59200000e-05  -1.48667531e-02   3.16360436e-02   2.01273457e-03   3.11013276e-14   3.13901216e-14  -2.63662930e-13
  4.60000000e-05  -1.42870416e-02   3.17496233e-02   2.17729097e-03   6.05285971e-14   4.47727685e-14  -2.55704890e-13
  4.60800000e-05  -1.36821161e-02   3.17397105e-02   2.38194050e-03   8.86797979e-14   5.64707558e-14  -2.43095137e-13
  4.61600000e-05  -1.30635661e-02   3.16046310e-02   2.63622657e-03   1.14728136e-13   6.63002504e-14  -2.26322112e-13
  4.62400000e-05  -1.24413219e-02   3.13543279e-02   2.92376406e-03   1.38070283e-13   7.40027020e-14  -2.06079609e-13
  4.63200000e-05  -1.18327621e-02   3.09987767e-02   3.23535675e-03   1.58246525e-13   7.95207808e-14  -1.83149335e-13
  4.64000000e-05  -1.12631276e-02   3.05470101e-02   3.55999879e-03   1.74947140e-13   8.29598035e-14  -1.58348930e-13
  4.64800000e-05  -1.07316390e-02   3.00081487e-02   3.88453841e-03   1.88035801e-13   8.43870696e-14  -1.32414031e-13
  4.65600000e-05  -1.02400323e-02   2.94197817e-02   4.20792437e-03   1.97683406e-13   8.39891971e-14  -1.06147198e-13
  4.66400000e-05  -9.80544025e-03   2.87928166e-02   4.52261937e-03   2.04040225e-13   8.20738219e-14  -8.01376897e-14
  4.67200000e-05  -9.42529894e-03   2.81274676e-02   4.81975121e-03   2.07260695e-13   7.88475915e-14  -5.48345866e-14
  4.68000000e-05  -9.09299179e-03   2.74304117e-02   5.09315807e-03   2.07594423e-13   7.45054674e-14  -3.06413547e-14
  4.68800000e-05  -8.81251889e-03   2.67187216e-02   5.34471889e-03   2.05415511e-13   6.93282827e-14  -7.88348614e-15
  4.69600000e-05  -8.58418128e-03   2.60176766e-02   5.56803291e-03   2.01188378e-13   6.35446648e-14   1.32457857e-14
  4.70400000e-05  -8.41106856e-03   2.53150269e-02   5.75852550e-03   1.95091105e-13   5.73958784e-14   3.26379480e-14
  4.71200000e-05  -8.27783132e-03   2.46329362e-02   5.92061602e-03   1.87558654e-13   5.09509329e-14   5.02494708e-14
  4.72000000e-05  -8.18897156e-03   2.39692532e-02   6.05654992e-03   1.78824420e-13   4.43959006e-14   6.60857274e-14
  4.72800000e-05  -8.13995247e-03   2.33148583e-02   6.15931724e-03   1.69048746e-13   3.78491066e-14   8.01391098e-14
  4.73600000e-05  -8.12081166e-03   2.26879579e-02   6.23330366e-03   1.58576426e-13   3.13484022e-14   9.24931772e-14
  4.74400000e-05  -8.13688115e-03   2.20898035e-02   6.28069631e-03   1.47595216e-13   2.50098183e-14   1.03253322e-13
  4.75200000e-05  -8.18215397e-03   2.15220507e-02   6.30384437e-03   1.36274676e-13   1.88532353e-14   1.12512311e-13
  4.76000000e-05  -8.25238172e-03   2.09822886e-02   6.30220395e-03   1.24733847e-13   1.29092396e-14   1.20352488e-13
  4.76800000e-05  -8.34594423e-03   2.04672485e-02   6.27868457e-03   1.13075192e-13   7.19383484e-15   1.26854795e-13
  4.77600000e-05  -8.45327774e-03   1.99768132e-02   6.23493364e-03   1.01405709e-13   1.68228370e-15   1.32095063e-13
  4.78400000e-05  -8.57497342e-03   1.95111418e-02   6.16979557e-03   8.98120893e-14  -3.58740830e-15   1.36168322e-13
  4.79200000e-05  -8.71469073e-03   1.90705370e-02   6.08886093e-03   7.83765314e-14  -8.61998540e-15   1.39174632e-13
  4.80000000e-05  -8.86806033e-03   1.86572987e-02   5.98668938e-03   6.71549221e-14  -1.33918063e-14   1.41211407e-13
  4.80800000e-05  -9.02722489e-03   1.82749827e-02   5.87016048e-03   5.62119150e-14  -1.79660233e-14   1.42375386e-13
  4.81600000e-05  -9.20035251e-03   1.79156325e-02   5.73893409e-03   4.55556958e-14  -2.23179553e-14   1.42703982e-13
  4.82400000e-05  -9.37314471e-03   1.75759481e-02   5.59077647e-03   3.52101015e-14  -2.64623345e-14   1.42221746e-13
  4.83200000e-05  -9.55719907e-03   1.72702010e-02   5.43435070e-03   2.52331074e-14  -3.04406648e-14   1.41116073e-13
  4.84000000e-05  -9.74067278e-03   1.69738221e-02   5.25723465e-03   1.55973535e-14  -3.41783399e-14   1.39249211e-13
  4.84800000e-05  -9.92633826e-03   1.67014338e-02   5.07173502e-03   6.35168656e-15  -3.77639079e-14   1.36789559e-13
  4.85600000e-05  -1.01102864e-02   1.64449447e-02   4.87118412e-03  -2.49583589e-15  -4.11450864e-14   1.33724170e-13
  4.86400000e-05  -1.02904363e-02   1.62075039e-02   4.66005869e-03  -1.09273382e-14  -4.43520063e-14   1.30124593e-13
  4.87200000e-05  -1.04712393e-02   1.59864519e-02   4.43228771e-03  -1.89331573e-14  -4.73408105e-14   1.26020242e-13
  4.88000000e-05  -1.06481469e-02   1.57885076e-02   4.19803649e-03  -2.65050381e-14  -5.01820960e-14   1.21502246e-13
  4.88800000e-05  -1.08204168e-02   1.56026930e-02   3.95040064e-03  -3.36248708e-14  -5.28221749e-14   1.16528196e-13
  4.89600000e-05  -1.09844124e-02   1.54286878e-02   3.68340630e-03  -4.02761921e-14  -5.52072634e-14   1.11137706e-13
  4.90400000e-05  -1.11456917e-02   1.52751781e-02   3.41203476e-03  -4.64702590e-14  -5.74580701e-14   1.05432417e-13
  4.91200000e-05  -1.13007837e-02   1.51400286e-02   3.12872424e-03  -5.22010335e-14  -5.95113880e-14   9.94307909e-14
  4.92000000e-05  -1.14424221e-02   1.50028768e-02   2.82413005e-03  -5.73819707e-14  -6.12772540e-14   9.30362127e-14
  4.92800000e-05  -1.15773332e-02   1.48856703e-02   2.51437018e-03  -6.20850473e-14  -6.28866744e-14   8.64355689e-14
  4.93600000e-05  -1.16990394e-02   1.47747355e-02   2.19153114e-03  -6.62462565e-14  -6.42600260e-14   7.95824062e-14
  4.94400000e-05  -1.18033463e-02   1.46665000e-02   1.85455319e-03  -6.98333162e-14  -6.53692130e-14   7.25084358e-14
  4.95200000e-05  -1.18884927e-02   1.45603148e-02   1.50485782e-03  -7.28313549e-14  -6.62120295e-14   6.52639478e-14
  4.96000000e-05  -1.19711150e-02   1.44744387e-02   1.14767599e-03  -7.53310607e-14  -6.68994276e-14   5.79735686e-14
  4.96800000e-05  -1.20392052e-02   1.43947017e-02   7.78810657e-04  -7.72567716e-14  -6.73531768e-14   5.06140581e-14
  4.97600000e-05  -1.20839698e-02   1.43126984e-02   3.99531468e-04  -7.85627658e-14  -6.75353633e-14   4.32086058e-14
  4.98400000e-05  -1.21210280e-02   1.42408751e-02   1.08578021e-05  -7.93171593e-14  -6.75376060e-14   3.58355223e-14
  4.99200000e-05  -1.21362624e-02   1.41675488e-02  -3.82113862e-04  -7.94718333e-14  -6.73081672e-14   2.85236411e-14
  5.00000000e-05  -1.21304313e-02   1.40908612e-02  -7.90990360e-04  -7.89897839e-14  -6.68033774e-14   2.13188846e-14
  5.00800000e-05  -1.21033511e-02   1.40089003e-02  -1.20068055e-03  -7.79112011e-14  -6.60899403e-14   1.42745997e-14
  5.01600000e-05  -1.20541384e-02   1.39226106e-02  -1.61878110e-03  -7.62337481e-14  -6.51363507e-14   7.45258578e-15
  5.02400000e-05  -1.19945248e-02   1.38429832e-02  -2.03702503e-03  -7.40697639e-14  -6.40467924e-14   8.99819290e-16
  5.03200000e-05  -1.19130578e-02   1.37544964e-02  -2.45690110e-03  -7.13480194e-14  -6.27522296e-14  -5.35318113e-15
  5.04000000e-05  -1.18126690e-02   1.36622304e-02  -2.87403335e-03  -6.81447911e-14  -6.12865462e-14  -1.12521500e-14
  5.04800000e-05  -1.16757650e-02   1.35429699e-02  -3.29401385e-03  -6.43362711e-14  -5.95360122e-14  -1.67331536e-14
  5.05600000e-05  -1.15339900e-02   1.34249422e-02  -3.71187718e-03  -6.01465103e-14  -5.77047533e-14  -2.18093767e-14
  5.06400000e-05  -1.13646663e-02   1.32903216e-02  -4.12195555e-03  -5.55406110e-14  -5.56781174e-14  -2.63902838e-14
  5.07200000e-05  -1.11789493e-02   1.31468716e-02  -4.52278106e-03  -5.06189476e-14  -5.35262507e-14  -3.04759609e-14
  5.08000000e-05  -1.09784806e-02   1.29932624e-02  -4.91343649e-03  -4.54282092e-14  -5.12619759e-14  -3.40551041e-14
  5.08800000e-05  -1.07580551e-02   1.28236137e-02  -5.29443319e-03  -3.99856675e-14  -4.88588615e-14  -3.70916286e-14
  5.09600000e-05  -1.05242963e-02   1.26430186e-02  -5.66026136e-03  -3.44002439e-14  -4.63646305e-14  -3.96007382e-14
  5.10400000e-05  -1.02727683e-02   1.24432122e-02  -6.01134512e-03  -2.86818229e-14  -4.37578327e-14  -4.15624575e-14
  5.11200000e-05  -1.00047106e-02   1.22250038e-02  -6.34614531e-03  -2.28992999e-14  -4.10511394e-14  -4.29787614e-14
  5.12000000e-05  -9.72586592e-03   1.19943590e-02  -6.66208207e-03  -1.71501729e-14  -3.82798472e-14  -4.38814688e-14
  5.12800000e-05  -9.44153029e-03   1.17553040e-02  -6.95539072e-03  -1.15230752e-14  -3.54752999e-14  -4.43149040e-14
  5.13600000e-05  -9.14365994e-03   1.14937122e-02  -7.22954596e-03  -5.97872916e-15  -3.25999534e-14  -4.42665442e-14
  5.14400000e-05  -8.84644472e-03   1.12292826e-02  -7.48342531e-03  -6.52642320e-16  -2.97221512e-14  -4.38281746e-14
  5.15200000e-05  -8.53814477e-03   1.09441737e-02  -7.71462848e-03   4.48081818e-15  -2.67975700e-14  -4.29748674e-14
  5.16000000e-05  -8.23211090e-03   1.06573902e-02  -7.92238778e-03   9.30673981e-15  -2.38883579e-14  -4.18057882e-14
  5.16800000e-05  -7.92772054e-03   1.03648955e-02  -8.10377262e-03   1.37994517e-14  -2.09988795e-14  -4.03576708e-14
  5.17600000e-05  -7.61862883e-03   1.00578435e-02  -8.26580674e-03   1.80176993e-14  -1.81034646e-14  -3.86353064e-14
  5.18400000e-05  -7.31045870e-03   9.74142647e-03  -8.40427693e-03   2.18977764e-14  -1.52352749e-14  -3.67070366e-14
  5.19200000e-05  -7.00571623e-03   9.42311290e-03  -8.52036284e-03   2.54103004e-14  -1.24093833e-14  -3.46173490e-14
  5.20000000e-05  -6.70570440e-03   9.10023370e-03  -8.61296542e-03   2.85532812e-14  -9.63897356e-15  -3.24147099e-14
  5.20800000e-05  -6.41118962e-03   8.77561257e-03  -8.68697829e-03   3.13499536e-14  -6.92722668e-15  -3.01348923e-14
  5.21600000e-05  -6.12183170e-03   8.44865959e-03  -8.74039789e-03   3.37923169e-14  -4.28366548e-15  -2.78090439e-14
  5.22400000e-05  -5.84346897e-03   8.13018651e-03  -8.77258909e-03   3.58500292e-14  -1.73520623e-15  -2.54880379e-14
  5.23200000e-05  -5.57190366e-03   7.81039706e-03  -8.78925336e-03   3.76023619e-14   7.33224969e-16  -2.31862652e-14
  5.24000000e-05  -5.30776042e-03   7.49166722e-03  -8.78842487e-03   3.90399883e-14   3.10922193e-15  -2.09277147e-14
  5.24800000e-05  -5.05678908e-03   7.18548162e-03  -8.77080790e-03   4.01496029e-14   5.37085793e-15  -1.87480873e-14
  5.25600000e-05  -4.81244259e-03   6.87789034e-03  -8.74074998e-03   4.10140303e-14   7.53960358e-15  -1.66485827e-14
  5.26400000e-05  -4.57839775e-03   6.58144972e-03  -8.69503828e-03   4.15926448e-14   9.59184562e-15  -1.46404671e-14
  5.27200000e-05  -4.35734204e-03   6.29564848e-03  -8.63701822e-03   4.19255648e-14   1.15235199e-14  -1.27516224e-14
  5.28000000e-05  -4.13828508e-03   6.00818389e-03  -8.57034915e-03   4.20842674e-14   1.33673582e-14  -1.09497464e-14
  5.28800000e-05  -3.93340762e-03   5.73369386e-03  -8.49191283e-03   4.20257560e-14   1.50804298e-14  -9.28387553e-15
  5.29600000e-05  -3.73847468e-03   5.46981548e-03  -8.40706371e-03   4.18063710e-14   1.66853652e-14  -7.73470891e-15
  5.30400000e-05  -3.55130984e-03   5.21164715e-03  -8.31237007e-03   4.14288925e-14   1.81751922e-14  -6.30435657e-15
  5.31200000e-05  -3.37416831e-03   4.96598471e-03  -8.21457603e-03   4.09339691e-14   1.95636617e-14  -4.98689841e-15
  5.32000000e-05  -3.20435641e-03   4.72540241e-03  -8.10802365e-03   4.03147661e-14   2.08374618e-14  -3.78852949e-15
  5.32800000e-05  -3.04322561e-03   4.49532682e-03  -7.99765285e-03   3.96013039e-14   2.20091457e-14  -2.69796647e-15
  5.33600000e-05  -2.88927477e-03   4.27359313e-03  -7.88454235e-03   3.88152558e-14   2.30864093e-14  -1.71043777e-15
  5.34400000e-05  -2.74683202e-03   4.06697324e-03  -7.76422240e-03   3.79224699e-14   2.40417093e-14  -8.22962840e-16
  5.35200000e-05  -2.60759961e-03   3.86185697e-03  -7.64522036e-03   3.70157236e-14   2.49283817e-14  -3.30064707e-17
  5.36000000e-05  -2.47787270e-03   3.66989569e-03  -7.52231624e-03   3.60428508e-14   2.57120815e-14   6.71476817e-16
  5.36800000e-05  -2.35572866e-03   3.48813725e-03  -7.39879770e-03   3.50370755e-14   2.64118463e-14   1.29619739e-15
  5.37600000e-05  -2.24056273e-03   3.31446069e-03  -7.27475041e-03   3.40095018e-14   2.70310689e-14   1.84102440e-15
  5.38400000e-05  -2.13218875e-03   3.15177647e-03  -7.14846827e-03   3.29484477e-14   2.75640702e-14   2.32546020e-15
  5.39200000e-05  -2.02890399e-03   2.99569354e-03  -7.02319351e-03   3.18868474e-14   2.80313502e-14   2.74490269e-15
  5.40000000e-05  -1.93281424e-03   2.84931415e-03  -6.89706682e-03   3.08105487e-14   2.84212476e-14   3.10711732e-15
  5.40800000e-05  -1.84216773e-03   2.71051958e-03  -6.77170293e-03   2.97365756e-14   2.87474617e-14   3.41727893e-15
  5.41600000e-05  -1.75780175e-03   2.57978805e-03  -6.64707798e-03   2.86662184e-14   2.90100247e-14   3.67833599e-15
  5.42400000e-05  -1.67901548e-03   2.45853862e-03  -6.52326553e-03   2.75983824e-14   2.92130381e-14   3.90652057e-15
  5.43200000e-05  -1.60435118e-03   2.34234951e-03  -6.40006000e-03   2.65444214e-14   2.93611612e-14   4.09176282e-15
  5.44000000e-05  -1.53021398e-03   2.22774965e-03  -6.28046279e-03   2.55291853e-14   2.94812455e-14   4.23722243e-15
  5.44800000e-05  -1.46369310e-03   2.12386274e-03  -6.16132078e-03   2.45152479e-14   2.95417805e-14   4.35943666e-15
  5.45600000e-05  -1.40013416e-03   2.02461984e-03  -6.04376038e-03   2.35238434e-14   2.95621649e-14   4.45345396e-15
  5.46400000e-05  -1.34105310e-03   1.93154963e-03  -5.92856628e-03   2.25552877e-14   2.95450867e-14   4.52385308e-15
  5.47200000e-05  -1.28463731e-03   1.84419105e-03  -5.81402924e-03   2.16028478e-14   2.94878153e-14   4.58018698e-15
  5.48000000e-05  -1.23214568e-03   1.76112816e-03  -5.70181314e-03   2.06779576e-14   2.93983267e-14   4.61186015e-15
  5.48800000e-05  -1.18442508e-03   1.68555332e-03  -5.59270287e-03   1.97754643e-14   2.92810682e-14   4.63680024e-15
  5.49600000e-05  -1.13866597e-03   1.61317808e-03  -5.48506024e-03   1.88987021e-14   2.91357823e-14   4.64569125e-15
  5.50400000e-05  -1.09328511e-03   1.54172261e-03  -5.37879437e-03   1.80530320e-14   2.89677788e-14   4.63359753e-15
  5.51200000e-05  -1.05197319e-03   1.47689597e-03  -5.27491318e-03   1.72275084e-14   2.87751409e-14   4.62093155e-15
  5.52000000e-05  -1.01445213e-03   1.41698674e-03  -5.17350554e-03   1.64260352e-14   2.85608939e-14   4.60171179e-15
  5.52800000e-05  -9.79366906e-04   1.36111495e-03  -5.07395147e-03   1.56478259e-14   2.83263610e-14   4.57837858e-15
  5.53600000e-05  -9.44581363e-04   1.30721607e-03  -4.97655329e-03   1.48987419e-14   2.80805889e-14   4.54819266e-15
  5.54400000e-05  -9.14101118e-04   1.25919984e-03  -4.88129457e-03   1.41675949e-14   2.78142695e-14   4.52197855e-15
  5.55200000e-05  -8.85927963e-04   1.21371800e-03  -4.78769283e-03   1.34607413e-14   2.75311054e-14   4.48854004e-15
  5.56000000e-05  -8.59508578e-04   1.17140166e-03  -4.69611365e-03   1.27771340e-14   2.72359983e-14   4.45522378e-15
  5.56800000e-05  -8.36227631e-04   1.13340805e-03  -4.60734304e-03   1.21153384e-14   2.69314603e-14   4.42622854e-15
  5.57600000e-05  -8.14919234e-04   1.09819775e-03  -4.52051370e-03   1.14756479e-14   2.66163676e-14   4.39735618e-15
  5.58400000e-05  -7.93325592e-04   1.06387341e-03  -4.43449851e-03   1.08589028e-14   2.62908064e-14   4.36474259e-15
  5.59200000e-05  -7.76947122e-04   1.03600756e-03  -4.35018056e-03   1.02520050e-14   2.59462100e-14   4.34814229e-15
  5.60000000e-05  -7.59737644e-04   1.00701105e-03  -4.26790770e-03   9.67613676e-15   2.56024282e-14   4.31841646e-15
  5.60800000e-05  -7.45844395e-04   9.82542701e-04  -4.18880429e-03   9.11788511e-15   2.52562963e-14   4.30071801e-15
  5.61600000e-05  -7.31891473e-04   9.58208127e-04  -4.10975260e-03   8.57973759e-15   2.48978084e-14   4.27710552e-15
  5.62400000e-05  -7.20900561e-04   9.38158919e-04  -4.03324556e-03   8.05632665e-15   2.45355355e-14   4.26713940e-15
  5.63200000e-05  -7.11812982e-04   9.20804262e-04  -3.95829342e-03   7.54851100e-15   2.41667351e-14   4.26438940e-15
  5.64000000e-05  -7.02687392e-04   9.02529954e-04  -3.88538504e-03   7.06705538e-15   2.38008754e-14   4.25056258e-15
  5.64800000e-05  -6.95249797e-04   8.86748018e-04  -3.81424716e-03   6.60077992e-15   2.34320213e-14   4.24437821e-15
  5.65600000e-05  -6.88417259e-04   8.72578292e-04  -3.74430547e-03   6.15000629e-15   2.30600536e-14   4.24322529e-15
  5.66400000e-05  -6.83745868e-04   8.60617375e-04  -3.67528276e-03   5.71183024e-15   2.26791916e-14   4.24801765e-15
  5.67200000e-05  -6.79674560e-04   8.49134551e-04  -3.60862599e-03   5.29382593e-15   2.23042043e-14   4.25125565e-15
  5.68000000e-05  -6.76999066e-04   8.40185120e-04  -3.54340439e-03   4.88713137e-15   2.19270487e-14   4.26544503e-15
  5.68800000e-05  -6.75221128e-04   8.31942517e-04  -3.47941178e-03   4.49603929e-15   2.15483200e-14   4.27978745e-15
  5.69600000e-05  -6.74157029e-04   8.25036808e-04  -3.41760904e-03   4.11990691e-15   2.11755171e-14   4.29923864e-15
  5.70400000e-05  -6.74897593e-04   8.20098346e-04  -3.35631043e-03   3.75289121e-15   2.07943917e-14   4.32636650e-15
  5.71200000e-05  -6.76818954e-04   8.16445362e-04  -3.29700426e-03   3.39924488e-15   2.04172534e-14   4.35816801e-15
  5.72000000e-05  -6.78109606e-04   8.11903944e-04  -3.23933802e-03   3.06415938e-15   2.00475558e-14   4.38325781e-15
  5.72800000e-05  -6.81866131e-04   8.10070600e-04  -3.18204850e-03   2.73410954e-15   1.96677580e-14   4.42104380e-15
  5.73600000e-05  -6.86534230e-04   8.08541192e-04  -3.12623583e-03   2.41769990e-15   1.92902827e-14   4.45812639e-15
  5.74400000e-05  -6.91113217e-04   8.07725126e-04  -3.07219865e-03   2.11355331e-15   1.89205627e-14   4.49902850e-15
  5.75200000e-05  -6.97485272e-04   8.08657011e-04  -3.01947804e-03   1.81716815e-15   1.85499985e-14   4.54818289e-15
  5.76000000e-05  -7.05144219e-04   8.10860401e-04  -2.96754385e-03   1.52874560e-15   1.81766934e-14   4.60339441e-15
  5.76800000e-05  -7.12492262e-04   8.12487536e-04  -2.91725274e-03   1.25463657e-15   1.78116937e-14   4.65433112e-15
  5.77600000e-05  -7.22047771e-04   8.16599545e-04  -2.86828004e-03   9.84371540e-16   1.74451772e-14   4.71884206e-15
  5.78400000e-05  -7.31906037e-04   8.20323678e-04  -2.81925882e-03   7.24817844e-16   1.70738418e-14   4.77983010e-15
  5.79200000e-05  -7.42747184e-04   8.25276173e-04  -2.77195030e-03   4.72658481e-16   1.67078575e-14   4.84768104e-15
  5.80000000e-05  -7.53810361e-04   8.30528995e-04  -2.72586709e-03   2.29687135e-16   1.63464128e-14   4.91697828e-15
  5.80800000e-05  -7.65995020e-04   8.36479914e-04  -2.68051925e-03  -6.28452288e-18   1.59834576e-14   4.98957622e-15
  5.81600000e-05  -7.79124053e-04   8.43262461e-04  -2.63730346e-03  -2.34746810e-16   1.56292734e-14   5.06671935e-15
  5.82400000e-05  -7.93043690e-04   8.50649552e-04  -2.59395899e-03  -4.57586279e-16   1.52689059e-14   5.14710291e-15
  5.83200000e-05  -8.07880629e-04   8.58872239e-04  -2.55230220e-03  -6.74234684e-16   1.49145197e-14   5.23228327e-15
  5.84000000e-05  -8.25061751e-04   8.68670344e-04  -2.51164735e-03  -8.88163018e-16   1.45567871e-14   5.32632041e-15
  5.84800000e-05  -8.40638221e-04   8.77398200e-04  -2.47216954e-03  -1.09099197e-15   1.42098754e-14   5.41421145e-15
  5.85600000e-05  -8.58286357e-04   8.87498873e-04  -2.43343826e-03  -1.29141639e-15   1.38588944e-14   5.50996442e-15
  5.86400000e-05  -8.76152048e-04   8.97734092e-04  -2.39595425e-03  -1.48532908e-15   1.35133880e-14   5.60645231e-15
  5.87200000e-05  -8.95177978e-04   9.08500601e-04  -2.35914444e-03  -1.67479611e-15   1.31663605e-14   5.70583419e-15
  5.88000000e-05  -9.14688269e-04   9.20102548e-04  -2.32387294e-03  -1.86067584e-15   1.28259820e-14   5.81062626e-15
  5.88800000e-05  -9.35997719e-04   9.32325882e-04  -2.28872982e-03  -2.04333267e-15   1.24781775e-14   5.91869009e-15
  5.89600000e-05  -9.57748518e-04   9.45271509e-04  -2.25514972e-03  -2.22271485e-15   1.21373185e-14   6.03146794e-15
  5.90400000e-05  -9.79988924e-04   9.58145949e-04  -2.22262863e-03  -2.39672636e-15   1.17997797e-14   6.14348085e-15
  5.91200000e-05  -1.00379636e-03   9.72751078e-04  -2.19127078e-03  -2.57183896e-15   1.14625376e-14   6.26659129e-15
  5.92000000e-05  -1.02868719e-03   9.87407611e-04  -2.16036189e-03  -2.74287866e-15   1.11223224e-14   6.38959150e-15
  5.92800000e-05  -1.05378205e-03   1.00044205e-03  -2.13074711e-03  -2.90389591e-15   1.07879283e-14   6.50136774e-15
  5.93600000e-05  -1.08060918e-03   1.01733834e-03  -2.10245716e-03  -3.07440862e-15   1.04541418e-14   6.63872429e-15
  5.94400000e-05  -1.10766321e-03   1.03332433e-03  -2.07512882e-03  -3.23820629e-15   1.01236489e-14   6.76963017e-15
  5.95200000e-05  -1.13576087e-03   1.05030813e-03  -2.04865988e-03  -3.40225815e-15   9.79281143e-15   6.90676931e-15
  5.96000000e-05  -1.16644750e-03   1.06791109e-03  -2.02306914e-03  -3.56548241e-15   9.45609633e-15   7.04732127e-15
  5.96800000e-05  -1.19709763e-03   1.08578092e-03  -1.99881433e-03  -3.72682364e-15   9.12586068e-15   7.18929061e-15
  5.97600000e-05  -1.22926363e-03   1.10431736e-03  -1.97521299e-03  -3.88809385e-15   8.79179067e-15   7.33511755e-15
  5.98400000e-05  -1.26199266e-03   1.12403297e-03  -1.95280125e-03  -4.05137328e-15   8.46079911e-15   7.48822775e-15
  5.99200000e-05  -1.29763879e-03   1.14477829e-03  -1.93155403e-03  -4.21644883e-15   8.12386044e-15   7.64744157e-15
  6.00000000e-05  -1.33365650e-03   1.16550770e-03  -1.91158762e-03  -4.37973732e-15   7.79092154e-15   7.80578614e-15
  6.00800000e-05  -1.37091684e-03   1.18767870e-03  -1.89281708e-03  -4.54693757e-15   7.45799724e-15   7.97286644e-15
  6.01600000e-05  -1.41045110e-03   1.21103209e-03  -1.87505261e-03  -4.71741441e-15   7.11968489e-15   8.14689099e-15
  6.02400000e-05  -1.45151822e-03   1.23427259e-03  -1.85776648e-03  -4.88643375e-15   6.77497707e-15   8.31908437e-15
  6.03200000e-05  -1.49359680e-03   1.25875635e-03  -1.84232651e-03  -5.05947259e-15   6.43471390e-15   8.49824881e-15
  6.04000000e-05  -1.53797997e-03   1.28346190e-03  -1.82689377e-03  -5.23268741e-15   6.08146332e-15   8.67762272e-15
  6.04800000e-05  -1.58558556e-03   1.31144038e-03  -1.81366714e-03  -5.41849928e-15   5.72572795e-15   8.87728775e-15
  6.05600000e-05  -1.63332573e-03   1.33954948e-03  -1.80223741e-03  -5.60498766e-15   5.37642810e-15   9.07580872e-15
  6.06400000e-05  -1.68385328e-03   1.36924176e-03  -1.79166986e-03  -5.79802371e-15   5.01665867e-15   9.28298243e-15
  6.07200000e-05  -1.73612815e-03   1.39928794e-03  -1.78161534e-03  -5.99285883e-15   4.64782387e-15   9.49027234e-15
  6.08000000e-05  -1.79364972e-03   1.43274976e-03  -1.77274821e-03  -6.20215498e-15   4.25977529e-15   9.71806680e-15
  6.08800000e-05  -1.85175067e-03   1.46658249e-03  -1.76589126e-03  -6.41423828e-15   3.87597930e-15   9.94512728e-15
  6.09600000e-05  -1.91378170e-03   1.50327309e-03  -1.76049079e-03  -6.63943594e-15   3.47868851e-15   1.01879827e-14
  6.10400000e-05  -1.97736348e-03   1.54087661e-03  -1.75539982e-03  -6.86979368e-15   3.06958668e-15   1.04329129e-14
  6.11200000e-05  -2.04759233e-03   1.58167442e-03  -1.75141731e-03  -7.11525393e-15   2.63199619e-15   1.06953953e-14
  6.12000000e-05  -2.11931495e-03   1.62437749e-03  -1.74961681e-03  -7.37122429e-15   2.19334762e-15   1.09651269e-14
  6.12800000e-05  -2.19579042e-03   1.66980971e-03  -1.74901892e-03  -7.64129425e-15   1.73282921e-15   1.12475489e-14
  6.13600000e-05  -2.27816823e-03   1.71797853e-03  -1.74824493e-03  -7.92546012e-15   1.23569561e-15   1.15421069e-14
  6.14400000e-05  -2.36549749e-03   1.77020115e-03  -1.74918882e-03  -8.23043124e-15   7.16815464e-16   1.18557652e-14
  6.15200000e-05  -2.45697441e-03   1.82564570e-03  -1.75165507e-03  -8.55315119e-15   1.77175439e-16   1.21818122e-14
  6.16000000e-05  -2.55438163e-03   1.88424911e-03  -1.75454371e-03  -8.89348520e-15  -3.99229733e-16   1.25189854e-14
  6.16800000e-05  -2.65864073e-03   1.94760918e-03  -1.75837230e-03  -9.25923128e-15  -1.01474941e-15   1.28759046e-14
  6.17600000e-05  -2.77112518e-03   2.01655642e-03  -1.76228576e-03  -9.65460484e-15  -1.68264403e-15   1.32560635e-14
  6.18400000e-05  -2.89239170e-03   2.09093198e-03  -1.76633166e-03  -1.00797374e-14  -2.40722845e-15   1.36560978e-14
  6.19200000e-05  -3.02438814e-03   2.17135616e-03  -1.76965866e-03  -1.05380587e-14  -3.20483440e-15   1.40774848e-14
  6.20000000e-05  -3.16477237e-03   2.25809000e-03  -1.77300790e-03  -1.10319950e-14  -4.06259842e-15   1.45177244e-14
  6.20800000e-05  -3.31686245e-03   2.35273069e-03  -1.77431440e-03  -1.15695912e-14  -5.01111879e-15   1.49832124e-14
  6.21600000e-05  -3.47829585e-03   2.45373931e-03  -1.77511197e-03  -1.21452527e-14  -6.03288058e-15   1.54591183e-14
  6.22400000e-05  -3.65766999e-03   2.56615079e-03  -1.77019991e-03  -1.27833117e-14  -7.20313711e-15   1.59715293e-14
  6.23200000e-05  -3.85181270e-03   2.68831045e-03  -1.76011724e-03  -1.34781710e-14  -8.50706109e-15   1.65021785e-14
  6.24000000e-05  -4.06356617e-03   2.82239468e-03  -1.74360313e-03  -1.42426550e-14  -9.96966710e-15   1.70552779e-14
  6.24800000e-05  -4.30321947e-03   2.97406871e-03  -1.71457343e-03  -1.51074009e-14  -1.16818189e-14   1.76533295e-14
  6.25600000e-05  -4.55830646e-03   3.13754448e-03  -1.67627778e-03  -1.60483461e-14  -1.35668538e-14   1.82467803e-14
  6.26400000e-05  -4.83822172e-03   3.31676027e-03  -1.62034819e-03  -1.70895488e-14  -1.57238046e-14   1.88422071e-14
  6.27200000e-05  -5.14431843e-03   3.51402754e-03  -1.54290497e-03  -1.82498549e-14  -1.81849825e-14   1.94312262e-14
  6.28000000e-05  -5.47820355e-03   3.73096636e-03  -1.43698943e-03  -1.95475067e-14  -2.10000475e-14   1.99964934e-14
  6.28800000e-05  -5.84085924e-03   3.96689716e-03  -1.29202259e-03  -2.09929634e-14  -2.42325636e-14   2.05018522e-14
  6.29600000e-05  -6.23240987e-03   4.22214817e-03  -1.09808093e-03  -2.26075710e-14  -2.79332354e-14   2.09104712e-14
  6.30400000e-05  -6.65030674e-03   4.49592999e-03  -8.41601080e-04  -2.44152873e-14  -3.21512397e-14   2.11732468e-14
  6.31200000e-05  -7.08549431e-03   4.78267095e-03  -5.06974917e-04  -2.64251146e-14  -3.68999659e-14   2.12132858e-14
  6.32000000e-05  -1.20619766e-03   8.11155507e-04  -7.61720553e-05  -4.52007610e-15  -6.39867442e-15   3.43676221e-15
  6.32800000e-05   7.14074477e-03  -4.78579864e-03  -4.82266278e-04   2.70551899e-14   4.24759275e-14  -2.09158946e-14
  6.33600000e-05   8.08074286e-03  -5.39680217e-03  -1.19339155e-03   3.01977720e-14   5.08596245e-14  -2.55229739e-14
  6.34400000e-05   8.45197063e-03  -5.64371110e-03  -2.00773371e-03   3.09294596e-14   5.66090406e-14  -2.89232511e-14
  6.35200000e-05   8.73409606e-03  -5.83022459e-03  -2.95615651e-03   3.08444578e-14   6.26242274e-14  -3.23781410e-14
  6.36000000e-05   8.88015069e-03  -5.92472744e-03  -4.03750226e-03   2.96453025e-14   6.87102452e-14  -3.56246790e-14
  6.36800000e-05   8.83860816e-03  -5.89287196e-03  -5.21560740e-03   2.70529073e-14   7.44690083e-14  -3.82939644e-14
  6.37600000e-05   8.56038580e-03  -5.70238433e-03  -6.43931816e-03   2.28783695e-14   7.94338033e-14  -3.99288247e-14
  6.38400000e-05   8.15438165e-03  -5.42278656e-03  -7.70066035e-03   1.74732295e-14   8.41432326e-14  -4.07507142e-14
  6.39200000e-05   7.24089939e-03  -4.80891575e-03  -8.74006570e-03   1.00961512e-14   8.53012039e-14  -3.85696285e-14
  6.40000000e-05   6.22941621e-03  -4.12892115e-03  -9.65215053e-03   2.18896656e-15   8.54161816e-14  -3.51259229e-14
  6.40800000e-05   5.06427912e-03  -3.34814904e-03  -1.02883371e-02  -5.89222384e-15   8.33038328e-14  -3.00100503e-14
  6.41600000e-05   3.84877835e-03  -2.53933079e-03  -1.06288713e-02  -1.34480713e-14   7.92644206e-14  -2.38065946e-14
  6.42400000e-05   2.68532186e-03  -1.76550896e-03  -1.06872647e-02  -1.99474966e-14   7.37889847e-14  -1.72018348e-14
  6.43200000e-05   1.64415135e-03  -1.07867723e-03  -1.05311021e-02  -2.51506564e-14   6.75572179e-14  -1.08463404e-14
  6.44000000e-05   6.82410242e-04  -4.44061683e-04  -1.02605063e-02  -2.93963194e-14   6.09773021e-14  -4.59412346e-15
  6.44800000e-05  -2.91645487e-05   2.07524686e-05  -4.71558037e-05  -2.34758173e-16   1.44205550e-16   2.08653794e-16
