       time             b_x              b_y              b_z              F_x              F_y              F_z
  0.00000000e+00   4.83427485e-05   3.37075048e-05  -2.73349181e-04   1.82595615e-16  -3.75758451e-16  -1.40432317e-17
  8.00000000e-08   4.74034310e-05   3.27401146e-05  -2.43274710e-04   1.80225351e-16  -3.62058863e-16  -1.36082732e-17
  1.60000000e-07   4.71370732e-05   3.25338570e-05  -2.13467135e-04   1.82569281e-16  -3.52736501e-16  -1.34451485e-17
  2.40000000e-07   4.49161450e-05   3.09968523e-05  -1.83542356e-04   1.76393741e-16  -3.31017869e-16  -1.27359437e-17
  3.20000000e-07   4.36184897e-05   3.04210072e-05  -1.53225253e-04   1.76278223e-16  -3.15101355e-16  -1.23785778e-17
  4.00000000e-07   4.30289435e-05   3.00149542e-05  -1.23282731e-04   1.77124639e-16  -3.03810124e-16  -1.21457472e-17
  4.80000000e-07   4.21523649e-05   2.93302725e-05  -9.33417231e-05   1.76131099e-16  -2.90735875e-16  -1.18170100e-17
  5.60000000e-07   4.13686907e-05   2.85222887e-05  -6.26248457e-05   1.74371328e-16  -2.78096772e-16  -1.14721702e-17
  6.40000000e-07   3.92667131e-05   2.71802751e-05  -3.31729009e-05   1.69023683e-16  -2.57441062e-16  -1.08617101e-17
