       time             b_x              b_y              b_z              F_x              F_y              F_z
  0.00000000e+00   2.16034875e-03   1.34633789e-03  -1.23583058e-02   4.75724867e-15   4.50238162e-14   5.73659424e-15
  8.00000000e-08   3.03493800e-03   1.89306000e-03  -1.28573957e-02   8.46730398e-16   5.00514420e-14   7.56919669e-15
  1.60000000e-07   4.20329178e-03   2.62090022e-03  -1.32064641e-02  -4.29458967e-15   5.56378484e-14   9.67479521e-15
  2.40000000e-07   5.45496016e-03   3.40252787e-03  -1.34291708e-02  -1.01460143e-14   6.10144739e-14   1.13378069e-14
  3.20000000e-07   6.90828307e-03   4.30879719e-03  -1.35448182e-02  -1.69396925e-14   6.66821495e-14   1.25727540e-14
  4.00000000e-07   8.51212620e-03   5.30726937e-03  -1.34576177e-02  -2.44558693e-14   7.21692817e-14   1.29926690e-14
  4.80000000e-07   1.01141229e-02   6.30129539e-03  -1.28223524e-02  -3.19480157e-14   7.59425707e-14   1.21202732e-14
  5.60000000e-07   1.16998648e-02   7.28134468e-03  -1.19973717e-02  -3.91241763e-14   7.90340654e-14   9.81270738e-15
  6.40000000e-07   1.32242854e-02   8.22504971e-03  -1.09249175e-02  -4.54966773e-14   8.11940684e-14   6.05626574e-15
  7.20000000e-07   1.46599003e-02   9.10162574e-03  -9.47104209e-03  -5.04117489e-14   8.20985519e-14   8.65699827e-16
  8.00000000e-07   1.53817212e-02   9.52750081e-03  -7.71463367e-03  -5.19341958e-14   7.95313740e-14  -5.32780837e-15
  8.80000000e-07   1.60597183e-02   9.92340099e-03  -5.93862631e-03  -5.19973805e-14   7.69883605e-14  -1.19685775e-14
  9.60000000e-07   1.63116959e-02   1.00545445e-02  -4.15238318e-03  -4.96564653e-14   7.29445250e-14  -1.84369273e-14
  1.04000000e-06   1.63858187e-02   1.00715811e-02  -2.36084186e-03  -4.56133160e-14   6.84873477e-14  -2.44131765e-14
  1.12000000e-06   6.34749780e-03   3.85473208e-03  -6.99948874e-04  -1.68076602e-14   2.56490786e-14  -1.11669014e-14
  1.20000000e-06  -5.22310053e-03  -3.18564068e-03  -7.09065971e-04   1.04876715e-14  -1.92478278e-14   9.22128670e-15
  1.28000000e-06  -1.48107012e-02  -8.99448353e-03  -1.86052633e-03   3.08253083e-14  -5.55944489e-14   2.33799019e-14
  1.36000000e-06  -1.39551026e-02  -8.44565348e-03  -3.03155270e-03   2.69444480e-14  -5.11772073e-14   1.85424525e-14
  1.44000000e-06  -1.30021595e-02  -7.84344445e-03  -3.87108145e-03   2.37244970e-14  -4.64017727e-14   1.43319207e-14
  1.52000000e-06  -1.21571004e-02  -7.31692377e-03  -4.41838683e-03   2.14353080e-14  -4.22139355e-14   1.09281870e-14
  1.60000000e-06  -1.12525463e-02  -6.75434558e-03  -4.92299572e-03   1.90472244e-14  -3.76091934e-14   8.06332485e-15
  1.68000000e-06  -1.02614306e-02  -6.14106389e-03  -5.30434131e-03   1.66155665e-14  -3.26949874e-14   5.70900739e-15
  1.76000000e-06  -9.56312691e-03  -5.71464266e-03  -5.46819777e-03   1.52614660e-14  -2.93112470e-14   3.94206054e-15
  1.84000000e-06  -8.79795713e-03  -5.24495244e-03  -5.60191636e-03   1.36861193e-14  -2.56464684e-14   2.51781992e-15
  1.92000000e-06  -8.12060629e-03  -4.83002827e-03  -5.64813654e-03   1.23883375e-14  -2.24964695e-14   1.42662488e-15
  2.00000000e-06  -7.53912583e-03  -4.47790652e-03  -5.68077980e-03   1.13022693e-14  -1.97638818e-14   5.79424809e-16
  2.08000000e-06  -6.98908116e-03  -4.14360535e-03  -5.66109879e-03   1.02937245e-14  -1.72743037e-14  -6.46127097e-17
  2.16000000e-06  -6.48390354e-03  -3.83509893e-03  -5.61027614e-03   9.37527310e-15  -1.50481948e-14  -5.48466872e-16
  2.24000000e-06  -6.02016670e-03  -3.55773952e-03  -5.53773609e-03   8.56126539e-15  -1.30577973e-14  -9.18065308e-16
  2.32000000e-06  -5.63378766e-03  -3.32364621e-03  -5.46905101e-03   7.87937914e-15  -1.14005660e-14  -1.18837819e-15
  2.40000000e-06  -5.25813045e-03  -3.09777728e-03  -5.39103950e-03   7.20462301e-15  -9.82519832e-15  -1.38128676e-15
  2.48000000e-06  -4.92563613e-03  -2.89707478e-03  -5.30487659e-03   6.61057611e-15  -8.46704839e-15  -1.51400699e-15
  2.56000000e-06  -4.61354658e-03  -2.70798703e-03  -5.21741756e-03   6.03862314e-15  -7.21374035e-15  -1.59556979e-15
  2.64000000e-06  -4.33164675e-03  -2.53909188e-03  -5.12363651e-03   5.53266602e-15  -6.11808013e-15  -1.64554749e-15
  2.72000000e-06  -4.08464918e-03  -2.39189256e-03  -5.04752396e-03   5.07870260e-15  -5.14203539e-15  -1.67320101e-15
  2.80000000e-06  -3.84986657e-03  -2.25107509e-03  -4.96475781e-03   4.63963385e-15  -4.24656678e-15  -1.67231330e-15
  2.88000000e-06  -3.63585383e-03  -2.12261173e-03  -4.88857036e-03   4.23024071e-15  -3.43506682e-15  -1.65472176e-15
  2.96000000e-06  -3.42748379e-03  -1.99900633e-03  -4.80654164e-03   3.83273053e-15  -2.67328154e-15  -1.62127276e-15
  3.04000000e-06  -3.24811670e-03  -1.89263011e-03  -4.73393415e-03   3.48619478e-15  -2.02077075e-15  -1.58409384e-15
  3.12000000e-06  -3.07294202e-03  -1.78758451e-03  -4.65921949e-03   3.13665389e-15  -1.40114132e-15  -1.53117856e-15
  3.20000000e-06  -2.91518490e-03  -1.69350306e-03  -4.59099779e-03   2.81777311e-15  -8.47688845e-16  -1.47653436e-15
  3.28000000e-06  -2.76217025e-03  -1.60178556e-03  -4.52940289e-03   2.49450513e-15  -3.06461201e-16  -1.41284909e-15
  3.36000000e-06  -2.61523183e-03  -1.51374156e-03  -4.45786238e-03   2.18857456e-15   1.76759405e-16  -1.34396206e-15
  3.44000000e-06  -2.48524723e-03  -1.43689225e-03  -4.41123318e-03   1.89970907e-15   6.43750916e-16  -1.27997029e-15
  3.52000000e-06  -2.35989410e-03  -1.36490159e-03  -4.36009676e-03   1.62933388e-15   1.07350537e-15  -1.21792815e-15
  3.60000000e-06  -2.23994186e-03  -1.29289569e-03  -4.31181993e-03   1.35116409e-15   1.48154123e-15  -1.14615344e-15
  3.68000000e-06  -2.12698749e-03  -1.22621922e-03  -4.26622259e-03   1.08766914e-15   1.86116251e-15  -1.07721803e-15
  3.76000000e-06  -2.01645240e-03  -1.16162704e-03  -4.22918717e-03   8.20488105e-16   2.24653948e-15  -1.00825904e-15
  3.84000000e-06  -1.91568149e-03  -1.09937483e-03  -4.16315270e-03   5.86826767e-16   2.51397840e-15  -9.33902266e-16
  3.92000000e-06  -1.81638090e-03  -1.04449758e-03  -4.14192300e-03   3.37748454e-16   2.88235813e-15  -8.74979066e-16
  4.00000000e-06  -1.72128991e-03  -9.88868912e-04  -4.09023691e-03   1.11130649e-16   3.15262951e-15  -8.08956903e-16
  4.08000000e-06  -1.63311347e-03  -9.35580880e-04  -4.06314271e-03  -1.32205321e-16   3.45161436e-15  -7.41632357e-16
  4.16000000e-06  -1.54364388e-03  -8.83576300e-04  -4.03287731e-03  -3.70184729e-16   3.74369712e-15  -6.78525144e-16
  4.24000000e-06  -1.46180838e-03  -8.35659323e-04  -3.99776721e-03  -5.89083435e-16   3.98840500e-15  -6.18300313e-16
  4.32000000e-06  -1.38397192e-03  -7.87100793e-04  -3.98085309e-03  -8.31485548e-16   4.25827695e-15  -5.52881622e-16
  4.40000000e-06  -1.30459015e-03  -7.43641987e-04  -3.94628424e-03  -1.03726940e-15   4.48681773e-15  -5.02592945e-16
  4.48000000e-06  -1.22801979e-03  -6.98169534e-04  -3.90922169e-03  -1.25067685e-15   4.69433352e-15  -4.45506770e-16
  4.56000000e-06  -1.15627100e-03  -6.56267395e-04  -3.89574125e-03  -1.47618373e-15   4.93746212e-15  -3.93616224e-16
  4.64000000e-06  -1.08394358e-03  -6.15548207e-04  -3.87036087e-03  -1.68626408e-15   5.15022221e-15  -3.46839731e-16
  4.72000000e-06  -1.01795690e-03  -5.76014929e-04  -3.84758034e-03  -1.89605624e-15   5.34049474e-15  -2.97875826e-16
  4.80000000e-06  -9.49539126e-04  -5.35838026e-04  -3.83137665e-03  -2.11743834e-15   5.55400305e-15  -2.51986575e-16
  4.88000000e-06  -8.86777776e-04  -4.99513813e-04  -3.79746687e-03  -2.30468140e-15   5.69799418e-15  -2.11321543e-16
  4.96000000e-06  -8.23226668e-04  -4.63073703e-04  -3.77355348e-03  -2.50453202e-15   5.86744060e-15  -1.73645320e-16
  5.04000000e-06  -7.62019747e-04  -4.27695481e-04  -3.75765743e-03  -2.71068566e-15   6.04437001e-15  -1.38265327e-16
  5.12000000e-06  -7.01947431e-04  -3.91997712e-04  -3.75154363e-03  -2.93170007e-15   6.23773565e-15  -1.03231845e-16
  5.20000000e-06  -6.42993013e-04  -3.59329254e-04  -3.72573872e-03  -3.11830073e-15   6.37594762e-15  -7.67683797e-17
  5.28000000e-06  -5.86250672e-04  -3.25778727e-04  -3.71733296e-03  -3.33086867e-15   6.54501448e-15  -4.82879773e-17
  5.36000000e-06  -5.29429409e-04  -2.95175934e-04  -3.67628631e-03  -3.49093470e-15   6.63395945e-15  -2.99165178e-17
  5.44000000e-06  -4.76788583e-04  -2.63020769e-04  -3.67430204e-03  -3.70807669e-15   6.79717020e-15  -5.39648039e-18
  5.52000000e-06  -4.21185136e-04  -2.31923709e-04  -3.65319466e-03  -3.89701208e-15   6.92473833e-15   9.67716368e-18
  5.60000000e-06  -3.69456532e-04  -2.03614255e-04  -3.63231232e-03  -4.07568028e-15   7.03507967e-15   2.01921504e-17
  5.68000000e-06  -3.18185242e-04  -1.74727231e-04  -3.62858188e-03  -4.28079249e-15   7.18179251e-15   2.95515671e-17
  5.76000000e-06  -2.67219881e-04  -1.46144097e-04  -3.57821926e-03  -4.42033037e-15   7.21678250e-15   3.53555741e-17
  5.84000000e-06  -2.18743067e-04  -1.18779476e-04  -3.57982367e-03  -4.62736948e-15   7.36102257e-15   3.85121162e-17
  5.92000000e-06  -1.70121521e-04  -9.18901496e-05  -3.57034863e-03  -4.81810387e-15   7.47788051e-15   3.71167112e-17
  6.00000000e-06  -1.20089628e-04  -6.39139838e-05  -3.56303021e-03  -5.01768726e-15   7.60317731e-15   3.27313658e-17
  6.08000000e-06  -7.75962985e-05  -3.98078513e-05  -3.54240731e-03  -5.18212903e-15   7.66564633e-15   2.73715339e-17
  6.16000000e-06  -3.12658843e-05  -1.69666289e-05  -3.52472297e-03  -5.34584672e-15   7.74901835e-15   1.01193502e-17
  6.24000000e-06   1.28963414e-05   6.93752780e-06  -3.50440629e-03  -5.50964332e-15   7.81637605e-15  -4.80193039e-18
  6.32000000e-06   5.60285116e-05   3.04382326e-05  -3.48053161e-03  -5.66600228e-15   7.87032096e-15  -2.23813553e-17
  6.40000000e-06   9.93369766e-05   5.22428821e-05  -3.49196464e-03  -5.87204803e-15   8.00075732e-15  -4.73455184e-17
  6.48000000e-06   1.40263973e-04   7.41135985e-05  -3.44906539e-03  -5.99014596e-15   8.00199368e-15  -7.16556802e-17
  6.56000000e-06   1.81529348e-04   9.59190877e-05  -3.42199460e-03  -6.13258470e-15   8.03832821e-15  -1.00004540e-16
  6.64000000e-06   2.21001258e-04   1.16709270e-04  -3.40661554e-03  -6.28966456e-15   8.09141304e-15  -1.30828049e-16
  6.72000000e-06   2.60774778e-04   1.36987760e-04  -3.39133328e-03  -6.44462932e-15   8.14459872e-15  -1.66567659e-16
  6.80000000e-06   2.99312003e-04   1.56300556e-04  -3.37217653e-03  -6.58843203e-15   8.18354917e-15  -2.05476641e-16
  6.88000000e-06   3.34701779e-04   1.73766815e-04  -3.34152076e-03  -6.70324678e-15   8.18538148e-15  -2.45768623e-16
  6.96000000e-06   3.70786515e-04   1.90937694e-04  -3.31802945e-03  -6.82799984e-15   8.20453519e-15  -2.90888085e-16
  7.04000000e-06   4.06273167e-04   2.07229610e-04  -3.28565336e-03  -6.93167134e-15   8.20293537e-15  -3.39737899e-16
  7.12000000e-06   4.38369376e-04   2.23079592e-04  -3.29034857e-03  -7.10127827e-15   8.26060493e-15  -3.86041332e-16
  7.20000000e-06   4.72366542e-04   2.39806729e-04  -3.23975775e-03  -7.16927747e-15   8.21673169e-15  -4.37100356e-16
  7.28000000e-06   5.03883513e-04   2.52834574e-04  -3.25596173e-03  -7.34874603e-15   8.29177938e-15  -4.93391384e-16
  7.36000000e-06   5.34874443e-04   2.67198253e-04  -3.16891801e-03  -7.33073092e-15   8.16779604e-15  -5.48641453e-16
  7.44000000e-06   5.63832843e-04   2.82731996e-04  -3.14252064e-03  -7.43298111e-15   8.15209952e-15  -6.00186828e-16
  7.52000000e-06   5.90810091e-04   2.92093920e-04  -3.11387294e-03  -7.50338995e-15   8.12471802e-15  -6.61522742e-16
  7.60000000e-06   6.20156586e-04   3.05517348e-04  -3.08924639e-03  -7.59686965e-15   8.11428872e-15  -7.22568708e-16
  7.68000000e-06   6.45422135e-04   3.13953433e-04  -3.06311766e-03  -7.66515566e-15   8.08472312e-15  -7.86464909e-16
  7.76000000e-06   6.69824623e-04   3.26451243e-04  -3.01307221e-03  -7.69737701e-15   8.01010684e-15  -8.43319754e-16
  7.84000000e-06   6.97020561e-04   3.37257410e-04  -2.99571785e-03  -7.78913832e-15   8.00528365e-15  -9.11083244e-16
  7.92000000e-06   7.18924073e-04   3.45053638e-04  -2.94661509e-03  -7.79793748e-15   7.92537609e-15  -9.74489382e-16
  8.00000000e-06   7.39557483e-04   3.51506765e-04  -2.90330453e-03  -7.81063742e-15   7.85190440e-15  -1.03896019e-15
  8.08000000e-06   7.59839982e-04   3.57208316e-04  -2.86978920e-03  -7.83873556e-15   7.79518465e-15  -1.10519613e-15
  8.16000000e-06   7.78848054e-04   3.62889275e-04  -2.82446472e-03  -7.83744697e-15   7.71558589e-15  -1.16987722e-15
  8.24000000e-06   7.99017552e-04   3.67179040e-04  -2.79100023e-03  -7.85432368e-15   7.66159868e-15  -1.24061761e-15
  8.32000000e-06   8.13893212e-04   3.73525693e-04  -2.73141870e-03  -7.81630793e-15   7.54722370e-15  -1.29696630e-15
  8.40000000e-06   8.28743156e-04   3.78038136e-04  -2.67346488e-03  -7.77039644e-15   7.43850653e-15  -1.35689972e-15
  8.48000000e-06   8.44926522e-04   3.80063348e-04  -2.62501910e-03  -7.73272392e-15   7.35280911e-15  -1.42438974e-15
  8.56000000e-06   8.55806275e-04   3.82374851e-04  -2.59086773e-03  -7.72692566e-15   7.26945267e-15  -1.47946402e-15
  8.64000000e-06   8.71264719e-04   3.84040744e-04  -2.54548441e-03  -7.68882348e-15   7.18992548e-15  -1.54696539e-15
  8.72000000e-06   8.77974742e-04   3.85251020e-04  -2.49016964e-03  -7.62123992e-15   7.06384707e-15  -1.59422949e-15
  8.80000000e-06   8.88369809e-04   3.84735208e-04  -2.44951102e-03  -7.57907623e-15   6.97618153e-15  -1.65299924e-15
  8.88000000e-06   8.95013442e-04   3.82259803e-04  -2.37819081e-03  -7.44956093e-15   6.83433951e-15  -1.70506247e-15
  8.96000000e-06   9.02844110e-04   3.83404486e-04  -2.34885089e-03  -7.43571928e-15   6.75749074e-15  -1.75508931e-15
  9.04000000e-06   9.05143264e-04   3.78495963e-04  -2.27876700e-03  -7.29179856e-15   6.60719995e-15  -1.79892189e-15
  9.12000000e-06   9.10589652e-04   3.74396403e-04  -2.20346645e-03  -7.13337517e-15   6.46713942e-15  -1.84904285e-15
  9.20000000e-06   9.11950209e-04   3.71102177e-04  -2.15370501e-03  -7.03962118e-15   6.34777666e-15  -1.88703200e-15
  9.28000000e-06   9.14128795e-04   3.67671241e-04  -2.10240711e-03  -6.93812146e-15   6.23295333e-15  -1.92667676e-15
  9.36000000e-06   9.14852844e-04   3.61731921e-04  -2.03033758e-03  -6.76882826e-15   6.09056618e-15  -1.96486024e-15
  9.44000000e-06   9.14874065e-04   3.55478479e-04  -1.96387941e-03  -6.60909314e-15   5.95656279e-15  -2.00066156e-15
  9.52000000e-06   9.10361754e-04   3.48498566e-04  -1.89594030e-03  -6.43874672e-15   5.80716900e-15  -2.02421917e-15
  9.60000000e-06   9.08303617e-04   3.43128322e-04  -1.82826534e-03  -6.27175889e-15   5.67197189e-15  -2.05136913e-15
  9.68000000e-06   9.03115944e-04   3.33622358e-04  -1.76052240e-03  -6.08470736e-15   5.52853571e-15  -2.07367604e-15
  9.76000000e-06   8.94846611e-04   3.23545301e-04  -1.69621705e-03  -5.90136872e-15   5.38088785e-15  -2.08691383e-15
  9.84000000e-06   8.85680261e-04   3.14334770e-04  -1.61781878e-03  -5.67935328e-15   5.21865487e-15  -2.09522010e-15
  9.92000000e-06   8.77476886e-04   3.05161025e-04  -1.53565040e-03  -5.44337474e-15   5.06065392e-15  -2.10472461e-15
  1.00000000e-05   8.68226203e-04   2.95015818e-04  -1.47686373e-03  -5.26510432e-15   4.92731045e-15  -2.11100520e-15
  1.00800000e-05   8.54382086e-04   2.83448567e-04  -1.40296376e-03  -5.03624929e-15   4.76404858e-15  -2.10448660e-15
  1.01600000e-05   8.41077213e-04   2.72064870e-04  -1.33013277e-03  -4.80800344e-15   4.60797969e-15  -2.09770995e-15
  1.02400000e-05   8.25553243e-04   2.58563096e-04  -1.25009322e-03  -4.54809967e-15   4.44006107e-15  -2.08517449e-15
  1.03200000e-05   8.10814902e-04   2.48232121e-04  -1.18182606e-03  -4.33099524e-15   4.29060626e-15  -2.07016012e-15
  1.04000000e-05   7.94698551e-04   2.34643709e-04  -1.10088777e-03  -4.06240686e-15   4.12705553e-15  -2.05288976e-15
  1.04800000e-05   7.78357706e-04   2.21325616e-04  -1.02202861e-03  -3.79805170e-15   3.96826967e-15  -2.03317505e-15
  1.05600000e-05   7.59069063e-04   2.05473053e-04  -9.39200557e-04  -3.50981588e-15   3.79791753e-15  -2.00577281e-15
  1.06400000e-05   7.41160599e-04   1.91631609e-04  -8.56501838e-04  -3.22713304e-15   3.63636962e-15  -1.97895722e-15
  1.07200000e-05   7.16147413e-04   1.76134597e-04  -7.76720201e-04  -2.94416737e-15   3.45330659e-15  -1.93146912e-15
  1.08000000e-05   6.94138744e-04   1.61789800e-04  -6.95962054e-04  -2.66053634e-15   3.28383992e-15  -1.89017425e-15
  1.08800000e-05   6.72454289e-04   1.47230303e-04  -6.06707321e-04  -2.34897544e-15   3.11069580e-15  -1.84865071e-15
  1.09600000e-05   6.47807037e-04   1.31373555e-04  -5.31934571e-04  -2.07311437e-15   2.94155435e-15  -1.79822045e-15
  1.10400000e-05   6.23826575e-04   1.16809664e-04  -4.43581406e-04  -1.76025431e-15   2.76513732e-15  -1.74736507e-15
  1.11200000e-05   5.95659840e-04   9.74593463e-05  -3.54764839e-04  -1.42597550e-15   2.57444981e-15  -1.68701088e-15
  1.12000000e-05   5.68406621e-04   8.32731634e-05  -2.71972717e-04  -1.12767232e-15   2.39421561e-15  -1.62370149e-15
  1.12800000e-05   5.40555343e-04   6.67559999e-05  -1.87141963e-04  -8.13020229e-16   2.21137289e-15  -1.55956481e-15
  1.13600000e-05   3.47462769e-04  -7.02149262e-06  -1.00235564e-04  -2.73989510e-16   1.40211475e-15  -1.04799223e-15
  1.14400000e-05  -4.69445523e-04  -2.87864547e-04  -1.64734469e-05   1.04097490e-15  -1.76398323e-15   1.15988022e-15
  1.15200000e-05  -1.17969908e-03  -5.10653992e-04  -6.48933018e-05   1.74415483e-15  -4.42101305e-15   3.08244623e-15
  1.16000000e-05  -1.49425886e-03  -5.91342942e-04  -1.41467852e-04   1.83232401e-15  -5.56776373e-15   3.91955763e-15
  1.16800000e-05  -1.46788989e-03  -5.73951617e-04  -2.20513970e-04   1.54371385e-15  -5.41735510e-15   3.82423736e-15
  1.17600000e-05  -1.44209228e-03  -5.56311203e-04  -2.99693314e-04   1.25603205e-15  -5.26717462e-15   3.73339700e-15
  1.18400000e-05  -1.41540899e-03  -5.41806336e-04  -3.79135976e-04   9.81807806e-16  -5.11177231e-15   3.63967316e-15
  1.19200000e-05  -1.39044625e-03  -5.24394831e-04  -4.56560191e-04   7.04344630e-16  -4.96349213e-15   3.55588661e-15
  1.20000000e-05  -1.36304713e-03  -5.08525510e-04  -5.37273200e-04   4.25261049e-16  -4.80180979e-15   3.46600560e-15
  1.20800000e-05  -1.33294000e-03  -4.92398056e-04  -6.16315588e-04   1.51870735e-16  -4.63030155e-15   3.37086542e-15
  1.21600000e-05  -1.30285859e-03  -4.75678975e-04  -6.95686938e-04  -1.23078163e-16  -4.45793458e-15   3.27862875e-15
  1.22400000e-05  -1.27424632e-03  -4.59571197e-04  -7.74566211e-04  -3.92712658e-16  -4.29136419e-15   3.19223844e-15
  1.23200000e-05  -1.24439311e-03  -4.43283168e-04  -8.53799861e-04  -6.62588856e-16  -4.11954267e-15   3.10452724e-15
  1.24000000e-05  -1.21565667e-03  -4.25979791e-04  -9.35874859e-04  -9.43106721e-16  -3.94975459e-15   3.02285031e-15
  1.24800000e-05  -1.18699195e-03  -4.11195807e-04  -1.01190266e-03  -1.19559302e-15  -3.78605715e-15   2.94096481e-15
  1.25600000e-05  -1.15790322e-03  -3.94697827e-04  -1.09357486e-03  -1.46946649e-15  -3.61639153e-15   2.86115013e-15
  1.26400000e-05  -1.12919785e-03  -3.78693806e-04  -1.17420930e-03  -1.73755021e-15  -3.45013180e-15   2.78364470e-15
  1.27200000e-05  -1.09739251e-03  -3.60939435e-04  -1.25213553e-03  -2.00427956e-15  -3.27513898e-15   2.70067266e-15
  1.28000000e-05  -1.06776276e-03  -3.44031177e-04  -1.33426183e-03  -2.27851073e-15  -3.10660219e-15   2.62443009e-15
  1.28800000e-05  -1.03667377e-03  -3.28848579e-04  -1.41537537e-03  -2.54248533e-15  -2.93485456e-15   2.54409584e-15
  1.29600000e-05  -1.01275934e-03  -3.16772808e-04  -1.49572085e-03  -2.79148829e-15  -2.79441058e-15   2.48194650e-15
  1.30400000e-05  -9.78268699e-04  -3.01157720e-04  -1.57282273e-03  -3.04542162e-15  -2.61649877e-15   2.39519647e-15
  1.31200000e-05  -9.55650450e-04  -2.88540903e-04  -1.65046510e-03  -3.28845773e-15  -2.48808069e-15   2.33905531e-15
  1.32000000e-05  -9.28557034e-04  -2.76563147e-04  -1.73267796e-03  -3.54100581e-15  -2.34071467e-15   2.27127104e-15
  1.32800000e-05  -9.00732521e-04  -2.65076027e-04  -1.80816162e-03  -3.77323857e-15  -2.19856422e-15   2.20194108e-15
  1.33600000e-05  -8.76015400e-04  -2.51979705e-04  -1.89186768e-03  -4.03390861e-15  -2.06555735e-15   2.14298528e-15
  1.34400000e-05  -8.47910707e-04  -2.39375905e-04  -1.96387901e-03  -4.26130648e-15  -1.93107155e-15   2.07520900e-15
  1.35200000e-05  -8.23945813e-04  -2.29340764e-04  -2.04524973e-03  -4.50332753e-15  -1.80974463e-15   2.01713562e-15
  1.36000000e-05  -7.98533633e-04  -2.16273984e-04  -2.11360804e-03  -4.72321131e-15  -1.69591811e-15   1.95799125e-15
  1.36800000e-05  -7.72707145e-04  -2.05225828e-04  -2.19187412e-03  -4.96135929e-15  -1.57678854e-15   1.89667621e-15
  1.37600000e-05  -7.51509385e-04  -1.95524055e-04  -2.27065816e-03  -5.19553824e-15  -1.48026331e-15   1.84700758e-15
  1.38400000e-05  -7.29670450e-04  -1.86482110e-04  -2.34477553e-03  -5.41481067e-15  -1.38864051e-15   1.79547419e-15
  1.39200000e-05  -7.13173817e-04  -1.79914656e-04  -2.42061506e-03  -5.62856716e-15  -1.32203501e-15   1.75657843e-15
  1.40000000e-05  -6.95422651e-04  -1.72097550e-04  -2.49499852e-03  -5.84358915e-15  -1.25579023e-15   1.71538486e-15
  1.40800000e-05  -6.76713942e-04  -1.64929998e-04  -2.56688817e-03  -6.04943831e-15  -1.19181109e-15   1.67140303e-15
  1.41600000e-05  -6.56059417e-04  -1.58259525e-04  -2.64726738e-03  -6.27558210e-15  -1.11952209e-15   1.62217455e-15
  1.42400000e-05  -6.40682330e-04  -1.52108842e-04  -2.71263376e-03  -6.46033137e-15  -1.08267621e-15   1.58654104e-15
  1.43200000e-05  -6.24831172e-04  -1.46317887e-04  -2.78247037e-03  -6.65520570e-15  -1.04609325e-15   1.54950154e-15
  1.44000000e-05  -6.13033363e-04  -1.42062770e-04  -2.85791451e-03  -6.85822135e-15  -1.02828085e-15   1.52222850e-15
  1.44800000e-05  -6.00708618e-04  -1.36190832e-04  -2.92167996e-03  -7.03713775e-15  -1.01961046e-15   1.49439054e-15
  1.45600000e-05  -5.90159768e-04  -1.32874188e-04  -2.99572211e-03  -7.23188262e-15  -1.01854384e-15   1.46986409e-15
  1.46400000e-05  -5.77808794e-04  -1.29904580e-04  -3.07873002e-03  -7.44795848e-15  -1.01166052e-15   1.44050151e-15
  1.47200000e-05  -5.69267774e-04  -1.28573457e-04  -3.13133746e-03  -7.57785545e-15  -1.03972543e-15   1.42032280e-15
  1.48000000e-05  -5.62578605e-04  -1.27075895e-04  -3.19772493e-03  -7.74336373e-15  -1.07415733e-15   1.40498335e-15
  1.48800000e-05  -5.57817967e-04  -1.28727346e-04  -3.27874824e-03  -7.93263759e-15  -1.11674278e-15   1.39343517e-15
  1.49600000e-05  -5.51744140e-04  -1.26402291e-04  -3.33405678e-03  -8.07091122e-15  -1.16901643e-15   1.37995380e-15
  1.50400000e-05  -5.50103181e-04  -1.26791038e-04  -3.39849286e-03  -8.22025139e-15  -1.24217364e-15   1.37692887e-15
  1.51200000e-05  -5.46136189e-04  -1.26732062e-04  -3.44783426e-03  -8.33115897e-15  -1.31492748e-15   1.36798655e-15
  1.52000000e-05  -5.49020726e-04  -1.28870966e-04  -3.52292807e-03  -8.49746426e-15  -1.41453858e-15   1.37600793e-15
  1.52800000e-05  -5.49359449e-04  -1.30600919e-04  -3.58063062e-03  -8.61890008e-15  -1.51359141e-15   1.37756478e-15
  1.53600000e-05  -5.51957742e-04  -1.32812669e-04  -3.64315099e-03  -8.74861382e-15  -1.62661577e-15   1.38476289e-15
  1.54400000e-05  -5.55622389e-04  -1.35293216e-04  -3.70243241e-03  -8.86667211e-15  -1.74986083e-15   1.39456046e-15
  1.55200000e-05  -5.59893930e-04  -1.38964458e-04  -3.75829037e-03  -8.96859129e-15  -1.88150433e-15   1.40567160e-15
  1.56000000e-05  -5.65776346e-04  -1.43643003e-04  -3.81384661e-03  -9.06288621e-15  -2.02465550e-15   1.42071635e-15
  1.56800000e-05  -5.73771092e-04  -1.49152357e-04  -3.86325995e-03  -9.13526079e-15  -2.18230260e-15   1.44102240e-15
  1.57600000e-05  -5.82971163e-04  -1.55319294e-04  -3.91968989e-03  -9.21943448e-15  -2.34901373e-15   1.46427696e-15
  1.58400000e-05  -5.90610993e-04  -1.61837364e-04  -3.96540997e-03  -9.27190839e-15  -2.51385920e-15   1.48356095e-15
  1.59200000e-05  -6.03063241e-04  -1.67798226e-04  -4.02030522e-03  -9.34622940e-15  -2.70348989e-15   1.51481240e-15
  1.60000000e-05  -6.15565320e-04  -1.73886210e-04  -4.08152574e-03  -9.43195759e-15  -2.89867329e-15   1.54599670e-15
  1.60800000e-05  -6.28420065e-04  -1.79406000e-04  -4.11194499e-03  -9.43945909e-15  -3.09703354e-15   1.57773800e-15
  1.61600000e-05  -6.42299753e-04  -1.87620449e-04  -4.15919930e-03  -9.47334237e-15  -3.30477214e-15   1.61203342e-15
  1.62400000e-05  -6.58833083e-04  -1.94663989e-04  -4.20109076e-03  -9.49457414e-15  -3.52669035e-15   1.65239447e-15
  1.63200000e-05  -6.74272735e-04  -2.03440655e-04  -4.25557259e-03  -9.53473110e-15  -3.75013929e-15   1.69000525e-15
  1.64000000e-05  -6.91470348e-04  -2.11660397e-04  -4.29722129e-03  -9.54102641e-15  -3.98231118e-15   1.73140593e-15
  1.64800000e-05  -7.09330028e-04  -2.20224178e-04  -4.33750314e-03  -9.53763421e-15  -4.22020019e-15   1.77399767e-15
  1.65600000e-05  -7.25947836e-04  -2.28039271e-04  -4.38158599e-03  -9.54157568e-15  -4.45661502e-15   1.81280693e-15
  1.66400000e-05  -7.48590741e-04  -2.34682664e-04  -4.42409515e-03  -9.54118052e-15  -4.72206479e-15   1.86492963e-15
  1.67200000e-05  -7.67999496e-04  -2.44878333e-04  -4.44408866e-03  -9.46678914e-15  -4.96792894e-15   1.90973405e-15
  1.68000000e-05  -7.88522727e-04  -2.52997454e-04  -4.48714916e-03  -9.45054954e-15  -5.22892671e-15   1.95555751e-15
  1.68800000e-05  -8.11372034e-04  -2.62343038e-04  -4.51946082e-03  -9.39808783e-15  -5.49786581e-15   2.00636156e-15
  1.69600000e-05  -8.34717091e-04  -2.71643901e-04  -4.55841493e-03  -9.35542282e-15  -5.77380436e-15   2.05719536e-15
  1.70400000e-05  -8.57053342e-04  -2.80050912e-04  -4.59619211e-03  -9.30747883e-15  -6.04737482e-15   2.10404144e-15
  1.71200000e-05  -8.80357618e-04  -2.88667609e-04  -4.61762191e-03  -9.21537189e-15  -6.31781838e-15   2.15188090e-15
  1.72000000e-05  -9.05157255e-04  -2.97119973e-04  -4.63667017e-03  -9.11292974e-15  -6.59392464e-15   2.20154137e-15
  1.72800000e-05  -9.29710534e-04  -3.06014454e-04  -4.66426871e-03  -9.02185992e-15  -6.87446319e-15   2.24931366e-15
  1.73600000e-05  -9.55449682e-04  -3.15840661e-04  -4.68052530e-03  -8.89571755e-15  -7.15310772e-15   2.29859943e-15
  1.74400000e-05  -9.82440951e-04  -3.26351274e-04  -4.69654703e-03  -8.76031240e-15  -7.43673361e-15   2.34927428e-15
  1.75200000e-05  -1.00656411e-03  -3.34303855e-04  -4.72755000e-03  -8.66230133e-15  -7.71798890e-15   2.39009954e-15
  1.76000000e-05  -1.03362047e-03  -3.45281509e-04  -4.71715800e-03  -8.45711654e-15  -7.98135936e-15   2.43732870e-15
  1.76800000e-05  -1.05913279e-03  -3.52758583e-04  -4.74889205e-03  -8.35068790e-15  -8.26799202e-15   2.47659716e-15
  1.77600000e-05  -1.08226845e-03  -3.60082381e-04  -4.77068561e-03  -8.21783068e-15  -8.53648101e-15   2.50859861e-15
  1.78400000e-05  -1.10856213e-03  -3.68505785e-04  -4.77284796e-03  -8.03445338e-15  -8.80197951e-15   2.54570671e-15
  1.79200000e-05  -1.13398558e-03  -3.76834973e-04  -4.78466212e-03  -7.86579981e-15  -9.06958449e-15   2.57853949e-15
  1.80000000e-05  -1.15822832e-03  -3.84393372e-04  -4.79465121e-03  -7.69150065e-15  -9.32868627e-15   2.60590365e-15
  1.80800000e-05  -1.18669902e-03  -3.94325127e-04  -4.79608092e-03  -7.48478526e-15  -9.59658044e-15   2.64098132e-15
  1.81600000e-05  -1.21394970e-03  -4.02716102e-04  -4.79869243e-03  -7.28235866e-15  -9.85732148e-15   2.66950204e-15
  1.82400000e-05  -1.24496629e-03  -4.12597021e-04  -4.80317174e-03  -7.07180855e-15  -1.01339025e-14   2.70350135e-15
  1.83200000e-05  -1.26842385e-03  -4.19479491e-04  -4.80492147e-03  -6.86487563e-15  -1.03713702e-14   2.71766128e-15
  1.84000000e-05  -1.29279411e-03  -4.27093447e-04  -4.81263328e-03  -6.66063491e-15  -1.06161187e-14   2.73133304e-15
  1.84800000e-05  -1.31770595e-03  -4.35341008e-04  -4.79944586e-03  -6.41247904e-15  -1.08389121e-14   2.74373024e-15
  1.85600000e-05  -1.33927321e-03  -4.42438326e-04  -4.81275741e-03  -6.21151844e-15  -1.10706189e-14   2.74623988e-15
  1.86400000e-05  -1.36507235e-03  -4.49484842e-04  -4.79543538e-03  -5.95480701e-15  -1.12853355e-14   2.75289491e-15
  1.87200000e-05  -1.38870603e-03  -4.57540273e-04  -4.81219957e-03  -5.74623099e-15  -1.15235840e-14   2.75390270e-15
  1.88000000e-05  -1.41199312e-03  -4.62872980e-04  -4.78567656e-03  -5.47634709e-15  -1.17088887e-14   2.74826191e-15
  1.88800000e-05  -1.43935086e-03  -4.71006852e-04  -4.79155858e-03  -5.24232163e-15  -1.19444686e-14   2.74888984e-15
  1.89600000e-05  -1.46025829e-03  -4.76515683e-04  -4.76824392e-03  -4.97208215e-15  -1.21137483e-14   2.73327360e-15
  1.90400000e-05  -1.48417490e-03  -4.84085448e-04  -4.76187321e-03  -4.71611315e-15  -1.23114638e-14   2.72147885e-15
  1.91200000e-05  -1.50637936e-03  -4.89914509e-04  -4.75132455e-03  -4.45938910e-15  -1.24922247e-14   2.70191053e-15
  1.92000000e-05  -1.52629699e-03  -4.96255901e-04  -4.74215111e-03  -4.20008514e-15  -1.26598166e-14   2.67665153e-15
  1.92800000e-05  -1.54255328e-03  -5.00598389e-04  -4.71239330e-03  -3.92130794e-15  -1.27809427e-14   2.64132150e-15
  1.93600000e-05  -1.56509391e-03  -5.06427079e-04  -4.70066002e-03  -3.65861909e-15  -1.29479234e-14   2.61309293e-15
  1.94400000e-05  -1.58457971e-03  -5.11924319e-04  -4.68508070e-03  -3.39131927e-15  -1.30914779e-14   2.57747142e-15
  1.95200000e-05  -1.60340337e-03  -5.16516519e-04  -4.68197876e-03  -3.14189725e-15  -1.32430509e-14   2.53695794e-15
  1.96000000e-05  -1.62565449e-03  -5.23303938e-04  -4.64600732e-03  -2.84302560e-15  -1.33645243e-14   2.50010057e-15
  1.96800000e-05  -1.64400110e-03  -5.27252604e-04  -4.63106041e-03  -2.58153405e-15  -1.34893614e-14   2.45221283e-15
  1.97600000e-05  -1.66150228e-03  -5.31962936e-04  -4.61425331e-03  -2.31401405e-15  -1.36033351e-14   2.40151742e-15
  1.98400000e-05  -1.67524662e-03  -5.34923886e-04  -4.58138221e-03  -2.03885322e-15  -1.36744109e-14   2.34216455e-15
  1.99200000e-05  -1.68964760e-03  -5.38389733e-04  -4.58289835e-03  -1.79525263e-15  -1.37883857e-14   2.28171537e-15
  2.00000000e-05  -1.70188631e-03  -5.40486943e-04  -4.54259229e-03  -1.51963537e-15  -1.38333138e-14   2.21524880e-15
  2.00800000e-05  -1.71813153e-03  -5.43959243e-04  -4.52376410e-03  -1.25858267e-15  -1.39200219e-14   2.15182200e-15
  2.01600000e-05  -1.73059759e-03  -5.46459373e-04  -4.50032285e-03  -9.99182367e-16  -1.39785628e-14   2.08160605e-15
  2.02400000e-05  -1.74352280e-03  -5.50467326e-04  -4.47299836e-03  -7.31522352e-16  -1.40294539e-14   2.01166671e-15
  2.03200000e-05  -1.75669745e-03  -5.52628507e-04  -4.45050067e-03  -4.77735488e-16  -1.40833073e-14   1.93732671e-15
  2.04000000e-05  -1.76917814e-03  -5.57301315e-04  -4.42276974e-03  -2.10528382e-16  -1.41225272e-14   1.86375635e-15
  2.04800000e-05  -1.78043500e-03  -5.60730130e-04  -4.40682004e-03   4.16083498e-17  -1.41670926e-14   1.78583074e-15
  2.05600000e-05  -1.78909940e-03  -5.62507249e-04  -4.38042656e-03   2.90442709e-16  -1.41814085e-14   1.70246302e-15
  2.06400000e-05  -1.79954219e-03  -5.64405240e-04  -4.34144909e-03   5.43215142e-16  -1.41831810e-14   1.61870448e-15
  2.07200000e-05  -1.80802181e-03  -5.65747420e-04  -4.32063991e-03   7.81573919e-16  -1.41955889e-14   1.53172106e-15
  2.08000000e-05  -1.81685572e-03  -5.67858340e-04  -4.27806972e-03   1.02957263e-15  -1.41769586e-14   1.44455786e-15
  2.08800000e-05  -1.82501174e-03  -5.69961622e-04  -4.25701668e-03   1.26572626e-15  -1.41794301e-14   1.35582407e-15
  2.09600000e-05  -1.83521164e-03  -5.72403212e-04  -4.21796089e-03   1.50625136e-15  -1.41641790e-14   1.26680443e-15
  2.10400000e-05  -1.84273825e-03  -5.74078854e-04  -4.18616795e-03   1.73704930e-15  -1.41420609e-14   1.17475720e-15
  2.11200000e-05  -1.84816771e-03  -5.75587246e-04  -4.16189666e-03   1.96188889e-15  -1.41161891e-14   1.08104527e-15
  2.12000000e-05  -1.85500303e-03  -5.77538179e-04  -4.11165826e-03   2.18917253e-15  -1.40600642e-14   9.87266436e-16
  2.12800000e-05  -1.86044212e-03  -5.79157333e-04  -4.08620436e-03   2.40671031e-15  -1.40258544e-14   8.92180334e-16
  2.13600000e-05  -1.86449632e-03  -5.79893387e-04  -4.04603279e-03   2.61739451e-15  -1.39631752e-14   7.95107382e-16
  2.14400000e-05  -1.86922448e-03  -5.79525558e-04  -4.01396560e-03   2.81780900e-15  -1.39110175e-14   6.96237317e-16
  2.15200000e-05  -1.87172600e-03  -5.82582177e-04  -3.97531491e-03   3.02969658e-15  -1.38371331e-14   6.01337328e-16
  2.16000000e-05  -1.87516608e-03  -5.82718586e-04  -3.94090295e-03   3.22332498e-15  -1.37703002e-14   5.02407754e-16
  2.16800000e-05  -1.87887401e-03  -5.85352670e-04  -3.90001814e-03   3.42305672e-15  -1.36942060e-14   4.06266760e-16
  2.17600000e-05  -1.88332811e-03  -5.86789263e-04  -3.86160205e-03   3.61245750e-15  -1.36222820e-14   3.08153466e-16
  2.18400000e-05  -1.88490227e-03  -5.86639524e-04  -3.83213852e-03   3.79168848e-15  -1.35452090e-14   2.08550061e-16
  2.19200000e-05  -1.88794700e-03  -5.88440382e-04  -3.79681772e-03   3.97428103e-15  -1.34658465e-14   1.10781170e-16
  2.20000000e-05  -1.88932310e-03  -5.89542620e-04  -3.76170231e-03   4.14882815e-15  -1.33767222e-14   1.26727161e-17
  2.20800000e-05  -1.89056968e-03  -5.91045328e-04  -3.73051797e-03   4.32220394e-15  -1.32895558e-14  -8.48938035e-17
  2.21600000e-05  -1.89092927e-03  -5.92645670e-04  -3.68847518e-03   4.48635647e-15  -1.31839850e-14  -1.81633641e-16
  2.22400000e-05  -1.88906947e-03  -5.93293369e-04  -3.63773731e-03   4.63639984e-15  -1.30565725e-14  -2.78223369e-16
  2.23200000e-05  -1.88737587e-03  -5.94692191e-04  -3.59441141e-03   4.78735683e-15  -1.29372835e-14  -3.73312935e-16
  2.24000000e-05  -1.88959702e-03  -5.95246742e-04  -3.57189218e-03   4.94126263e-15  -1.28580733e-14  -4.71254122e-16
  2.24800000e-05  -1.88887084e-03  -5.95772568e-04  -3.52756714e-03   5.07739549e-15  -1.27398640e-14  -5.67099849e-16
  2.25600000e-05  -1.88872271e-03  -5.98342175e-04  -3.48717672e-03   5.22027739e-15  -1.26277489e-14  -6.60689692e-16
  2.26400000e-05  -1.88561463e-03  -5.98574822e-04  -3.44888042e-03   5.34832943e-15  -1.25029300e-14  -7.54143028e-16
  2.27200000e-05  -1.88558122e-03  -6.00370824e-04  -3.41009988e-03   5.47830388e-15  -1.23914737e-14  -8.47572732e-16
  2.28000000e-05  -1.88475504e-03  -6.01472364e-04  -3.37406158e-03   5.60224210e-15  -1.22783229e-14  -9.40641434e-16
  2.28800000e-05  -1.88320174e-03  -6.02663228e-04  -3.34690601e-03   5.72951217e-15  -1.21697428e-14  -1.03246725e-15
  2.29600000e-05  -1.88164406e-03  -6.04681016e-04  -3.30183036e-03   5.84056035e-15  -1.20430996e-14  -1.12289900e-15
  2.30400000e-05  -1.87770779e-03  -6.05216934e-04  -3.26243768e-03   5.94440512e-15  -1.19105337e-14  -1.21179298e-15
  2.31200000e-05  -1.87533268e-03  -6.05499003e-04  -3.21947098e-03   6.03842494e-15  -1.17820249e-14  -1.30147199e-15
  2.32000000e-05  -1.87161312e-03  -6.05664254e-04  -3.17789505e-03   6.12803239e-15  -1.16486561e-14  -1.38901102e-15
  2.32800000e-05  -1.86759365e-03  -6.06991281e-04  -3.12579354e-03   6.20660763e-15  -1.15050778e-14  -1.47416616e-15
  2.33600000e-05  -1.86175740e-03  -6.08523184e-04  -3.10011186e-03   6.30954114e-15  -1.13760258e-14  -1.55615658e-15
  2.34400000e-05  -1.85522800e-03  -6.07600823e-04  -3.06673001e-03   6.38832430e-15  -1.12370631e-14  -1.63827574e-15
  2.35200000e-05  -1.85441243e-03  -6.09633257e-04  -3.02115860e-03   6.46214028e-15  -1.11154173e-14  -1.72355904e-15
  2.36000000e-05  -1.85168833e-03  -6.10054722e-04  -2.98641704e-03   6.53661558e-15  -1.09939464e-14  -1.80713739e-15
  2.36800000e-05  -1.84624934e-03  -6.11169664e-04  -2.94358105e-03   6.59978065e-15  -1.08540842e-14  -1.88585045e-15
  2.37600000e-05  -1.84273626e-03  -6.12528283e-04  -2.90760474e-03   6.66815086e-15  -1.07291004e-14  -1.96579881e-15
  2.38400000e-05  -1.83999916e-03  -6.14082734e-04  -2.86317982e-03   6.72179557e-15  -1.06023906e-14  -2.04575109e-15
  2.39200000e-05  -1.83594707e-03  -6.16346272e-04  -2.82827399e-03   6.78706844e-15  -1.04771729e-14  -2.12254258e-15
  2.40000000e-05  -1.83255140e-03  -6.18099197e-04  -2.79758783e-03   6.85194573e-15  -1.03582722e-14  -2.19978902e-15
  2.40800000e-05  -1.83410564e-03  -6.19057191e-04  -2.74660142e-03   6.87999023e-15  -1.02500890e-14  -2.28399996e-15
  2.41600000e-05  -1.82804299e-03  -6.20474360e-04  -2.71679343e-03   6.93662721e-15  -1.01210325e-14  -2.35594339e-15
  2.42400000e-05  -1.82617146e-03  -6.22224265e-04  -2.68019809e-03   6.98095590e-15  -1.00079752e-14  -2.43311026e-15
  2.43200000e-05  -1.82305364e-03  -6.24556944e-04  -2.63104203e-03   7.00433885e-15  -9.88322911e-15  -2.50723706e-15
  2.44000000e-05  -1.81836024e-03  -6.26444381e-04  -2.59771616e-03   7.04619723e-15  -9.76137277e-15  -2.57825233e-15
  2.44800000e-05  -1.81377179e-03  -6.28168114e-04  -2.55276993e-03   7.06463488e-15  -9.63510516e-15  -2.64856207e-15
  2.45600000e-05  -1.81160618e-03  -6.29093190e-04  -2.50817282e-03   7.07558379e-15  -9.52190159e-15  -2.72230360e-15
  2.46400000e-05  -1.80685148e-03  -6.30714567e-04  -2.47571687e-03   7.10618958e-15  -9.40409839e-15  -2.79051591e-15
  2.47200000e-05  -1.80456580e-03  -6.34426029e-04  -2.42114998e-03   7.10454034e-15  -9.28901887e-15  -2.86120862e-15
  2.48000000e-05  -1.79951224e-03  -6.36054542e-04  -2.40980101e-03   7.16509863e-15  -9.18099771e-15  -2.92724061e-15
  2.48800000e-05  -1.79458386e-03  -6.36962031e-04  -2.34977900e-03   7.13267112e-15  -9.05534245e-15  -2.99273556e-15
  2.49600000e-05  -1.79203826e-03  -6.39853144e-04  -2.31278115e-03   7.14648253e-15  -8.95138697e-15  -3.06090225e-15
  2.50400000e-05  -1.78546024e-03  -6.41363740e-04  -2.27969738e-03   7.15787220e-15  -8.83193309e-15  -3.12129788e-15
  2.51200000e-05  -1.78144695e-03  -6.43538985e-04  -2.23726545e-03   7.15132931e-15  -8.72263783e-15  -3.18529763e-15
  2.52000000e-05  -1.77702074e-03  -6.45709405e-04  -2.19818027e-03   7.14751971e-15  -8.61429239e-15  -3.24766864e-15
  2.52800000e-05  -1.77282037e-03  -6.47812577e-04  -2.16419415e-03   7.14995155e-15  -8.51000103e-15  -3.30963561e-15
  2.53600000e-05  -1.76951098e-03  -6.50415199e-04  -2.13160162e-03   7.15436547e-15  -8.41141265e-15  -3.37249586e-15
  2.54400000e-05  -1.76641327e-03  -6.52926935e-04  -2.08731694e-03   7.13185065e-15  -8.31280443e-15  -3.43509966e-15
  2.55200000e-05  -1.76287412e-03  -6.55541851e-04  -2.05960108e-03   7.14019235e-15  -8.21714843e-15  -3.49610209e-15
  2.56000000e-05  -1.75996411e-03  -6.56499007e-04  -2.01267549e-03   7.09870263e-15  -8.12260917e-15  -3.55793917e-15
  2.56800000e-05  -1.75633851e-03  -6.60070626e-04  -1.97294903e-03   7.08041181e-15  -8.02814745e-15  -3.61715154e-15
  2.57600000e-05  -1.75363524e-03  -6.62708983e-04  -1.93592562e-03   7.06061530e-15  -7.93984505e-15  -3.67779480e-15
  2.58400000e-05  -1.75005610e-03  -6.66705727e-04  -1.90318827e-03   7.05314865e-15  -7.84968201e-15  -3.73582476e-15
  2.59200000e-05  -1.74574773e-03  -6.68183287e-04  -1.85551430e-03   6.99918794e-15  -7.75725103e-15  -3.79169859e-15
  2.60000000e-05  -1.74301726e-03  -6.71974459e-04  -1.82448517e-03   6.98889385e-15  -7.67443168e-15  -3.85025903e-15
  2.60800000e-05  -1.73983611e-03  -6.74418147e-04  -1.78765195e-03   6.95720663e-15  -7.59101942e-15  -3.90729193e-15
  2.61600000e-05  -1.73651363e-03  -6.77386465e-04  -1.75558650e-03   6.93591202e-15  -7.50863226e-15  -3.96338195e-15
  2.62400000e-05  -1.73287234e-03  -6.80020473e-04  -1.71987464e-03   6.90232463e-15  -7.42657035e-15  -4.01809959e-15
  2.63200000e-05  -1.73009407e-03  -6.83029807e-04  -1.68092653e-03   6.86024710e-15  -7.35018906e-15  -4.07422602e-15
  2.64000000e-05  -1.72859909e-03  -6.87069408e-04  -1.64382701e-03   6.82424595e-15  -7.28102796e-15  -4.13292502e-15
  2.64800000e-05  -1.72494632e-03  -6.89988321e-04  -1.61312307e-03   6.79603224e-15  -7.20351605e-15  -4.18594772e-15
  2.65600000e-05  -1.72224261e-03  -6.93422204e-04  -1.57333843e-03   6.74597008e-15  -7.13286773e-15  -4.24073302e-15
  2.66400000e-05  -1.71933514e-03  -6.96456347e-04  -1.53795119e-03   6.70222857e-15  -7.06257267e-15  -4.29441684e-15
  2.67200000e-05  -1.71825395e-03  -7.00213534e-04  -1.50233174e-03   6.65860730e-15  -7.00172090e-15  -4.35222020e-15
  2.68000000e-05  -1.71590233e-03  -7.03719903e-04  -1.45898990e-03   6.59242070e-15  -6.93886004e-15  -4.40642947e-15
  2.68800000e-05  -1.71312753e-03  -7.06895165e-04  -1.42557041e-03   6.54693331e-15  -6.87390716e-15  -4.45898701e-15
  2.69600000e-05  -1.70887670e-03  -7.11152856e-04  -1.40112930e-03   6.52648301e-15  -6.80188033e-15  -4.50763402e-15
  2.70400000e-05  -1.70647380e-03  -7.14996476e-04  -1.36791310e-03   6.48013448e-15  -6.74123274e-15  -4.56039355e-15
  2.71200000e-05  -1.70392031e-03  -7.19810116e-04  -1.33263576e-03   6.43036313e-15  -6.68211201e-15  -4.61264415e-15
  2.72000000e-05  -1.70135200e-03  -7.23623735e-04  -1.30675032e-03   6.39861259e-15  -6.62144428e-15  -4.66413360e-15
  2.72800000e-05  -1.69941859e-03  -7.27682301e-04  -1.27092434e-03   6.34004415e-15  -6.56809155e-15  -4.71696446e-15
  2.73600000e-05  -1.69866147e-03  -7.32293820e-04  -1.23198477e-03   6.27332094e-15  -6.52233434e-15  -4.77277282e-15
  2.74400000e-05  -1.69592712e-03  -7.34717267e-04  -1.20774777e-03   6.23455546e-15  -6.46431052e-15  -4.82212534e-15
  2.75200000e-05  -1.69558144e-03  -7.40063766e-04  -1.17123708e-03   6.17310467e-15  -6.42226733e-15  -4.87870000e-15
  2.76000000e-05  -1.69454526e-03  -7.44365871e-04  -1.13068411e-03   6.09426045e-15  -6.38080929e-15  -4.93271589e-15
  2.76800000e-05  -1.69001012e-03  -7.46249606e-04  -1.10260353e-03   6.03744492e-15  -6.32116761e-15  -4.97565451e-15
  2.77600000e-05  -1.68880550e-03  -7.51026438e-04  -1.07125083e-03   5.98159562e-15  -6.27782804e-15  -5.02864179e-15
  2.78400000e-05  -1.68656689e-03  -7.55608535e-04  -1.04219173e-03   5.92946078e-15  -6.23045245e-15  -5.07838341e-15
  2.79200000e-05  -1.68477060e-03  -7.59648384e-04  -1.01419127e-03   5.87636610e-15  -6.18549755e-15  -5.12874222e-15
  2.80000000e-05  -1.68307577e-03  -7.64772846e-04  -9.79151925e-04   5.80600684e-15  -6.14597317e-15  -5.17966203e-15
  2.80800000e-05  -1.68096345e-03  -7.67997272e-04  -9.57355723e-04   5.76385007e-15  -6.09862893e-15  -5.22803674e-15
  2.81600000e-05  -1.67839796e-03  -7.72594133e-04  -9.11715893e-04   5.65730223e-15  -6.06453038e-15  -5.27552930e-15
  2.82400000e-05  -1.67628968e-03  -7.77611982e-04  -8.90950917e-04   5.62195955e-15  -6.01899085e-15  -5.32419161e-15
  2.83200000e-05  -1.67297817e-03  -7.83268763e-04  -8.60784534e-04   5.56034466e-15  -5.97543295e-15  -5.36947989e-15
  2.84000000e-05  -1.67334934e-03  -7.86984303e-04  -8.31628552e-04   5.49241246e-15  -5.94668005e-15  -5.42403327e-15
  2.84800000e-05  -1.67098035e-03  -7.90850798e-04  -8.02586567e-04   5.42378142e-15  -5.90833994e-15  -5.47033428e-15
  2.85600000e-05  -1.66866799e-03  -7.94969904e-04  -7.74529343e-04   5.35744433e-15  -5.87069046e-15  -5.51660650e-15
  2.86400000e-05  -1.66722573e-03  -8.00147021e-04  -7.49780025e-04   5.30348063e-15  -5.83503662e-15  -5.56591541e-15
  2.87200000e-05  -1.66746753e-03  -8.06175444e-04  -7.11337082e-04   5.20995936e-15  -5.81663667e-15  -5.62069451e-15
  2.88000000e-05  -1.66632755e-03  -8.10180169e-04  -6.83471819e-04   5.13889290e-15  -5.78643788e-15  -5.66961433e-15
  2.88800000e-05  -1.66299269e-03  -8.13900570e-04  -6.64125821e-04   5.09128741e-15  -5.74240490e-15  -5.71130804e-15
  2.89600000e-05  -1.65886439e-03  -8.17651435e-04  -6.37439938e-04   5.02003220e-15  -5.70189350e-15  -5.75017514e-15
  2.90400000e-05  -1.66062415e-03  -8.23463246e-04  -6.01673321e-04   4.92684281e-15  -5.69158254e-15  -5.80850940e-15
  2.91200000e-05  -1.65982148e-03  -8.28674246e-04  -5.76537957e-04   4.86271702e-15  -5.66414159e-15  -5.85826807e-15
  2.92000000e-05  -1.65820072e-03  -8.33186569e-04  -5.45440645e-04   4.77586460e-15  -5.63943382e-15  -5.90466004e-15
  2.92800000e-05  -1.65681626e-03  -8.37795379e-04  -5.15236913e-04   4.69056538e-15  -5.61585979e-15  -5.95156042e-15
  2.93600000e-05  -1.65276833e-03  -8.42684676e-04  -5.04962927e-04   4.66808319e-15  -5.56619846e-15  -5.98996431e-15
  2.94400000e-05  -1.65084933e-03  -8.47618242e-04  -4.80423808e-04   4.59928355e-15  -5.53720560e-15  -6.03485431e-15
  2.95200000e-05  -1.65030283e-03  -8.53041842e-04  -4.43184607e-04   4.48998332e-15  -5.52535977e-15  -6.08430224e-15
  2.96000000e-05  -1.64935562e-03  -8.58222165e-04  -4.16188692e-04   4.41112682e-15  -5.50376154e-15  -6.13199422e-15
  2.96800000e-05  -1.64622177e-03  -8.64182814e-04  -3.90306489e-04   4.33721000e-15  -5.47411904e-15  -6.17302041e-15
  2.97600000e-05  -1.64560865e-03  -8.69480839e-04  -3.65521434e-04   4.26310651e-15  -5.45308993e-15  -6.22138004e-15
  2.98400000e-05  -1.64535668e-03  -8.73659838e-04  -3.37008504e-04   4.17141343e-15  -5.43752438e-15  -6.26962309e-15
  2.99200000e-05  -1.64333610e-03  -8.79525762e-04  -3.17161640e-04   4.11287877e-15  -5.40799451e-15  -6.31341062e-15
  3.00000000e-05  -1.64107042e-03  -8.84898468e-04  -2.95101309e-04   4.04405680e-15  -5.38031612e-15  -6.35560888e-15
  3.00800000e-05  -1.63873901e-03  -8.89100365e-04  -2.68804775e-04   3.95574993e-15  -5.35726683e-15  -6.39606886e-15
  3.01600000e-05  -1.63530688e-03  -8.92968221e-04  -2.43374592e-04   3.86788652e-15  -5.33028825e-15  -6.43207414e-15
  3.02400000e-05  -1.63425033e-03  -8.98699029e-04  -2.30313005e-04   3.82700529e-15  -5.29919679e-15  -6.47771348e-15
  3.03200000e-05  -1.63316713e-03  -9.04447837e-04  -1.95600350e-04   3.71137235e-15  -5.29095160e-15  -6.52300260e-15
  3.04000000e-05  -1.63008914e-03  -9.09924817e-04  -1.72598641e-04   3.63330172e-15  -5.26440298e-15  -6.56085560e-15
  3.04800000e-05  -1.62834409e-03  -9.15221064e-04  -1.51861146e-04   3.56117737e-15  -5.24039579e-15  -6.60275217e-15
  3.05600000e-05  -1.62627987e-03  -9.19353203e-04  -1.28764371e-04   3.47586137e-15  -5.21831627e-15  -6.64195861e-15
  3.06400000e-05  -1.62435558e-03  -9.25461307e-04  -1.11524934e-04   3.41624362e-15  -5.19073219e-15  -6.68346155e-15
  3.07200000e-05  -1.62176647e-03  -9.30544201e-04  -8.96761561e-05   3.33606336e-15  -5.16642399e-15  -6.72118254e-15
  3.08000000e-05  -1.61992086e-03  -9.34766832e-04  -6.56168584e-05   3.24413726e-15  -5.14744843e-15  -6.76017689e-15
  3.08800000e-05  -1.61732015e-03  -9.39370307e-04  -4.28213050e-05   3.15669098e-15  -5.12507527e-15  -6.79653255e-15
  3.09600000e-05  -1.15119043e-03  -6.72706457e-04  -2.33312120e-05   2.21977856e-15  -3.62980321e-15  -4.86883288e-15
  3.10400000e-05  -1.86837867e-04  -1.10648558e-04  -2.83454785e-06   3.60447013e-16  -5.88304789e-16  -7.93803626e-16
  3.11200000e-05   0.00000000e+00   0.00000000e+00   0.00000000e+00  -0.00000000e+00   0.00000000e+00   0.00000000e+00
