       time             b_x              b_y              b_z              F_x              F_y              F_z
  0.00000000e+00   6.01071241e-04   3.53699984e-04  -7.20689659e-03   8.55664961e-16   2.06337191e-14   1.08402578e-15
  8.00000000e-08   7.82009789e-04   4.60430469e-04  -7.30022436e-03   6.86639498e-17   2.13400435e-14   1.35328747e-15
  1.60000000e-07   9.82116644e-04   5.77653369e-04  -7.40071792e-03  -7.78206263e-16   2.20937313e-14   1.62122501e-15
  2.40000000e-07   1.17559468e-03   6.91329636e-04  -7.48935413e-03  -1.65335111e-15   2.27792705e-14   1.84319152e-15
  3.20000000e-07   1.41696253e-03   8.32484670e-04  -7.56602007e-03  -2.63109944e-15   2.35290497e-14   2.09613558e-15
  4.00000000e-07   1.63625079e-03   9.61281880e-04  -7.64028531e-03  -3.61254532e-15   2.41946210e-14   2.27044147e-15
  4.80000000e-07   1.90333936e-03   1.11708166e-03  -7.69029630e-03  -4.68908654e-15   2.48900034e-14   2.45494354e-15
  5.60000000e-07   2.14752225e-03   1.26020523e-03  -7.74346665e-03  -5.76533310e-15   2.55108875e-14   2.55283241e-15
  6.40000000e-07   2.43728346e-03   1.42844892e-03  -7.76182729e-03  -6.91916341e-15   2.61281906e-14   2.63582563e-15
  7.20000000e-07   2.70492772e-03   1.58430173e-03  -7.78871359e-03  -8.06942393e-15   2.66845877e-14   2.62549519e-15
  8.00000000e-07   3.01119358e-03   1.76112353e-03  -7.77003320e-03  -9.26688659e-15   2.71939739e-14   2.57239027e-15
  8.80000000e-07   3.29673457e-03   1.92692790e-03  -7.76454076e-03  -1.04584063e-14   2.76562933e-14   2.42294994e-15
  9.60000000e-07   3.60974484e-03   2.10545640e-03  -7.72030882e-03  -1.16628250e-14   2.80635196e-14   2.20026105e-15
  1.04000000e-06   3.91113713e-03   2.27865783e-03  -7.66217047e-03  -1.28426612e-14   2.83799989e-14   1.88443961e-15
  1.12000000e-06   4.22520415e-03   2.45721825e-03  -7.57700389e-03  -1.40042628e-14   2.86373673e-14   1.47781267e-15
  1.20000000e-06   4.52944652e-03   2.63087245e-03  -7.47729558e-03  -1.51232557e-14   2.88102048e-14   9.75753359e-16
  1.28000000e-06   4.83581484e-03   2.80308717e-03  -7.35308324e-03  -1.61878671e-14   2.89080518e-14   3.74028267e-16
  1.36000000e-06   5.13538616e-03   2.97048046e-03  -7.20885117e-03  -1.71836134e-14   2.89213634e-14  -3.23788879e-16
  1.44000000e-06   5.42506198e-03   3.13188848e-03  -7.05054311e-03  -1.81050635e-14   2.88582009e-14  -1.11203133e-15
  1.52000000e-06   5.70940827e-03   3.28932605e-03  -6.86303830e-03  -1.89268542e-14   2.87004226e-14  -1.98980239e-15
  1.60000000e-06   5.97880505e-03   3.43629413e-03  -6.67845466e-03  -1.96697130e-14   2.84946994e-14  -2.94756981e-15
  1.68000000e-06   6.26418357e-03   3.59134617e-03  -6.48972074e-03  -2.03678702e-14   2.83032716e-14  -3.99728016e-15
  1.76000000e-06   6.48580381e-03   3.70876134e-03  -6.24535006e-03  -2.08058825e-14   2.78304284e-14  -5.08001234e-15
  1.84000000e-06   6.73436685e-03   3.84168298e-03  -6.02603468e-03  -2.12534310e-14   2.74621441e-14  -6.24416416e-15
  1.92000000e-06   6.93948005e-03   3.94627837e-03  -5.77585825e-03  -2.14942440e-14   2.69197031e-14  -7.43200987e-15
  2.00000000e-06   7.14046867e-03   4.05013517e-03  -5.52206053e-03  -2.16428925e-14   2.63557196e-14  -8.65549532e-15
  2.08000000e-06   7.32011793e-03   4.13805362e-03  -5.27677940e-03  -2.16889336e-14   2.57463023e-14  -9.89731954e-15
  2.16000000e-06   7.51718723e-03   4.23615857e-03  -5.01496223e-03  -2.16389882e-14   2.51469127e-14  -1.11941054e-14
  2.24000000e-06   7.64602941e-03   4.29387026e-03  -4.75436661e-03  -2.14125074e-14   2.43818860e-14  -1.24155352e-14
  2.32000000e-06   7.79046475e-03   4.36022438e-03  -4.49407163e-03  -2.11238334e-14   2.36536950e-14  -1.36689104e-14
  2.40000000e-06   7.93679519e-03   4.42711670e-03  -4.24163065e-03  -2.07749348e-14   2.29346393e-14  -1.49357837e-14
  2.48000000e-06   8.03032645e-03   4.46120542e-03  -3.98114505e-03  -2.02539298e-14   2.20853298e-14  -1.61055361e-14
  2.56000000e-06   8.15653779e-03   4.51400178e-03  -3.71741365e-03  -1.96879401e-14   2.13018174e-14  -1.73316697e-14
  2.64000000e-06   8.19881509e-03   4.51980659e-03  -3.49534596e-03  -1.90665781e-14   2.03861893e-14  -1.83620495e-14
  2.72000000e-06   8.27915169e-03   4.54564640e-03  -3.25060474e-03  -1.83583509e-14   1.95253315e-14  -1.94537091e-14
  2.80000000e-06   8.36020882e-03   4.57128456e-03  -3.01720912e-03  -1.76179595e-14   1.86733174e-14  -2.05251843e-14
  2.88000000e-06   8.39215448e-03   4.56834262e-03  -2.80369405e-03  -1.68241667e-14   1.77433309e-14  -2.14479147e-14
  2.96000000e-06   8.44987664e-03   4.57903558e-03  -2.57436922e-03  -1.59548259e-14   1.68476563e-14  -2.24017179e-14
  3.04000000e-06   8.45989110e-03   4.56497466e-03  -2.39529650e-03  -1.51484894e-14   1.59049650e-14  -2.31907860e-14
  3.12000000e-06   8.49069533e-03   4.56009607e-03  -2.20535822e-03  -1.42838798e-14   1.49899407e-14  -2.39981430e-14
  3.20000000e-06   8.51636631e-03   4.55269171e-03  -2.02034342e-03  -1.33920598e-14   1.40678160e-14  -2.47508702e-14
  3.28000000e-06   8.54299596e-03   4.54441256e-03  -1.84479240e-03  -1.24942496e-14   1.31496841e-14  -2.54666783e-14
  3.36000000e-06   8.55060238e-03   4.52574178e-03  -1.70474602e-03  -1.16686504e-14   1.22206193e-14  -2.60840160e-14
  3.44000000e-06   8.55910572e-03   4.50810415e-03  -1.54768530e-03  -1.07632711e-14   1.12822545e-14  -2.66607149e-14
  3.52000000e-06   8.56771318e-03   4.48975592e-03  -1.40081249e-03  -9.86839747e-15   1.03469620e-14  -2.71944073e-14
  3.60000000e-06   8.57791898e-03   4.47111900e-03  -1.26733826e-03  -8.99919115e-15   9.41627257e-15  -2.76903637e-14
  3.68000000e-06   8.58706417e-03   4.45291253e-03  -1.14480322e-03  -8.15138677e-15   8.48478594e-15  -2.81397458e-14
  3.76000000e-06   8.56494516e-03   4.41758798e-03  -1.08409395e-03  -7.49215986e-15   7.54563383e-15  -2.84444324e-14
  3.84000000e-06   8.56254855e-03   4.39085749e-03  -9.85488981e-04  -6.70096284e-15   6.60964369e-15  -2.87728394e-14
  3.92000000e-06   8.55253302e-03   4.36372557e-03  -9.21966310e-04  -6.02706921e-15   5.67851173e-15  -2.90327763e-14
  4.00000000e-06   8.55025301e-03   4.33863518e-03  -8.55876580e-04  -5.34111793e-15   4.74996457e-15  -2.92793924e-14
  4.08000000e-06   8.54807780e-03   4.31351747e-03  -8.01990988e-04  -4.69556931e-15   3.82286649e-15  -2.94867283e-14
  4.16000000e-06   8.54510390e-03   4.28782899e-03  -7.58989410e-04  -4.08728977e-15   2.89665859e-15  -2.96525073e-14
  4.24000000e-06   8.54182227e-03   4.26204317e-03  -7.26619424e-04  -3.51712702e-15   1.97194876e-15  -2.97791973e-14
  4.32000000e-06   8.53803517e-03   4.23591794e-03  -7.07506546e-04  -2.99580678e-15   1.04988201e-15  -2.98669881e-14
  4.40000000e-06   8.53283633e-03   4.20866870e-03  -6.98706177e-04  -2.51384760e-15   1.30536323e-16  -2.99136699e-14
  4.48000000e-06   8.52644214e-03   4.18150819e-03  -7.01310059e-04  -2.07618092e-15  -7.84710207e-16  -2.99207296e-14
  4.56000000e-06   8.51888151e-03   4.15341188e-03  -7.15704473e-04  -1.68493447e-15  -1.69458146e-15  -2.98895042e-14
  4.64000000e-06   8.51050804e-03   4.12427453e-03  -7.43548921e-04  -1.34668755e-15  -2.59763260e-15  -2.98223084e-14
  4.72000000e-06   8.49910434e-03   4.09533999e-03  -7.81695017e-04  -1.04993646e-15  -3.49232926e-15  -2.97120932e-14
  4.80000000e-06   8.48685971e-03   4.06550020e-03  -8.31975861e-04  -8.01612752e-16  -4.37752648e-15  -2.95681772e-14
  4.88000000e-06   8.47346622e-03   4.03455080e-03  -8.95105074e-04  -6.04164286e-16  -5.25173640e-15  -2.93906981e-14
  4.96000000e-06   8.45615899e-03   4.00279786e-03  -9.69153290e-04  -4.50169604e-16  -6.11187368e-15  -2.91711342e-14
  5.04000000e-06   8.43808464e-03   3.97143279e-03  -1.05523245e-03  -3.41894118e-16  -6.95828195e-15  -2.89218556e-14
  5.12000000e-06   8.42706205e-03   3.94266979e-03  -1.11790394e-03  -1.51887071e-16  -7.80432808e-15  -2.86695925e-14
  5.20000000e-06   8.39401046e-03   3.90439093e-03  -1.22024594e-03  -1.12650403e-16  -8.60787877e-15  -2.83173346e-14
  5.28000000e-06   8.35779967e-03   3.86529014e-03  -1.33468045e-03  -1.18922898e-16  -9.38792046e-15  -2.79325063e-14
  5.36000000e-06   8.31955543e-03   3.82448937e-03  -1.46156165e-03  -1.71519889e-16  -1.01442602e-14  -2.75209633e-14
  5.44000000e-06   8.27592950e-03   3.78269780e-03  -1.59827666e-03  -2.59282965e-16  -1.08717772e-14  -2.70731946e-14
  5.52000000e-06   8.24170552e-03   3.74611299e-03  -1.69840884e-03  -2.16828554e-16  -1.15992815e-14  -2.66362580e-14
  5.60000000e-06   8.17928323e-03   3.69589897e-03  -1.84777216e-03  -3.58167880e-16  -1.22531809e-14  -2.60941669e-14
  5.68000000e-06   8.11234819e-03   3.64492292e-03  -2.00583116e-03  -5.28231837e-16  -1.28717563e-14  -2.55264557e-14
  5.76000000e-06   8.06937775e-03   3.60505248e-03  -2.13162064e-03  -5.73614004e-16  -1.35112137e-14  -2.50219676e-14
  5.84000000e-06   7.97774006e-03   3.54465605e-03  -2.29341488e-03  -7.67209174e-16  -1.40328536e-14  -2.43576665e-14
  5.92000000e-06   7.87966029e-03   3.48205098e-03  -2.47094270e-03  -1.01212605e-15  -1.45072968e-14  -2.36712719e-14
  6.00000000e-06   7.78915365e-03   3.42397400e-03  -2.62938084e-03  -1.18673438e-15  -1.49675763e-14  -2.30062712e-14
  6.08000000e-06   7.69008896e-03   3.36209559e-03  -2.78872979e-03  -1.36876094e-15  -1.53792601e-14  -2.23156922e-14
  6.16000000e-06   7.58860634e-03   3.30107738e-03  -2.95388103e-03  -1.56269538e-15  -1.57534932e-14  -2.16197536e-14
  6.24000000e-06   7.47265903e-03   3.23301367e-03  -3.11020514e-03  -1.74257025e-15  -1.60658811e-14  -2.08869974e-14
  6.32000000e-06   7.35168058e-03   3.16399153e-03  -3.27406379e-03  -1.94329256e-15  -1.63328044e-14  -2.01472315e-14
  6.40000000e-06   7.22670143e-03   3.09488472e-03  -3.42767979e-03  -2.11229910e-15  -1.65594631e-14  -1.94051336e-14
  6.48000000e-06   7.08997419e-03   3.02097340e-03  -3.58384446e-03  -2.29725556e-15  -1.67249437e-14  -1.86428550e-14
  6.56000000e-06   6.95432888e-03   2.94923915e-03  -3.73291118e-03  -2.45549806e-15  -1.68615887e-14  -1.78962732e-14
  6.64000000e-06   6.80489185e-03   2.87193001e-03  -3.87875439e-03  -2.61759966e-15  -1.69318993e-14  -1.71291362e-14
  6.72000000e-06   6.65897370e-03   2.79762672e-03  -4.01902102e-03  -2.75660407e-15  -1.69802989e-14  -1.63872474e-14
  6.80000000e-06   6.49844833e-03   2.71702818e-03  -4.15380912e-03  -2.89804167e-15  -1.69599853e-14  -1.56274711e-14
  6.88000000e-06   6.34448290e-03   2.64096213e-03  -4.28253681e-03  -3.01295185e-15  -1.69277003e-14  -1.49026243e-14
  6.96000000e-06   6.17703907e-03   2.55950050e-03  -4.40522252e-03  -3.12924054e-15  -1.68299638e-14  -1.41663086e-14
  7.04000000e-06   6.01796558e-03   2.48282338e-03  -4.51990476e-03  -3.21545622e-15  -1.67280806e-14  -1.34700569e-14
  7.12000000e-06   5.84654262e-03   2.40163060e-03  -4.62910539e-03  -3.30464519e-15  -1.65646238e-14  -1.27676627e-14
  7.20000000e-06   5.68453571e-03   2.32550194e-03  -4.72869411e-03  -3.36130399e-15  -1.64030439e-14  -1.21075209e-14
  7.28000000e-06   5.51936631e-03   2.24953867e-03  -4.82876612e-03  -3.42229119e-15  -1.62079800e-14  -1.14624223e-14
  7.36000000e-06   5.34793203e-03   2.17005493e-03  -4.90905307e-03  -3.45689696e-15  -1.59716591e-14  -1.08262483e-14
  7.44000000e-06   5.18419713e-03   2.09551790e-03  -4.99235392e-03  -3.48852137e-15  -1.57362204e-14  -1.02277833e-14
  7.52000000e-06   5.01484851e-03   2.01939507e-03  -5.06140329e-03  -3.50256163e-15  -1.54629446e-14  -9.63973968e-15
  7.60000000e-06   4.85470284e-03   1.94802961e-03  -5.12840445e-03  -3.50463731e-15  -1.51982863e-14  -9.09068015e-15
  7.68000000e-06   4.68814945e-03   1.87461729e-03  -5.18663094e-03  -3.50356550e-15  -1.48950123e-14  -8.55038401e-15
  7.76000000e-06   4.53219416e-03   1.80651131e-03  -5.24010675e-03  -3.48445989e-15  -1.46075244e-14  -8.04962740e-15
  7.84000000e-06   4.37703753e-03   1.73880880e-03  -5.28980336e-03  -3.46491667e-15  -1.43063406e-14  -7.56966916e-15
  7.92000000e-06   4.22158104e-03   1.67198594e-03  -5.32783178e-03  -3.43043799e-15  -1.39883113e-14  -7.10798187e-15
  8.00000000e-06   4.07389388e-03   1.60922990e-03  -5.36547673e-03  -3.39039689e-15  -1.36811126e-14  -6.67753761e-15
  8.08000000e-06   3.92873741e-03   1.54669367e-03  -5.39902449e-03  -3.35099475e-15  -1.33686937e-14  -6.26825315e-15
  8.16000000e-06   3.78622690e-03   1.48619039e-03  -5.42109641e-03  -3.29532665e-15  -1.30515550e-14  -5.87961319e-15
  8.24000000e-06   3.64803645e-03   1.42828839e-03  -5.44392588e-03  -3.24083331e-15  -1.27372100e-14  -5.51350035e-15
  8.32000000e-06   3.51205566e-03   1.37115609e-03  -5.45968649e-03  -3.18184057e-15  -1.24185845e-14  -5.16561144e-15
  8.40000000e-06   3.38475418e-03   1.31816593e-03  -5.47348514e-03  -3.11464887e-15  -1.21186763e-14  -4.84458191e-15
  8.48000000e-06   3.25911227e-03   1.26633894e-03  -5.48460441e-03  -3.04806741e-15  -1.18147246e-14  -4.53914957e-15
  8.56000000e-06   3.13737595e-03   1.21589937e-03  -5.49055190e-03  -2.97804995e-15  -1.15144773e-14  -4.25161412e-15
  8.64000000e-06   3.02125985e-03   1.16815261e-03  -5.49506101e-03  -2.90514687e-15  -1.12249923e-14  -3.98352404e-15
  8.72000000e-06   2.90731845e-03   1.12151996e-03  -5.49685792e-03  -2.83296396e-15  -1.09349549e-14  -3.72942122e-15
  8.80000000e-06   2.79879857e-03   1.07753911e-03  -5.49492696e-03  -2.75495221e-15  -1.06556903e-14  -3.49276332e-15
  8.88000000e-06   2.69443241e-03   1.03563398e-03  -5.49134611e-03  -2.67552714e-15  -1.03837789e-14  -3.27111440e-15
  8.96000000e-06   2.59416426e-03   9.95479152e-04  -5.49586308e-03  -2.60617111e-15  -1.01216714e-14  -3.06353134e-15
  9.04000000e-06   2.49559116e-03   9.55826084e-04  -5.48084577e-03  -2.52078777e-15  -9.85553185e-15  -2.86653388e-15
  9.12000000e-06   2.40312307e-03   9.18661296e-04  -5.47461862e-03  -2.44338402e-15  -9.60707945e-15  -2.68464447e-15
  9.20000000e-06   2.31131606e-03   8.82717060e-04  -5.46617091e-03  -2.36617055e-15  -9.35539250e-15  -2.51128858e-15
  9.28000000e-06   2.22524412e-03   8.48560675e-04  -5.44891832e-03  -2.28074177e-15  -9.11673944e-15  -2.35116642e-15
  9.36000000e-06   2.14191742e-03   8.16187834e-04  -5.43756736e-03  -2.20135559e-15  -8.88466630e-15  -2.20074119e-15
  9.44000000e-06   2.06223990e-03   7.84457721e-04  -5.42442614e-03  -2.12419384e-15  -8.66070724e-15  -2.06004389e-15
  9.52000000e-06   1.98599592e-03   7.54642399e-04  -5.40571023e-03  -2.04137240e-15  -8.44335365e-15  -1.92867717e-15
  9.60000000e-06   1.91282458e-03   7.26399647e-04  -5.39090480e-03  -1.96234092e-15  -8.23413003e-15  -1.80579762e-15
  9.68000000e-06   1.84222613e-03   6.99543950e-04  -5.37547352e-03  -1.88342204e-15  -8.03026970e-15  -1.69049589e-15
  9.76000000e-06   1.77602648e-03   6.73533310e-04  -5.35562340e-03  -1.80334622e-15  -7.83728863e-15  -1.58365608e-15
  9.84000000e-06   1.71297890e-03   6.48954187e-04  -5.33879893e-03  -1.72576093e-15  -7.65319294e-15  -1.48399739e-15
  9.92000000e-06   1.65178011e-03   6.24931491e-04  -5.32059153e-03  -1.65011512e-15  -7.47226676e-15  -1.38993608e-15
  1.00000000e-05   1.59222708e-03   6.02156816e-04  -5.30010617e-03  -1.57326025e-15  -7.29364282e-15  -1.30127663e-15
  1.00800000e-05   1.53617822e-03   5.80981058e-04  -5.28113282e-03  -1.49650336e-15  -7.12520958e-15  -1.21915276e-15
  1.01600000e-05   1.48185605e-03   5.60789342e-04  -5.26157639e-03  -1.42034738e-15  -6.96013508e-15  -1.14184790e-15
  1.02400000e-05   1.42990190e-03   5.41345398e-04  -5.24107552e-03  -1.34524990e-15  -6.80069657e-15  -1.06945629e-15
  1.03200000e-05   1.38098616e-03   5.22946883e-04  -5.22113180e-03  -1.27097809e-15  -6.64990206e-15  -1.00222498e-15
  1.04000000e-05   1.33396486e-03   5.05609822e-04  -5.20483446e-03  -1.19897993e-15  -6.50487215e-15  -9.39189205e-16
  1.04800000e-05   1.28919855e-03   4.88386762e-04  -5.18089220e-03  -1.12596822e-15  -6.36315833e-15  -8.80018094e-16
  1.05600000e-05   1.24517084e-03   4.71536895e-04  -5.16079000e-03  -1.05761440e-15  -6.22339921e-15  -8.23802743e-16
  1.06400000e-05   1.20355950e-03   4.56005403e-04  -5.14153661e-03  -9.88557158e-16  -6.09061353e-15  -7.71586460e-16
  1.07200000e-05   1.16401913e-03   4.41449805e-04  -5.11905237e-03  -9.17812610e-16  -5.96220545e-15  -7.22861499e-16
  1.08000000e-05   1.12684640e-03   4.27573695e-04  -5.09891336e-03  -8.49123292e-16  -5.84129692e-15  -6.77480906e-16
  1.08800000e-05   1.09023401e-03   4.14330137e-04  -5.07937782e-03  -7.81624117e-16  -5.72087088e-15  -6.34424633e-16
  1.09600000e-05   1.05475390e-03   4.02072255e-04  -5.05879852e-03  -7.13198650e-16  -5.60244719e-15  -5.93982469e-16
  1.10400000e-05   1.02237034e-03   3.89701722e-04  -5.03699190e-03  -6.47684879e-16  -5.49304442e-15  -5.56447725e-16
  1.11200000e-05   9.91501116e-04   3.77825261e-04  -5.01646164e-03  -5.83793567e-16  -5.38801697e-15  -5.21196229e-16
  1.12000000e-05   9.61666974e-04   3.66546211e-04  -4.99608918e-03  -5.20548775e-16  -5.28528595e-15  -4.87960887e-16
  1.12800000e-05   9.33285304e-04   3.56339139e-04  -4.97478722e-03  -4.55779738e-16  -5.18598857e-15  -4.56972959e-16
  1.13600000e-05   9.05129810e-04   3.46456021e-04  -4.95450454e-03  -3.92826159e-16  -5.08649211e-15  -4.27450307e-16
  1.14400000e-05   8.78478969e-04   3.37253037e-04  -4.93410497e-03  -3.29917913e-16  -4.99099995e-15  -3.99881204e-16
  1.15200000e-05   8.53487958e-04   3.28109869e-04  -4.91394009e-03  -2.69274676e-16  -4.90025328e-15  -3.73965519e-16
  1.16000000e-05   8.30050715e-04   3.19601982e-04  -4.89450702e-03  -2.08877522e-16  -4.81412131e-15  -3.49776115e-16
  1.16800000e-05   8.06478842e-04   3.11205517e-04  -4.87487489e-03  -1.50246054e-16  -4.72623148e-15  -3.26572397e-16
  1.17600000e-05   7.85051092e-04   3.03349145e-04  -4.85316427e-03  -9.13575355e-17  -4.64409802e-15  -3.05059425e-16
  1.18400000e-05   7.63591450e-04   2.95960317e-04  -4.83326536e-03  -3.34073950e-17  -4.56141226e-15  -2.84591579e-16
  1.19200000e-05   7.43272730e-04   2.88993405e-04  -4.81355670e-03   2.39456332e-17  -4.48179242e-15  -2.65377640e-16
  1.20000000e-05   7.24624509e-04   2.81994283e-04  -4.79356372e-03   7.92611030e-17  -4.40701655e-15  -2.47273011e-16
  1.20800000e-05   7.07026959e-04   2.75647909e-04  -4.77314895e-03   1.35086645e-16  -4.33484704e-15  -2.30326277e-16
  1.21600000e-05   6.89569389e-04   2.69531988e-04  -4.75364033e-03   1.89695162e-16  -4.26253643e-15  -2.14168904e-16
  1.22400000e-05   6.72408760e-04   2.64000578e-04  -4.73404141e-03   2.44596039e-16  -4.19028550e-15  -1.98935580e-16
  1.23200000e-05   6.56938228e-04   2.58598169e-04  -4.71399376e-03   2.98224762e-16  -4.12300767e-15  -1.84617764e-16
  1.24000000e-05   6.42082510e-04   2.53320457e-04  -4.69433224e-03   3.50519966e-16  -4.05718686e-15  -1.70994648e-16
  1.24800000e-05   6.27843489e-04   2.48141901e-04  -4.67452876e-03   4.01510194e-16  -3.99266794e-15  -1.58018634e-16
  1.25600000e-05   6.14019995e-04   2.43390314e-04  -4.65489012e-03   4.52376462e-16  -3.92886862e-15  -1.45756475e-16
  1.26400000e-05   6.00805895e-04   2.38992345e-04  -4.63529492e-03   5.02896958e-16  -3.86646057e-15  -1.34168598e-16
  1.27200000e-05   5.87976975e-04   2.34294770e-04  -4.61619302e-03   5.50709029e-16  -3.80483856e-15  -1.22969196e-16
  1.28000000e-05   5.76425673e-04   2.30592360e-04  -4.59599344e-03   6.00662120e-16  -3.74665724e-15  -1.12644518e-16
  1.28800000e-05   5.65157298e-04   2.26875646e-04  -4.57740238e-03   6.48997126e-16  -3.68932576e-15  -1.02729160e-16
  1.29600000e-05   5.54226896e-04   2.23413349e-04  -4.55843101e-03   6.96829900e-16  -3.63235218e-15  -9.33027378e-17
  1.30400000e-05   5.44176131e-04   2.19945319e-04  -4.53849334e-03   7.43245494e-16  -3.57750328e-15  -8.42567371e-17
  1.31200000e-05   5.34104905e-04   2.16474858e-04  -4.51903092e-03   7.88228206e-16  -3.52209672e-15  -7.55579773e-17
  1.32000000e-05   5.24839274e-04   2.13166934e-04  -4.49930863e-03   8.32432135e-16  -3.46886708e-15  -6.72447055e-17
  1.32800000e-05   5.15595865e-04   2.10035799e-04  -4.47992284e-03   8.75929900e-16  -3.41522497e-15  -5.93076446e-17
  1.33600000e-05   5.07540592e-04   2.07490581e-04  -4.46036566e-03   9.20225084e-16  -3.36520848e-15  -5.18337501e-17
  1.34400000e-05   4.99512048e-04   2.04990194e-04  -4.44123617e-03   9.63426709e-16  -3.31484767e-15  -4.46425295e-17
  1.35200000e-05   4.91684004e-04   2.02516780e-04  -4.42229539e-03   1.00548400e-15  -3.26472054e-15  -3.77135123e-17
  1.36000000e-05   4.84076699e-04   2.00026437e-04  -4.40279787e-03   1.04620312e-15  -3.21466802e-15  -3.10202839e-17
  1.36800000e-05   4.76825519e-04   1.97731383e-04  -4.38352267e-03   1.08640614e-15  -3.16547384e-15  -2.46120204e-17
  1.37600000e-05   4.70293754e-04   1.95632058e-04  -4.36383189e-03   1.12608336e-15  -3.11824513e-15  -1.84330522e-17
  1.38400000e-05   4.63899337e-04   1.93631107e-04  -4.34451762e-03   1.16498301e-15  -3.07116882e-15  -1.24844637e-17
  1.39200000e-05   4.58372262e-04   1.91572695e-04  -4.32541839e-03   1.20257877e-15  -3.02684397e-15  -6.61945364e-18
  1.40000000e-05   4.50851925e-04   1.89358118e-04  -4.30615912e-03   1.23841990e-15  -2.97487202e-15  -1.15466502e-18
  1.40800000e-05   4.45233490e-04   1.87335559e-04  -4.28641712e-03   1.27372134e-15  -2.92922170e-15   4.28236763e-18
  1.41600000e-05   4.39985883e-04   1.86150377e-04  -4.26721112e-03   1.31102916e-15  -2.88467524e-15   9.33887247e-18
  1.42400000e-05   4.34189875e-04   1.84300659e-04  -4.24833590e-03   1.34487684e-15  -2.83789776e-15   1.43363145e-17
  1.43200000e-05   4.30168459e-04   1.83084620e-04  -4.22867254e-03   1.37982735e-15  -2.79693217e-15   1.92691540e-17
  1.44000000e-05   4.25073696e-04   1.81407836e-04  -4.20924598e-03   1.41212300e-15  -2.75184680e-15   2.40066203e-17
  1.44800000e-05   4.20045011e-04   1.79991784e-04  -4.18992729e-03   1.44431547e-15  -2.70673574e-15   2.85177528e-17
  1.45600000e-05   4.15286314e-04   1.78609651e-04  -4.17050912e-03   1.47556528e-15  -2.66229085e-15   3.29147404e-17
  1.46400000e-05   4.11374323e-04   1.77605908e-04  -4.15025282e-03   1.50699099e-15  -2.62039903e-15   3.72360568e-17
  1.47200000e-05   4.08076519e-04   1.77042491e-04  -4.13079173e-03   1.53919046e-15  -2.58066861e-15   4.14495575e-17
  1.48000000e-05   4.04038707e-04   1.75734898e-04  -4.11110520e-03   1.56769689e-15  -2.53797901e-15   4.55835431e-17
  1.48800000e-05   4.01564024e-04   1.75009608e-04  -4.09106416e-03   1.59726624e-15  -2.50062195e-15   4.98089942e-17
  1.49600000e-05   3.98586362e-04   1.73704988e-04  -4.07135979e-03   1.62390838e-15  -2.46136413e-15   5.39663692e-17
  1.50400000e-05   3.97017833e-04   1.73409117e-04  -4.05176503e-03   1.65332969e-15  -2.42701351e-15   5.81314810e-17
  1.51200000e-05   3.94217962e-04   1.72701795e-04  -4.03189263e-03   1.68032756e-15  -2.38797774e-15   6.20074212e-17
  1.52000000e-05   3.92211949e-04   1.72486521e-04  -4.01173188e-03   1.70811297e-15  -2.35156745e-15   6.58889073e-17
  1.52800000e-05   3.91586466e-04   1.72293189e-04  -3.99180367e-03   1.73524689e-15  -2.32003903e-15   7.00866819e-17
  1.53600000e-05   3.91306025e-04   1.72717591e-04  -3.97108200e-03   1.76355338e-15  -2.28944270e-15   7.42019513e-17
  1.54400000e-05   3.89594396e-04   1.72568882e-04  -3.95067126e-03   1.78911822e-15  -2.25361295e-15   7.79935723e-17
  1.55200000e-05   3.85624391e-04   1.71270443e-04  -3.93104428e-03   1.80985706e-15  -2.20975435e-15   8.12657896e-17
  1.56000000e-05   3.87030167e-04   1.71972495e-04  -3.90986484e-03   1.83653097e-15  -2.18485593e-15   8.56954847e-17
  1.56800000e-05   3.85453357e-04   1.71517105e-04  -3.88955767e-03   1.85858490e-15  -2.14931158e-15   8.94071045e-17
  1.57600000e-05   3.84540865e-04   1.71549341e-04  -3.86937923e-03   1.88163743e-15  -2.11613834e-15   9.31788603e-17
  1.58400000e-05   3.83914589e-04   1.71724880e-04  -3.84839641e-03   1.90419239e-15  -2.08379623e-15   9.69774266e-17
  1.59200000e-05   3.82721477e-04   1.71570429e-04  -3.82742014e-03   1.92478368e-15  -2.04940055e-15   1.00600276e-16
  1.60000000e-05   3.81272050e-04   1.71281669e-04  -3.80677818e-03   1.94423689e-15  -2.01414500e-15   1.04103010e-16
  1.60800000e-05   3.78990582e-04   1.70691401e-04  -3.78597138e-03   1.96173354e-15  -1.97590458e-15   1.07293102e-16
  1.61600000e-05   3.78152787e-04   1.70663122e-04  -3.76506332e-03   1.98047031e-15  -1.94287089e-15   1.10846463e-16
  1.62400000e-05   3.74832625e-04   1.70105104e-04  -3.74379916e-03   1.99628651e-15  -1.90094229e-15   1.13497896e-16
  1.63200000e-05   3.76032151e-04   1.70890623e-04  -3.72226793e-03   2.01616597e-15  -1.87528424e-15   1.17582813e-16
  1.64000000e-05   3.72896431e-04   1.70254160e-04  -3.70129185e-03   2.03041677e-15  -1.83417646e-15   1.20190197e-16
  1.64800000e-05   3.71744638e-04   1.70041729e-04  -3.68017965e-03   2.04534849e-15  -1.80030574e-15   1.23423386e-16
  1.65600000e-05   3.71198710e-04   1.70081911e-04  -3.65930318e-03   2.06057946e-15  -1.76874724e-15   1.26814452e-16
  1.66400000e-05   3.70144273e-04   1.69918101e-04  -3.63825584e-03   2.07432419e-15  -1.73545688e-15   1.29983625e-16
  1.67200000e-05   3.70276896e-04   1.70017568e-04  -3.61667744e-03   2.08812741e-15  -1.70650874e-15   1.33561502e-16
  1.68000000e-05   3.70162527e-04   1.70178039e-04  -3.59532894e-03   2.10160032e-15  -1.67683657e-15   1.37003578e-16
  1.68800000e-05   3.71399527e-04   1.70627908e-04  -3.57372208e-03   2.11539080e-15  -1.65214105e-15   1.40960533e-16
  1.69600000e-05   3.70797866e-04   1.71185912e-04  -3.55237905e-03   2.12907873e-15  -1.62100102e-15   1.44118999e-16
  1.70400000e-05   3.70422021e-04   1.71732056e-04  -3.53080085e-03   2.14197088e-15  -1.59080838e-15   1.47343452e-16
  1.71200000e-05   3.70711215e-04   1.72346703e-04  -3.50899249e-03   2.15441298e-15  -1.56315487e-15   1.50829752e-16
  1.72000000e-05   3.70953575e-04   1.72940152e-04  -3.48726472e-03   2.16622350e-15  -1.53551686e-15   1.54280181e-16
  1.72800000e-05   3.70437810e-04   1.73262236e-04  -3.46606616e-03   2.17667791e-15  -1.50537105e-15   1.57382986e-16
  1.73600000e-05   3.70958283e-04   1.73403813e-04  -3.44378274e-03   2.18543448e-15  -1.47911002e-15   1.60933992e-16
  1.74400000e-05   3.68452685e-04   1.73247911e-04  -3.42219773e-03   2.19284270e-15  -1.44224807e-15   1.63080091e-16
  1.75200000e-05   3.68433829e-04   1.73446541e-04  -3.40023461e-03   2.20069950e-15  -1.41455186e-15   1.66301177e-16
  1.76000000e-05   3.69926069e-04   1.74018382e-04  -3.37796033e-03   2.20923348e-15  -1.39251307e-15   1.70200396e-16
  1.76800000e-05   3.69296529e-04   1.74218245e-04  -3.35537437e-03   2.21574466e-15  -1.36311083e-15   1.73091873e-16
  1.77600000e-05   3.70388456e-04   1.74672582e-04  -3.33322305e-03   2.22283835e-15  -1.34016031e-15   1.76773169e-16
  1.78400000e-05   3.71148502e-04   1.75120297e-04  -3.31108348e-03   2.22941774e-15  -1.31628469e-15   1.80284458e-16
  1.79200000e-05   3.73109103e-04   1.76142671e-04  -3.28849820e-03   2.23737078e-15  -1.29698357e-15   1.84378770e-16
  1.80000000e-05   3.73664785e-04   1.76942407e-04  -3.26601993e-03   2.24411852e-15  -1.27290441e-15   1.87787370e-16
  1.80800000e-05   3.76728173e-04   1.78444552e-04  -3.24408468e-03   2.25323682e-15  -1.25806215e-15   1.92462133e-16
  1.81600000e-05   3.77123106e-04   1.79829479e-04  -3.22086507e-03   2.26085157e-15  -1.23394674e-15   1.95822971e-16
  1.82400000e-05   3.79911331e-04   1.81346581e-04  -3.19878596e-03   2.26907712e-15  -1.21863762e-15   2.00404888e-16
  1.83200000e-05   3.82913455e-04   1.82997413e-04  -3.17570316e-03   2.27694026e-15  -1.20438933e-15   2.05142262e-16
  1.84000000e-05   3.82792375e-04   1.83287527e-04  -3.15326540e-03   2.27979713e-15  -1.17922808e-15   2.08213099e-16
  1.84800000e-05   3.84143838e-04   1.84058687e-04  -3.13003987e-03   2.28352539e-15  -1.15972143e-15   2.12056533e-16
  1.85600000e-05   3.83734550e-04   1.84228086e-04  -3.10742965e-03   2.28494207e-15  -1.13420952e-15   2.14922958e-16
  1.86400000e-05   3.86158400e-04   1.85193407e-04  -3.08402737e-03   2.28842733e-15  -1.11923764e-15   2.19330091e-16
  1.87200000e-05   3.83996985e-04   1.84694114e-04  -3.06151484e-03   2.28670027e-15  -1.08812980e-15   2.21169871e-16
  1.88000000e-05   3.85149869e-04   1.85233032e-04  -3.03835435e-03   2.28787706e-15  -1.06932626e-15   2.24825984e-16
  1.88800000e-05   3.84970583e-04   1.85611634e-04  -3.01494187e-03   2.28793916e-15  -1.04614801e-15   2.27736406e-16
  1.89600000e-05   3.86381579e-04   1.85549264e-04  -2.99191528e-03   2.28622251e-15  -1.02899431e-15   2.31432064e-16
  1.90400000e-05   3.87217822e-04   1.86563710e-04  -2.96885094e-03   2.28798746e-15  -1.01016425e-15   2.34935855e-16
  1.91200000e-05   3.89364105e-04   1.88263636e-04  -2.94569959e-03   2.29180753e-15  -9.96366366e-16   2.39253193e-16
  1.92000000e-05   3.90422745e-04   1.89118526e-04  -2.92277957e-03   2.29241783e-15  -9.78995424e-16   2.42873563e-16
  1.92800000e-05   3.93786908e-04   1.90808857e-04  -2.89965095e-03   2.29558460e-15  -9.70245669e-16   2.47905595e-16
  1.93600000e-05   3.97907187e-04   1.92813644e-04  -2.87598236e-03   2.29936329e-15  -9.64604062e-16   2.53459258e-16
  1.94400000e-05   3.98399006e-04   1.94100432e-04  -2.85306360e-03   2.30067780e-15  -9.46233351e-16   2.56889979e-16
  1.95200000e-05   4.00931685e-04   1.95582822e-04  -2.82964003e-03   2.30209423e-15  -9.35594627e-16   2.61516049e-16
  1.96000000e-05   4.03715086e-04   1.97550880e-04  -2.80607639e-03   2.30489473e-15  -9.26241799e-16   2.66400764e-16
  1.96800000e-05   4.03857718e-04   1.97709469e-04  -2.78299719e-03   2.30122585e-15  -9.07734099e-16   2.69457762e-16
  1.97600000e-05   4.05868476e-04   1.98922741e-04  -2.75968404e-03   2.30087829e-15  -8.96336300e-16   2.73782171e-16
  1.98400000e-05   4.07567339e-04   2.00223616e-04  -2.73653862e-03   2.30068940e-15  -8.84156999e-16   2.77963096e-16
  1.99200000e-05   4.08030015e-04   2.00692840e-04  -2.71338382e-03   2.29721731e-15  -8.67969721e-16   2.81249671e-16
  2.00000000e-05   4.10197136e-04   2.02579413e-04  -2.68948898e-03   2.29807930e-15  -8.58423598e-16   2.85841140e-16
  2.00800000e-05   4.11792535e-04   2.03604300e-04  -2.66601205e-03   2.29587925e-15  -8.47116681e-16   2.89927173e-16
  2.01600000e-05   4.13980175e-04   2.05064838e-04  -2.64209997e-03   2.29472675e-15  -8.38419068e-16   2.94478302e-16
  2.02400000e-05   4.16501345e-04   2.06864436e-04  -2.61812834e-03   2.29452757e-15  -8.31307098e-16   2.99338245e-16
  2.03200000e-05   4.18250270e-04   2.07768371e-04  -2.59434560e-03   2.29102530e-15  -8.21793911e-16   3.03536726e-16
  2.04000000e-05   4.21151091e-04   2.09148030e-04  -2.57100544e-03   2.28927987e-15  -8.16662012e-16   3.08567789e-16
  2.04800000e-05   4.22611404e-04   2.10521604e-04  -2.54691113e-03   2.28683445e-15  -8.07006309e-16   3.12751413e-16
  2.05600000e-05   4.24720131e-04   2.11515256e-04  -2.52335554e-03   2.28314497e-15  -7.99912518e-16   3.17237868e-16
  2.06400000e-05   4.26627115e-04   2.12781037e-04  -2.49933082e-03   2.27992501e-15  -7.92646770e-16   3.21693160e-16
  2.07200000e-05   4.29698503e-04   2.14693610e-04  -2.47589445e-03   2.27918532e-15  -7.89736109e-16   3.27078249e-16
  2.08000000e-05   4.31718220e-04   2.16248926e-04  -2.45207166e-03   2.27675745e-15  -7.83585912e-16   3.31747262e-16
  2.08800000e-05   4.34226625e-04   2.17898401e-04  -2.42836304e-03   2.27455518e-15  -7.79528059e-16   3.36776045e-16
  2.09600000e-05   4.35663325e-04   2.18925283e-04  -2.40425360e-03   2.26969836e-15  -7.72197069e-16   3.40966889e-16
  2.10400000e-05   4.39531220e-04   2.21710302e-04  -2.38116239e-03   2.27156646e-15  -7.73540223e-16   3.47276836e-16
  2.11200000e-05   4.41990158e-04   2.22425416e-04  -2.35682949e-03   2.26514091e-15  -7.70713381e-16   3.52059301e-16
  2.12000000e-05   4.45552056e-04   2.25046531e-04  -2.33293528e-03   2.26561903e-15  -7.72030956e-16   3.58221822e-16
  2.12800000e-05   4.49128327e-04   2.27237419e-04  -2.30931632e-03   2.26461399e-15  -7.73671430e-16   3.64304876e-16
  2.13600000e-05   4.51828532e-04   2.29089032e-04  -2.28578366e-03   2.26232658e-15  -7.72547117e-16   3.69764489e-16
  2.14400000e-05   4.53640615e-04   2.30809301e-04  -2.26210910e-03   2.25932189e-15  -7.68717350e-16   3.74647298e-16
  2.15200000e-05   4.55780053e-04   2.32586842e-04  -2.23804947e-03   2.25610809e-15  -7.66587218e-16   3.79790963e-16
  2.16000000e-05   4.58235676e-04   2.34477859e-04  -2.21412047e-03   2.25322754e-15  -7.65925023e-16   3.85216974e-16
  2.16800000e-05   4.60775902e-04   2.36246452e-04  -2.19007875e-03   2.24969813e-15  -7.65998047e-16   3.90690228e-16
  2.17600000e-05   4.63569324e-04   2.37799677e-04  -2.16621350e-03   2.24538946e-15  -7.67297211e-16   3.96281643e-16
  2.18400000e-05   4.67092043e-04   2.39710841e-04  -2.14247829e-03   2.24230994e-15  -7.71516703e-16   4.02535799e-16
  2.19200000e-05   4.71597265e-04   2.42175137e-04  -2.11844252e-03   2.24090176e-15  -7.79709413e-16   4.09724078e-16
  2.20000000e-05   4.73244118e-04   2.43588456e-04  -2.09415200e-03   2.23549412e-15  -7.78292335e-16   4.14655390e-16
  2.20800000e-05   4.76774357e-04   2.45466887e-04  -2.07019202e-03   2.23180929e-15  -7.83797256e-16   4.21059090e-16
  2.21600000e-05   4.79749744e-04   2.46803249e-04  -2.04651915e-03   2.22628732e-15  -7.87614339e-16   4.26907802e-16
  2.22400000e-05   4.84553694e-04   2.49801011e-04  -2.02321377e-03   2.22677743e-15  -7.98096443e-16   4.34767667e-16
  2.23200000e-05   4.84674194e-04   2.50115997e-04  -1.99849812e-03   2.21673170e-15  -7.93080723e-16   4.38344407e-16
  2.24000000e-05   4.89527507e-04   2.52990864e-04  -1.97560030e-03   2.21683595e-15  -8.04304076e-16   4.46305153e-16
  2.24800000e-05   4.90945422e-04   2.53747033e-04  -1.95141706e-03   2.20848187e-15  -8.04403606e-16   4.51020470e-16
  2.25600000e-05   4.93349809e-04   2.55333797e-04  -1.92741428e-03   2.20304462e-15  -8.08308600e-16   4.56820906e-16
  2.26400000e-05   4.96434200e-04   2.57367840e-04  -1.90320892e-03   2.19893261e-15  -8.15099838e-16   4.63346329e-16
  2.27200000e-05   4.99660117e-04   2.59248257e-04  -1.87942793e-03   2.19446236e-15  -8.22564634e-16   4.69949849e-16
  2.28000000e-05   5.04092321e-04   2.62078277e-04  -1.85559783e-03   2.19321436e-15  -8.34666597e-16   4.77923890e-16
  2.28800000e-05   5.08669758e-04   2.65103751e-04  -1.83216764e-03   2.19285480e-15  -8.47419472e-16   4.86191777e-16
  2.29600000e-05   5.13760064e-04   2.68380603e-04  -1.80903176e-03   2.19349478e-15  -8.62172191e-16   4.95038143e-16
  2.30400000e-05   5.16891646e-04   2.70641687e-04  -1.78548822e-03   2.19021083e-15  -8.70583314e-16   5.02095469e-16
  2.31200000e-05   5.19324115e-04   2.72560459e-04  -1.76137393e-03   2.18521075e-15  -8.77219422e-16   5.08544660e-16
  2.32000000e-05   5.21482986e-04   2.74359751e-04  -1.73814634e-03   2.18029300e-15  -8.82794161e-16   5.14791247e-16
  2.32800000e-05   5.24855434e-04   2.76589389e-04  -1.71470797e-03   2.17662306e-15  -8.93111486e-16   5.22180626e-16
  2.33600000e-05   5.28905623e-04   2.78865669e-04  -1.69101817e-03   2.17284680e-15  -9.06305706e-16   5.30150037e-16
  2.34400000e-05   5.33033996e-04   2.81245837e-04  -1.66750946e-03   2.16947361e-15  -9.20028755e-16   5.38317143e-16
  2.35200000e-05   5.36193720e-04   2.82920130e-04  -1.64293102e-03   2.16276787e-15  -9.31340454e-16   5.45468785e-16
  2.36000000e-05   5.39680783e-04   2.85519583e-04  -1.61918687e-03   2.15978674e-15  -9.43687603e-16   5.53459345e-16
  2.36800000e-05   5.43961472e-04   2.87394566e-04  -1.59526031e-03   2.15404601e-15  -9.59283817e-16   5.61679543e-16
  2.37600000e-05   5.47561418e-04   2.89910088e-04  -1.57160175e-03   2.15064154e-15  -9.72700357e-16   5.69872541e-16
  2.38400000e-05   5.50919541e-04   2.92306112e-04  -1.54825947e-03   2.14693839e-15  -9.85430420e-16   5.77902473e-16
  2.39200000e-05   5.54100736e-04   2.94541017e-04  -1.52522519e-03   2.14278628e-15  -9.97706137e-16   5.85785027e-16
  2.40000000e-05   5.58252899e-04   2.97088066e-04  -1.50230702e-03   2.13970216e-15  -1.01363910e-15   5.94655314e-16
  2.40800000e-05   5.62204489e-04   2.99519382e-04  -1.47933044e-03   2.13607125e-15  -1.02924124e-15   6.03402132e-16
  2.41600000e-05   5.66860306e-04   3.02831362e-04  -1.45610685e-03   2.13522748e-15  -1.04778201e-15   6.13330297e-16
  2.42400000e-05   5.70191613e-04   3.05198954e-04  -1.43264847e-03   2.13080644e-15  -1.06218953e-15   6.21777669e-16
  2.43200000e-05   5.73834156e-04   3.08018207e-04  -1.40871270e-03   2.12747482e-15  -1.07833953e-15   6.30838004e-16
  2.44000000e-05   5.78184355e-04   3.10935879e-04  -1.38523204e-03   2.12471403e-15  -1.09698993e-15   6.40602337e-16
  2.44800000e-05   5.82947112e-04   3.13877240e-04  -1.36173668e-03   2.12191286e-15  -1.11741429e-15   6.50810152e-16
  2.45600000e-05   5.87633315e-04   3.16381119e-04  -1.33853023e-03   2.11770504e-15  -1.13770110e-15   6.60789621e-16
  2.46400000e-05   5.90617003e-04   3.17986557e-04  -1.31513146e-03   2.11009953e-15  -1.15255058e-15   6.68955990e-16
  2.47200000e-05   5.94497449e-04   3.20341144e-04  -1.29246461e-03   2.10552042e-15  -1.17035550e-15   6.78404258e-16
  2.48000000e-05   5.97570837e-04   3.22504138e-04  -1.26954283e-03   2.09994416e-15  -1.18586437e-15   6.87191641e-16
  2.48800000e-05   6.01292811e-04   3.24535194e-04  -1.24629386e-03   2.09351916e-15  -1.20419011e-15   6.96477758e-16
  2.49600000e-05   6.04670522e-04   3.27177950e-04  -1.22350209e-03   2.08942797e-15  -1.22132889e-15   7.06025452e-16
  2.50400000e-05   6.09523313e-04   3.30855262e-04  -1.20066579e-03   2.08874179e-15  -1.24391464e-15   7.17586128e-16
  2.51200000e-05   6.14975325e-04   3.34492985e-04  -1.17745992e-03   2.08749413e-15  -1.26913349e-15   7.29741299e-16
  2.52000000e-05   6.20270549e-04   3.38594699e-04  -1.15549638e-03   2.08869759e-15  -1.29318603e-15   7.42271183e-16
  2.52800000e-05   6.24772618e-04   3.41419852e-04  -1.13206773e-03   2.08418146e-15  -1.31587301e-15   7.53377488e-16
  2.53600000e-05   6.29137704e-04   3.44745993e-04  -1.10930456e-03   2.08177057e-15  -1.33789762e-15   7.64880579e-16
  2.54400000e-05   6.32571642e-04   3.47048683e-04  -1.08678805e-03   2.07586325e-15  -1.35683390e-15   7.74985342e-16
  2.55200000e-05   6.35993817e-04   3.49111562e-04  -1.06400467e-03   2.06874366e-15  -1.37625304e-15   7.84998742e-16
  2.56000000e-05   6.39298708e-04   3.51982879e-04  -1.04166096e-03   2.06459050e-15  -1.39524323e-15   7.95641141e-16
  2.56800000e-05   6.44818255e-04   3.54341048e-04  -1.01854872e-03   2.05787009e-15  -1.42274796e-15   8.07829991e-16
  2.57600000e-05   6.49700750e-04   3.58838700e-04  -9.96224867e-04   2.05898376e-15  -1.44772725e-15   8.21323332e-16
  2.58400000e-05   6.55513000e-04   3.61912798e-04  -9.73698185e-04   2.05486649e-15  -1.47634475e-15   8.34636082e-16
  2.59200000e-05   6.60336726e-04   3.65209765e-04  -9.50955048e-04   2.05115380e-15  -1.50201894e-15   8.47464036e-16
  2.60000000e-05   6.64010380e-04   3.68048513e-04  -9.27959556e-04   2.04545708e-15  -1.52425198e-15   8.59095696e-16
  2.60800000e-05   6.69018769e-04   3.71518808e-04  -9.06003371e-04   2.04260545e-15  -1.55049874e-15   8.72515452e-16
  2.61600000e-05   6.72826784e-04   3.74497588e-04  -8.83765988e-04   2.03762971e-15  -1.57314305e-15   8.84661292e-16
  2.62400000e-05   6.75652624e-04   3.76828735e-04  -8.61536090e-04   2.03022453e-15  -1.59272355e-15   8.95542904e-16
  2.63200000e-05   6.81314791e-04   3.80488686e-04  -8.39440551e-04   2.02726939e-15  -1.62215310e-15   9.10127252e-16
  2.64000000e-05   6.86572742e-04   3.84370559e-04  -8.17748830e-04   2.02520940e-15  -1.65011988e-15   9.24729017e-16
  2.64800000e-05   6.91369100e-04   3.88204908e-04  -7.95984017e-04   2.02270235e-15  -1.67682378e-15   9.39067449e-16
  2.65600000e-05   6.96382910e-04   3.91579625e-04  -7.73397937e-04   2.01767477e-15  -1.70523395e-15   9.53376425e-16
  2.66400000e-05   6.99201376e-04   3.94811739e-04  -7.52013264e-04   2.01298963e-15  -1.72540928e-15   9.65771897e-16
  2.67200000e-05   7.03815405e-04   3.97655643e-04  -7.29274731e-04   2.00552801e-15  -1.75313889e-15   9.79570395e-16
  2.68000000e-05   7.07597822e-04   4.00710929e-04  -7.07770805e-04   1.99964201e-15  -1.77723317e-15   9.92956439e-16
  2.68800000e-05   7.12306807e-04   4.03958350e-04  -6.86235096e-04   1.99412907e-15  -1.80475669e-15   1.00750483e-15
  2.69600000e-05   7.17750661e-04   4.07958144e-04  -6.64510462e-04   1.99073900e-15  -1.83518086e-15   1.02357645e-15
  2.70400000e-05   7.22443309e-04   4.10858014e-04  -6.42990708e-04   1.98355050e-15  -1.86312125e-15   1.03815573e-15
  2.71200000e-05   7.27209275e-04   4.15046198e-04  -6.21445638e-04   1.98042637e-15  -1.89157644e-15   1.05414339e-15
  2.72000000e-05   7.32854280e-04   4.18675787e-04  -6.00064161e-04   1.97529060e-15  -1.92308316e-15   1.07063854e-15
  2.72800000e-05   7.36757078e-04   4.22370187e-04  -5.78217569e-04   1.96965080e-15  -1.94937780e-15   1.08574200e-15
  2.73600000e-05   7.41123536e-04   4.25866678e-04  -5.56780498e-04   1.96343444e-15  -1.97709886e-15   1.10127232e-15
  2.74400000e-05   7.45794449e-04   4.28751131e-04  -5.35509240e-04   1.95502149e-15  -2.00592785e-15   1.11669472e-15
  2.75200000e-05   7.50222818e-04   4.32469219e-04  -5.14368349e-04   1.94923737e-15  -2.03405014e-15   1.13284241e-15
  2.76000000e-05   7.54727483e-04   4.35442208e-04  -4.93516491e-04   1.94092476e-15  -2.06238300e-15   1.14853437e-15
  2.76800000e-05   7.59630104e-04   4.39119920e-04  -4.72359033e-04   1.93437025e-15  -2.09256053e-15   1.16547124e-15
  2.77600000e-05   7.64413383e-04   4.42241277e-04  -4.51771656e-04   1.92619351e-15  -2.12200823e-15   1.18194327e-15
  2.78400000e-05   7.69742195e-04   4.45738321e-04  -4.30799298e-04   1.91857446e-15  -2.15386145e-15   1.19951246e-15
  2.79200000e-05   7.74363877e-04   4.49431968e-04  -4.09382199e-04   1.91083240e-15  -2.18399681e-15   1.21676419e-15
  2.80000000e-05   7.78539434e-04   4.52773350e-04  -3.88990072e-04   1.90260179e-15  -2.21185075e-15   1.23340795e-15
  2.80800000e-05   7.85228603e-04   4.57522724e-04  -3.67011543e-04   1.89710722e-15  -2.24984334e-15   1.25420688e-15
  2.81600000e-05   7.89622770e-04   4.61053083e-04  -3.46531811e-04   1.88871397e-15  -2.27890498e-15   1.27167371e-15
  2.82400000e-05   7.94328984e-04   4.65306721e-04  -3.25993586e-04   1.88230517e-15  -2.30925370e-15   1.29038822e-15
  2.83200000e-05   7.98836439e-04   4.69523390e-04  -3.05521070e-04   1.87546872e-15  -2.33906342e-15   1.30906772e-15
  2.84000000e-05   8.02825615e-04   4.72847240e-04  -2.85741563e-04   1.86602552e-15  -2.36664057e-15   1.32649104e-15
  2.84800000e-05   8.08910724e-04   4.76952245e-04  -2.64907281e-04   1.85768140e-15  -2.40240351e-15   1.34713798e-15
  2.85600000e-05   8.13031235e-04   4.79898265e-04  -2.44755662e-04   1.84584171e-15  -2.43115508e-15   1.36470741e-15
  2.86400000e-05   8.17537603e-04   4.83156782e-04  -2.24674698e-04   1.83472493e-15  -2.46128695e-15   1.38319597e-15
  2.87200000e-05   8.22313822e-04   4.86836388e-04  -2.04235863e-04   1.82421233e-15  -2.49285220e-15   1.40261288e-15
  2.88000000e-05   8.27821356e-04   4.90867040e-04  -1.83729413e-04   1.81436840e-15  -2.52706299e-15   1.42340292e-15
  2.88800000e-05   8.32261510e-04   4.94559700e-04  -1.63604426e-04   1.80341193e-15  -2.55752091e-15   1.44289227e-15
  2.89600000e-05   8.36387145e-04   4.98160882e-04  -1.43696132e-04   1.79197550e-15  -2.58688075e-15   1.46213033e-15
  2.90400000e-05   8.40783161e-04   5.02305716e-04  -1.24023119e-04   1.78215620e-15  -2.61703009e-15   1.48244744e-15
  2.91200000e-05   8.45033847e-04   5.06215623e-04  -1.04241451e-04   1.77101266e-15  -2.64696950e-15   1.50255322e-15
  2.92000000e-05   8.50040733e-04   5.10331207e-04  -8.49473638e-05   1.76065512e-15  -2.67899207e-15   1.52394739e-15
  2.92800000e-05   8.54936501e-04   5.14678610e-04  -6.52522060e-05   1.75014689e-15  -2.71121528e-15   1.54569401e-15
  2.93600000e-05   8.60177907e-04   5.18663700e-04  -4.53890690e-05   1.73780507e-15  -2.74487360e-15   1.56767326e-15
