       time             b_x              b_y              b_z              F_x              F_y              F_z
  0.00000000e+00   5.08411530e-05   3.38896572e-05  -4.01854433e-04   7.40580129e-17   6.82025252e-16   6.68868987e-17
  8.00000000e-08   6.65094237e-05   4.45788862e-05  -3.55644130e-04   2.02795796e-16   4.00313933e-16   8.81031854e-17
  1.60000000e-07   7.95735257e-05   5.40645804e-05  -3.09127422e-04   3.20809221e-16   1.42449576e-16   1.07494175e-16
  2.40000000e-07   9.38972145e-05   6.31665972e-05  -2.63850072e-04   4.34748323e-16  -1.23703719e-16   1.25100264e-16
  3.20000000e-07   1.10177395e-04   7.34850173e-05  -2.16416105e-04   5.61729996e-16  -4.14616748e-16   1.45191731e-16
  4.00000000e-07   1.22037447e-04   8.24013932e-05  -1.68990772e-04   6.75505418e-16  -6.63777445e-16   1.64155536e-16
  4.80000000e-07   1.36953712e-04   9.20482662e-05  -1.22760734e-04   7.95368774e-16  -9.38503500e-16   1.83618047e-16
  5.60000000e-07   1.55062829e-04   1.02974666e-04  -7.50345321e-05   9.28035769e-16  -1.24794046e-15   2.05206856e-16
  6.40000000e-07   1.66732661e-04   1.11518863e-04  -2.71242885e-05   1.03792344e-15  -1.49728284e-15   2.24170176e-16
