     timestep     time              x             y              z              vx             vy             vz             ax             ay             az         v_magnitude      ELoss        Electronic      Nuclear
           0   0.000000e+00   1.000000e-01   1.161891e+01   1.455920e+00   6.946658e+05   1.472282e+05  -2.270384e+06   0.000000e+00   0.000000e+00   0.000000e+00   2.378840e+06   0.000000e+00   0.000000e+00   0.000000e+00
        8000   7.999000e-08   1.555773e-01   1.163071e+01   1.274292e+00   6.947845e+05   1.476911e+05  -2.270317e+06   2.170660e+09   4.285508e+09   9.430717e+08   2.378840e+06   3.267496e-22   0.000000e+00   0.000000e+00
       16000   1.599900e-07   2.111684e-01   1.164253e+01   1.092670e+00   6.950099e+05   1.479209e+05  -2.270233e+06   3.433958e+09   1.525179e+09   1.150648e+09   2.378840e+06   2.105112e-22   0.000000e+00   0.000000e+00
       24000   2.399900e-07   2.667814e-01   1.165437e+01   9.110549e-01   6.953313e+05   1.479319e+05  -2.270134e+06   4.653589e+09  -1.323815e+09   1.339107e+09   2.378840e+06   3.435169e-22   0.000000e+00   0.000000e+00
       32000   3.199900e-07   3.224241e-01   1.166619e+01   7.294487e-01   6.957557e+05   1.476999e+05  -2.270019e+06   6.012851e+09  -4.437879e+09   1.554172e+09   2.378840e+06   7.941967e-22   0.000000e+00   0.000000e+00
       40000   3.999900e-07   3.781052e-01   1.167799e+01   5.478523e-01   6.962870e+05   1.472349e+05  -2.269887e+06   7.230786e+09  -7.105066e+09   1.757175e+09   2.378840e+06   1.442924e-21   0.000000e+00   0.000000e+00
       48000   4.799900e-07   4.338326e-01   1.168975e+01   3.662672e-01   6.969149e+05   1.465519e+05  -2.269738e+06   8.513818e+09  -1.004577e+10   1.965504e+09   2.378840e+06   2.416353e-21   0.000000e+00   0.000000e+00
       56000   5.599900e-07   4.896145e-01   1.170144e+01   1.846947e-01   6.976536e+05   1.456126e+05  -2.269572e+06   9.933973e+09  -1.335819e+10   2.196603e+09   2.378840e+06   3.843412e-21   0.000000e+00   0.000000e+00
       64000   6.399900e-07   5.454600e-01   1.171304e+01   3.136269e-03   6.984978e+05   1.444339e+05  -2.269387e+06   1.111029e+10  -1.602731e+10   2.399601e+09   2.378840e+06   5.262803e-21   0.000000e+00   0.000000e+00
