       time             b_x              b_y              b_z              F_x              F_y              F_z
  0.00000000e+00  -2.53741366e-02  -1.79792326e-02  -3.05240059e-02   1.78906072e-13  -1.24035652e-13  -7.56624563e-14
  8.00000000e-08  -1.57887345e-02  -1.12278069e-02  -2.50902686e-02   1.31265370e-13  -5.50634861e-14  -5.79615908e-14
  1.60000000e-07  -1.13347618e-02  -8.08379902e-03  -2.04791724e-02   1.02389988e-13  -2.57386642e-14  -4.65106655e-14
  2.40000000e-07  -9.14626101e-03  -6.54901177e-03  -1.71465956e-02   8.46231398e-14  -1.25921416e-14  -4.03298275e-14
  3.20000000e-07  -7.47540149e-03  -5.36955248e-03  -1.52444582e-02   7.25126299e-14  -2.48486133e-15  -3.46826644e-14
  4.00000000e-07  -6.52954400e-03  -4.70800701e-03  -1.32406989e-02   6.26537442e-14   1.60166496e-15  -3.14666946e-14
  4.80000000e-07  -5.77270212e-03  -4.17921995e-03  -1.19089363e-02   5.54790004e-14   5.06520058e-15  -2.86702625e-14
  5.60000000e-07  -5.26386315e-03  -3.82561493e-03  -1.06479596e-02   4.94349035e-14   6.53338984e-15  -2.67856766e-14
  6.40000000e-07  -4.81457641e-03  -3.51417597e-03  -9.70652579e-03   4.46137508e-14   7.94898684e-15  -2.50069341e-14
  7.20000000e-07  -4.48164232e-03  -3.28522704e-03  -8.90189682e-03   4.06605343e-14   8.71715128e-15  -2.36875125e-14
  8.00000000e-07  -4.18516212e-03  -3.08207165e-03  -8.17534689e-03   3.71270751e-14   9.16152304e-15  -2.24601233e-14
  8.80000000e-07  -3.93720194e-03  -2.91156158e-03  -7.58203072e-03   3.41942815e-14   9.51566265e-15  -2.14105212e-14
  9.60000000e-07  -3.72860919e-03  -2.76954161e-03  -7.05114501e-03   3.16288052e-14   9.65608761e-15  -2.05178577e-14
  1.04000000e-06  -3.54033899e-03  -2.64219495e-03  -6.56443621e-03   2.93085613e-14   9.65449955e-15  -1.96926755e-14
  1.12000000e-06  -3.37174922e-03  -2.52965194e-03  -6.18243660e-03   2.73907995e-14   9.78947953e-15  -1.89438065e-14
  1.20000000e-06  -3.22039080e-03  -2.42790439e-03  -5.83905387e-03   2.56679785e-14   9.85939950e-15  -1.82561428e-14
  1.28000000e-06  -3.08129280e-03  -2.33451394e-03  -5.52798045e-03   2.41068876e-14   9.88566848e-15  -1.76119672e-14
  1.36000000e-06  -2.95022732e-03  -2.24529555e-03  -5.24564730e-03   2.26754745e-14   9.89200620e-15  -1.69870898e-14
  1.44000000e-06  -2.82912262e-03  -2.16468082e-03  -4.98023302e-03   2.13572927e-14   9.83733386e-15  -1.64082860e-14
  1.52000000e-06  -2.71868888e-03  -2.09111656e-03  -4.76352128e-03   2.02219771e-14   9.86871079e-15  -1.58735281e-14
  1.60000000e-06  -2.61343881e-03  -2.02162921e-03  -4.55875203e-03   1.91599870e-14   9.86430080e-15  -1.53584603e-14
  1.68000000e-06  -2.51194513e-03  -1.95405572e-03  -4.37381329e-03   1.81799017e-14   9.87283423e-15  -1.48517962e-14
  1.76000000e-06  -2.41922788e-03  -1.89195542e-03  -4.20682853e-03   1.72870081e-14   9.87556841e-15  -1.43826511e-14
  1.84000000e-06  -2.32785422e-03  -1.83068573e-03  -4.05214792e-03   1.64473532e-14   9.88271516e-15  -1.39134077e-14
  1.92000000e-06  -2.23959964e-03  -1.77315107e-03  -3.92225293e-03   1.56989681e-14   9.95072235e-15  -1.34625529e-14
  2.00000000e-06  -2.15581296e-03  -1.71734650e-03  -3.78881772e-03   1.49657638e-14   9.94915062e-15  -1.30250464e-14
  2.08000000e-06  -2.07496260e-03  -1.66315389e-03  -3.68024898e-03   1.43116948e-14   1.00201083e-14  -1.25973035e-14
  2.16000000e-06  -1.99908794e-03  -1.61143286e-03  -3.56450883e-03   1.36650376e-14   1.00091201e-14  -1.21886742e-14
  2.24000000e-06  -1.92429562e-03  -1.55839725e-03  -3.47193216e-03   1.30797989e-14   1.00776733e-14  -1.17728159e-14
  2.32000000e-06  -1.85262693e-03  -1.51158740e-03  -3.37903804e-03   1.25277652e-14   1.01093806e-14  -1.13909601e-14
  2.40000000e-06  -1.78207259e-03  -1.46260782e-03  -3.31263399e-03   1.20365677e-14   1.02445741e-14  -1.09984477e-14
  2.48000000e-06  -1.71287406e-03  -1.41676464e-03  -3.23569160e-03   1.15430905e-14   1.03034414e-14  -1.06219678e-14
  2.56000000e-06  -1.64744670e-03  -1.37173107e-03  -3.15958763e-03   1.10648594e-14   1.03343752e-14  -1.02560060e-14
  2.64000000e-06  -1.58201008e-03  -1.32664162e-03  -3.09613345e-03   1.06220714e-14   1.04110240e-14  -9.88843742e-15
  2.72000000e-06  -1.51845107e-03  -1.28282111e-03  -3.04794006e-03   1.02222907e-14   1.05429006e-14  -9.52994587e-15
  2.80000000e-06  -1.45759051e-03  -1.24010040e-03  -2.99058277e-03   9.81525764e-15   1.06050959e-14  -9.18149146e-15
  2.88000000e-06  -1.39793560e-03  -1.19621466e-03  -2.94966760e-03   9.44402374e-15   1.07340419e-14  -8.82891190e-15
  2.96000000e-06  -1.33851743e-03  -1.15385708e-03  -2.90847753e-03   9.08267404e-15   1.08489000e-14  -8.48395672e-15
  3.04000000e-06  -1.28095781e-03  -1.11182428e-03  -2.87769938e-03   8.74724357e-15   1.10007030e-14  -8.14390091e-15
  3.12000000e-06  -1.22436560e-03  -1.07047826e-03  -2.83183638e-03   8.39116670e-15   1.10603156e-14  -7.80895515e-15
  3.20000000e-06  -1.16943275e-03  -1.03004936e-03  -2.77441187e-03   8.02522994e-15   1.10426162e-14  -7.48245306e-15
  3.28000000e-06  -1.11578790e-03  -9.90338553e-04  -2.74978597e-03   7.72545689e-15   1.11839062e-14  -7.16267559e-15
  3.36000000e-06  -1.06340767e-03  -9.51024125e-04  -2.72359288e-03   7.42822467e-15   1.13047411e-14  -6.84768738e-15
  3.44000000e-06  -1.01181233e-03  -9.12192449e-04  -2.70959775e-03   7.15578272e-15   1.14806997e-14  -6.53710195e-15
  3.52000000e-06  -9.62193083e-04  -8.73509351e-04  -2.68565710e-03   6.87034817e-15   1.15903505e-14  -6.23120541e-15
  3.60000000e-06  -9.11745275e-04  -8.34162928e-04  -2.67504235e-03   6.60655104e-15   1.17675441e-14  -5.92122992e-15
  3.68000000e-06  -8.63049355e-04  -7.95110030e-04  -2.64531516e-03   6.31727818e-15   1.18295280e-14  -5.61668394e-15
  3.76000000e-06  -8.16488390e-04  -7.57647545e-04  -2.61671070e-03   6.03845470e-15   1.18845740e-14  -5.32525298e-15
  3.84000000e-06  -7.70928998e-04  -7.22190169e-04  -2.59868850e-03   5.78474389e-15   1.19881923e-14  -5.04769287e-15
  3.92000000e-06  -7.25187173e-04  -6.84838590e-04  -2.59715893e-03   5.55049828e-15   1.21775285e-14  -4.76089138e-15
  4.00000000e-06  -6.81130639e-04  -6.49133451e-04  -2.59144405e-03   5.31572760e-15   1.23344453e-14  -4.48684432e-15
  4.08000000e-06  -6.38510341e-04  -6.13367526e-04  -2.57108831e-03   5.06320629e-15   1.24017782e-14  -4.21601917e-15
  4.16000000e-06  -5.95365120e-04  -5.77090452e-04  -2.55917434e-03   4.82229372e-15   1.25125585e-14  -3.94342167e-15
  4.24000000e-06  -5.54987808e-04  -5.42398620e-04  -2.53528002e-03   4.57355957e-15   1.25444089e-14  -3.68493413e-15
  4.32000000e-06  -5.13931194e-04  -5.09561292e-04  -2.56169111e-03   4.39037721e-15   1.28545939e-14  -3.43778967e-15
  4.40000000e-06  -4.77605266e-04  -4.73288631e-04  -2.51845284e-03   4.11816898e-15   1.27590441e-14  -3.17876499e-15
  4.48000000e-06  -4.39633301e-04  -4.40774549e-04  -2.52776973e-03   3.91653500e-15   1.29584344e-14  -2.94076917e-15
  4.56000000e-06  -4.03313810e-04  -4.08678514e-04  -2.50638187e-03   3.68450947e-15   1.29775797e-14  -2.70895333e-15
  4.64000000e-06  -3.67368470e-04  -3.74725293e-04  -2.53176002e-03   3.49362894e-15   1.32559213e-14  -2.46894573e-15
  4.72000000e-06  -3.33016064e-04  -3.43429027e-04  -2.51613880e-03   3.27006588e-15   1.32959575e-14  -2.24757165e-15
  4.80000000e-06  -2.99031755e-04  -3.10896926e-04  -2.49837238e-03   3.04274572e-15   1.33196952e-14  -2.02168817e-15
  4.88000000e-06  -2.67517656e-04  -2.80507134e-04  -2.51514077e-03   2.85175712e-15   1.35294598e-14  -1.81222674e-15
  4.96000000e-06  -2.34783247e-04  -2.47998452e-04  -2.48844926e-03   2.61879784e-15   1.34936030e-14  -1.59185184e-15
  5.04000000e-06  -2.03840063e-04  -2.18080853e-04  -2.50052129e-03   2.42418997e-15   1.36703819e-14  -1.38986842e-15
  5.12000000e-06  -1.73756570e-04  -1.87266078e-04  -2.50017211e-03   2.21666259e-15   1.37720213e-14  -1.18559522e-15
  5.20000000e-06  -1.44538874e-04  -1.56991969e-04  -2.50693965e-03   2.01398982e-15   1.39097434e-14  -9.87186839e-16
  5.28000000e-06  -1.15572687e-04  -1.27382349e-04  -2.48721535e-03   1.79718812e-15   1.38933292e-14  -7.95054103e-16
  5.36000000e-06  -8.98950712e-05  -9.95318099e-05  -2.50233171e-03   1.60502432e-15   1.40649372e-14  -6.17101412e-16
  5.44000000e-06  -5.92209295e-05  -7.01859046e-05  -2.46066415e-03   1.38017473e-15   1.39231948e-14  -4.30350176e-16
  5.52000000e-06  -3.71851225e-05  -4.13302150e-05  -2.50405745e-03   1.19582933e-15   1.42430268e-14  -2.52843409e-16
  5.60000000e-06  -1.19467054e-05  -1.50859199e-05  -2.52176786e-03   1.00347407e-15   1.44228415e-14  -9.10353588e-17
  5.68000000e-06   1.15752863e-05   1.38172732e-05  -2.49195396e-03   7.85372301e-16   1.43237398e-14   8.30697273e-17
  5.76000000e-06   3.50522687e-05   4.14551208e-05  -2.49920973e-03   5.85055867e-16   1.44351439e-14   2.47645551e-16
  5.84000000e-06   5.78075819e-05   6.74398495e-05  -2.50437362e-03   3.86621531e-16   1.45309224e-14   4.00224976e-16
  5.92000000e-06   8.04649222e-05   9.55800958e-05  -2.49563247e-03   1.78464840e-16   1.45449176e-14   5.62809147e-16
  6.00000000e-06   1.00322672e-04   1.22690405e-04  -2.51659299e-03  -2.30171694e-17   1.47201179e-14   7.16726179e-16
  6.08000000e-06   1.21406089e-04   1.46318747e-04  -2.51450912e-03  -2.20172450e-16   1.47647165e-14   8.48525272e-16
  6.16000000e-06   1.40990039e-04   1.72408332e-04  -2.50377762e-03  -4.24325957e-16   1.47539933e-14   9.92055218e-16
  6.24000000e-06   1.59643066e-04   1.97950995e-04  -2.46795507e-03  -6.24318691e-16   1.45952102e-14   1.13027513e-15
  6.32000000e-06   1.75899645e-04   2.21765833e-04  -2.51758848e-03  -8.25182948e-16   1.49185751e-14   1.25647256e-15
  6.40000000e-06   1.95720474e-04   2.48096264e-04  -2.52215507e-03  -1.03322974e-15   1.49915060e-14   1.39448699e-15
  6.48000000e-06   2.11188737e-04   2.70299510e-04  -2.51162021e-03  -1.22794764e-15   1.49644440e-14   1.50721560e-15
  6.56000000e-06   2.25428153e-04   2.94722500e-04  -2.50952823e-03  -1.43034206e-15   1.49808747e-14   1.63088879e-15
  6.64000000e-06   2.42255232e-04   3.18045983e-04  -2.50843585e-03  -1.63018446e-15   1.50086398e-14   1.74551678e-15
  6.72000000e-06   2.56905323e-04   3.41664407e-04  -2.51071754e-03  -1.83280380e-15   1.50481762e-14   1.86025273e-15
  6.80000000e-06   2.69202879e-04   3.62326578e-04  -2.50983120e-03  -2.02682375e-15   1.50616110e-14   1.95694244e-15
  6.88000000e-06   2.81641860e-04   3.85016661e-04  -2.49644035e-03  -2.22124195e-15   1.50027047e-14   2.06321636e-15
  6.96000000e-06   2.96130836e-04   4.06918248e-04  -2.47310662e-03  -2.40624804e-15   1.48917929e-14   2.16213000e-15
  7.04000000e-06   3.07669425e-04   4.27540935e-04  -2.47531842e-03  -2.60080170e-15   1.49166743e-14   2.25316535e-15
  7.12000000e-06   3.19431691e-04   4.49637551e-04  -2.48110040e-03  -2.80091014e-15   1.49611090e-14   2.35072186e-15
  7.20000000e-06   3.29262352e-04   4.69410357e-04  -2.48680206e-03  -2.99660229e-15   1.49980542e-14   2.43428046e-15
  7.28000000e-06   3.39034447e-04   4.88905917e-04  -2.48541567e-03  -3.18748837e-15   1.49932199e-14   2.51451121e-15
  7.36000000e-06   3.48532478e-04   5.07969388e-04  -2.46492174e-03  -3.36221012e-15   1.48785786e-14   2.59076097e-15
  7.44000000e-06   3.55198158e-04   5.25518599e-04  -2.46159521e-03  -3.54445320e-15   1.48516850e-14   2.65919164e-15
  7.52000000e-06   3.64395421e-04   5.44317717e-04  -2.44599153e-03  -3.71923280e-15   1.47617950e-14   2.73093144e-15
  7.60000000e-06   3.71269664e-04   5.60913295e-04  -2.45286270e-03  -3.90730581e-15   1.47901935e-14   2.79076039e-15
  7.68000000e-06   3.75309894e-04   5.74844408e-04  -2.45094951e-03  -4.08082441e-15   1.47597492e-14   2.83685384e-15
  7.76000000e-06   3.79899014e-04   5.89717238e-04  -2.43203947e-03  -4.23804170e-15   1.46351115e-14   2.88669232e-15
  7.84000000e-06   3.83291950e-04   6.04078543e-04  -2.42288284e-03  -4.40217066e-15   1.45605136e-14   2.93385101e-15
  7.92000000e-06   3.86838316e-04   6.16746450e-04  -2.39799993e-03  -4.54172744e-15   1.43983795e-14   2.97049018e-15
  8.00000000e-06   3.91957043e-04   6.31012213e-04  -2.41018663e-03  -4.72781675e-15   1.44450029e-14   3.01299165e-15
  8.08000000e-06   3.91739270e-04   6.39536529e-04  -2.38868409e-03  -4.85564632e-15   1.42891460e-14   3.02940164e-15
  8.16000000e-06   3.93888128e-04   6.47930839e-04  -2.35839209e-03  -4.96840752e-15   1.40916753e-14   3.04166312e-15
  8.24000000e-06   3.92361405e-04   6.57707422e-04  -2.34347382e-03  -5.10274862e-15   1.39673580e-14   3.06566831e-15
  8.32000000e-06   3.91156470e-04   6.64294691e-04  -2.32339824e-03  -5.21682938e-15   1.38156713e-14   3.07182831e-15
  8.40000000e-06   3.88147097e-04   6.70410218e-04  -2.32625566e-03  -5.36071577e-15   1.37827461e-14   3.07762715e-15
  8.48000000e-06   3.84188192e-04   6.73493806e-04  -2.30643380e-03  -5.46136199e-15   1.36230106e-14   3.06829639e-15
  8.56000000e-06   3.79128457e-04   6.77930444e-04  -2.29218394e-03  -5.57137755e-15   1.34899151e-14   3.06823385e-15
  8.64000000e-06   3.74309385e-04   6.77683037e-04  -2.27843579e-03  -5.66578942e-15   1.33598389e-14   3.04286743e-15
  8.72000000e-06   3.64912522e-04   6.77304311e-04  -2.23771180e-03  -5.71260100e-15   1.30714434e-14   3.02485125e-15
  8.80000000e-06   3.58787897e-04   6.75142434e-04  -2.23304574e-03  -5.80914135e-15   1.29861462e-14   2.99288484e-15
  8.88000000e-06   3.48746031e-04   6.70928757e-04  -2.20125779e-03  -5.85119823e-15   1.27442063e-14   2.95734211e-15
  8.96000000e-06   3.39009753e-04   6.64506014e-04  -2.18945361e-03  -5.91724185e-15   1.26096515e-14   2.91085709e-15
  9.04000000e-06   3.27260246e-04   6.56402718e-04  -2.15565398e-03  -5.93546078e-15   1.23529082e-14   2.86040442e-15
  9.12000000e-06   3.14576642e-04   6.48049593e-04  -2.13244856e-03  -5.96719213e-15   1.21500133e-14   2.81210625e-15
  9.20000000e-06   3.01236791e-04   6.36214551e-04  -2.09951046e-03  -5.96579317e-15   1.18947197e-14   2.74848708e-15
  9.28000000e-06   2.86825830e-04   6.24006380e-04  -2.05914776e-03  -5.94363236e-15   1.15986078e-14   2.68694560e-15
  9.36000000e-06   2.69670500e-04   6.06375929e-04  -2.02762621e-03  -5.91629799e-15   1.13415457e-14   2.60491270e-15
  9.44000000e-06   2.52100021e-04   5.88105701e-04  -2.00829956e-03  -5.90728226e-15   1.11471226e-14   2.52276129e-15
  9.52000000e-06   2.34307286e-04   5.70850254e-04  -1.99235952e-03  -5.90506488e-15   1.09699169e-14   2.44864449e-15
  9.60000000e-06   2.13150228e-04   5.44460334e-04  -1.95973057e-03  -5.83580887e-15   1.06973261e-14   2.33724258e-15
  9.68000000e-06   1.92386232e-04   5.22611940e-04  -1.92802200e-03  -5.77763423e-15   1.04320689e-14   2.25121212e-15
  9.76000000e-06   1.68482911e-04   4.92473006e-04  -1.89518136e-03  -5.68640576e-15   1.01525988e-14   2.13268173e-15
  9.84000000e-06   1.44370486e-04   4.62867969e-04  -1.84922250e-03  -5.56276435e-15   9.80763021e-15   2.02059995e-15
  9.92000000e-06   1.19332124e-04   4.30112264e-04  -1.81399678e-03  -5.44714497e-15   9.51619789e-15   1.89802654e-15
  1.00000000e-05   9.25003664e-05   3.97124903e-04  -1.78042293e-03  -5.32983245e-15   9.22910472e-15   1.78165301e-15
  1.00800000e-05   6.59844337e-05   3.59074913e-04  -1.74903819e-03  -5.19706693e-15   8.95560189e-15   1.64250642e-15
  1.01600000e-05   3.70626336e-05   3.19028241e-04  -1.71047596e-03  -5.03652058e-15   8.64054668e-15   1.50245414e-15
  1.02400000e-05   7.53548365e-06   2.76903993e-04  -1.67882222e-03  -4.88117081e-15   8.35983631e-15   1.35695730e-15
  1.03200000e-05  -2.46312111e-05   2.31874961e-04  -1.63762841e-03  -4.68931580e-15   8.02540957e-15   1.20686417e-15
  1.04000000e-05  -5.79185784e-05   1.83811775e-04  -1.59223404e-03  -4.47266499e-15   7.66902031e-15   1.04802849e-15
  1.04800000e-05  -9.11828241e-05   1.33819290e-04  -1.54847339e-03  -4.24906213e-15   7.32316513e-15   8.83077650e-16
  1.05600000e-05  -1.25653374e-04   8.13989026e-05  -1.50305309e-03  -4.00891276e-15   6.96783450e-15   7.12488138e-16
  1.06400000e-05  -1.62186551e-04   2.63269201e-05  -1.45815132e-03  -3.75719881e-15   6.61095897e-15   5.37264751e-16
  1.07200000e-05  -1.98160356e-04  -3.25481779e-05  -1.41639073e-03  -3.49713636e-15   6.27373104e-15   3.45099174e-16
  1.08000000e-05  -2.39179766e-04  -9.26736047e-05  -1.37530950e-03  -3.23111567e-15   5.92614217e-15   1.62596517e-16
  1.08800000e-05  -2.80334349e-04  -1.54258707e-04  -1.32949726e-03  -2.94474516e-15   5.55757806e-15  -2.39124873e-17
  1.09600000e-05  -3.20113561e-04  -2.21007020e-04  -1.28287727e-03  -2.63638961e-15   5.19205952e-15  -2.36606839e-16
  1.10400000e-05  -3.61693411e-04  -2.91013795e-04  -1.23204338e-03  -2.30345504e-15   4.80308514e-15  -4.58278931e-16
  1.11200000e-05  -4.04151057e-04  -3.62241976e-04  -1.18544930e-03  -1.97482055e-15   4.43451414e-15  -6.81801708e-16
  1.12000000e-05  -4.47631803e-04  -4.34177646e-04  -1.13375132e-03  -1.62797423e-15   4.04069185e-15  -9.04647267e-16
  1.12800000e-05  -4.92764169e-04  -5.11805780e-04  -1.08537375e-03  -1.26965055e-15   3.66031133e-15  -1.14958575e-15
  1.13600000e-05  -5.38490008e-04  -5.92528935e-04  -1.03187857e-03  -8.86128545e-16   3.25610855e-15  -1.40730433e-15
  1.14400000e-05  -5.85126068e-04  -6.73931848e-04  -9.83477401e-04  -5.12828148e-16   2.87621498e-15  -1.66582756e-15
  1.15200000e-05  -6.33113742e-04  -7.58292371e-04  -9.26808556e-04  -1.07093365e-16   2.45494864e-15  -1.93542294e-15
  1.16000000e-05  -6.81853628e-04  -8.45117917e-04  -8.67251515e-04   3.14699688e-16   2.02012932e-15  -2.21599683e-15
  1.16800000e-05  -7.32363102e-04  -9.35047825e-04  -8.13134467e-04   7.31374530e-16   1.60852493e-15  -2.50841594e-15
  1.17600000e-05  -7.81662744e-04  -1.02835153e-03  -7.46673012e-04   1.19148452e-15   1.14401147e-15  -2.82290235e-15
  1.18400000e-05  -8.31587004e-04  -1.12309114e-03  -6.95950575e-04   1.61188370e-15   7.55868081e-16  -3.14581288e-15
  1.19200000e-05  -8.83665265e-04  -1.22065820e-03  -6.25783533e-04   2.09196484e-15   2.69864914e-16  -3.48045190e-15
  1.20000000e-05  -9.33442578e-04  -1.32050485e-03  -5.65955807e-04   2.54816995e-15  -1.56668220e-16  -3.83720630e-15
  1.20800000e-05  -9.88633572e-04  -1.42417104e-03  -4.97761761e-04   3.03535738e-15  -6.37989976e-16  -4.20331477e-15
  1.21600000e-05  -1.04165881e-03  -1.52862568e-03  -4.29153576e-04   3.52160651e-15  -1.11231053e-15  -4.58578497e-15
  1.22400000e-05  -1.09571005e-03  -1.63693227e-03  -3.60809612e-04   4.01348613e-15  -1.58624637e-15  -4.99166082e-15
  1.23200000e-05  -1.15001511e-03  -1.74509289e-03  -2.90257947e-04   4.50451070e-15  -2.06953157e-15  -5.40460841e-15
  1.24000000e-05  -1.20641121e-03  -1.85995135e-03  -2.11702617e-04   5.02992257e-15  -2.59619015e-15  -5.85428568e-15
  1.24800000e-05  -1.23467767e-03  -1.93689903e-03  -1.34657665e-04   5.42908084e-15  -3.02945802e-15  -6.20395857e-15
  1.25600000e-05  -8.05618568e-04  -1.34798371e-03  -5.70735403e-05   3.85159534e-15  -2.11171224e-15  -4.49180187e-15
  1.26400000e-05  -2.85569662e-04  -5.82803757e-04  -1.98726604e-05   1.67100119e-15  -7.46559577e-16  -2.11796095e-15
  1.27200000e-05   2.44704432e-04   2.20076667e-04  -8.43236231e-05  -8.76011667e-16   1.14025596e-15   4.33802452e-16
  1.28000000e-05   5.61301974e-04   7.34132007e-04  -1.52150060e-04  -2.58178723e-15   2.41340822e-15   2.12026174e-15
  1.28800000e-05   6.03639284e-04   8.20472483e-04  -2.17871200e-04  -3.02244601e-15   2.86609813e-15   2.41926195e-15
  1.29600000e-05   6.48712927e-04   9.12797148e-04  -2.93334205e-04  -3.51141074e-15   3.37445461e-15   2.73508848e-15
  1.30400000e-05   6.91975187e-04   1.00467137e-03  -3.67876611e-04  -4.00170362e-15   3.87208654e-15   3.04747527e-15
  1.31200000e-05   7.37857473e-04   1.10104782e-03  -4.42727092e-04  -4.51216827e-15   4.37802015e-15   3.36792682e-15
  1.32000000e-05   7.83230191e-04   1.19680637e-03  -5.23367283e-04  -5.04339460e-15   4.90932651e-15   3.67882057e-15
  1.32800000e-05   8.27754450e-04   1.29536872e-03  -6.06005838e-04  -5.59629406e-15   5.44591931e-15   3.99685298e-15
  1.33600000e-05   8.72004256e-04   1.39486376e-03  -6.88716813e-04  -6.16088177e-15   5.97971596e-15   4.31029696e-15
  1.34400000e-05   9.17134790e-04   1.49590284e-03  -7.71223641e-04  -6.73906249e-15   6.51250683e-15   4.61791965e-15
  1.35200000e-05   9.60016480e-04   1.59597735e-03  -8.61236472e-04  -7.34584519e-15   7.07114263e-15   4.91531786e-15
  1.36000000e-05   1.00287264e-03   1.70018153e-03  -9.55831403e-04  -7.98999686e-15   7.64740926e-15   5.21957611e-15
  1.36800000e-05   1.04569228e-03   1.80417992e-03  -1.05341725e-03  -8.65492772e-15   8.23276594e-15   5.50873824e-15
  1.37600000e-05   1.08952904e-03   1.91030190e-03  -1.15328836e-03  -9.34708335e-15   8.82618003e-15   5.78931512e-15
  1.38400000e-05   1.13268087e-03   2.01659942e-03  -1.25737565e-03  -1.00672026e-14   9.43039806e-15   6.05579361e-15
  1.39200000e-05   1.17890084e-03   2.12660400e-03  -1.36449968e-03  -1.08244080e-14   1.00505097e-14   6.31187427e-15
  1.40000000e-05   1.22004068e-03   2.23616078e-03  -1.47781098e-03  -1.16164721e-14   1.06738662e-14   6.56099639e-15
  1.40800000e-05   1.26396187e-03   2.34702198e-03  -1.59711286e-03  -1.24500699e-14   1.13226247e-14   6.78601727e-15
  1.41600000e-05   1.30624041e-03   2.46037565e-03  -1.71563375e-03  -1.33098288e-14   1.19502261e-14   7.00394783e-15
  1.42400000e-05   1.34863036e-03   2.57153068e-03  -1.83975355e-03  -1.42014198e-14   1.25895405e-14   7.18679070e-15
  1.43200000e-05   1.39051525e-03   2.68670894e-03  -1.97777182e-03  -1.51735568e-14   1.32725185e-14   7.36198782e-15
  1.44000000e-05   1.43171288e-03   2.80013881e-03  -2.11618570e-03  -1.61664526e-14   1.39361003e-14   7.50279000e-15
  1.44800000e-05   1.47258865e-03   2.91421891e-03  -2.25214002e-03  -1.71794538e-14   1.45673670e-14   7.61685664e-15
  1.45600000e-05   1.51534770e-03   3.02978406e-03  -2.41051577e-03  -1.82993179e-14   1.52768880e-14   7.69787227e-15
  1.46400000e-05   1.55663381e-03   3.14417564e-03  -2.56631056e-03  -1.94364539e-14   1.59431326e-14   7.74363327e-15
  1.47200000e-05   1.59885858e-03   3.26242911e-03  -2.71624509e-03  -2.05969612e-14   1.65589456e-14   7.76467407e-15
  1.48000000e-05   1.63906160e-03   3.37637794e-03  -2.89438856e-03  -2.18723963e-14   1.72490886e-14   7.73539455e-15
  1.48800000e-05   1.67950309e-03   3.49085885e-03  -3.06955100e-03  -2.31734308e-14   1.78892373e-14   7.66527539e-15
  1.49600000e-05   1.71763541e-03   3.60602648e-03  -3.24511489e-03  -2.45126487e-14   1.84810466e-14   7.56193566e-15
  1.50400000e-05   1.75555531e-03   3.72095766e-03  -3.43412666e-03  -2.59356061e-14   1.90770053e-14   7.41188089e-15
  1.51200000e-05   1.79251457e-03   3.83138145e-03  -3.62936292e-03  -2.74024907e-14   1.96405124e-14   7.19986723e-15
  1.52000000e-05   1.82974497e-03   3.94331566e-03  -3.82419289e-03  -2.89099898e-14   2.01464547e-14   6.94157509e-15
  1.52800000e-05   1.86632437e-03   4.05005616e-03  -4.05048742e-03  -3.05593976e-14   2.06960185e-14   6.61310253e-15
  1.53600000e-05   1.90245786e-03   4.15553684e-03  -4.27564631e-03  -3.22396595e-14   2.11668387e-14   6.22712502e-15
  1.54400000e-05   1.93703711e-03   4.25815760e-03  -4.49137801e-03  -3.39102396e-14   2.15225720e-14   5.78021068e-15
  1.55200000e-05   1.97003663e-03   4.35804541e-03  -4.74500832e-03  -3.57642928e-14   2.19072105e-14   5.27199319e-15
  1.56000000e-05   2.00253699e-03   4.45727055e-03  -4.98628899e-03  -3.76037778e-14   2.21551311e-14   4.70258696e-15
  1.56800000e-05   2.03416409e-03   4.54880602e-03  -5.25059149e-03  -3.95497131e-14   2.23632183e-14   4.05198838e-15
  1.57600000e-05   2.06576956e-03   4.64358850e-03  -5.50173760e-03  -4.14863207e-14   2.24208790e-14   3.34660771e-15
  1.58400000e-05   2.09495590e-03   4.72429673e-03  -5.78734979e-03  -4.35550845e-14   2.24382921e-14   2.55024645e-15
  1.59200000e-05   2.12151035e-03   4.80244869e-03  -6.07345193e-03  -4.56488503e-14   2.23091027e-14   1.69488672e-15
  1.60000000e-05   2.14768252e-03   4.87243827e-03  -6.36735747e-03  -4.77751238e-14   2.20501147e-14   7.58874380e-16
  1.60800000e-05   2.17207288e-03   4.93711663e-03  -6.66064356e-03  -4.99003080e-14   2.16279278e-14  -2.41343626e-16
  1.61600000e-05   2.19384703e-03   4.99228317e-03  -6.98421804e-03  -5.21508274e-14   2.10859049e-14  -1.30925606e-15
  1.62400000e-05   2.21326209e-03   5.03792093e-03  -7.30646977e-03  -5.43715920e-14   2.03484819e-14  -2.43955581e-15
  1.63200000e-05   2.23498424e-03   5.08410628e-03  -7.64406949e-03  -5.66736742e-14   1.94488644e-14  -3.63480144e-15
  1.64000000e-05   2.24884844e-03   5.11243547e-03  -7.98619056e-03  -5.89277958e-14   1.83169040e-14  -4.86786433e-15
  1.64800000e-05   2.26056716e-03   5.12892592e-03  -8.32172363e-03  -6.10901039e-14   1.69522598e-14  -6.14673114e-15
  1.65600000e-05   2.27569740e-03   5.14569614e-03  -8.69103532e-03  -6.33988814e-14   1.54049870e-14  -7.47980935e-15
  1.66400000e-05   2.28083667e-03   5.13809692e-03  -9.05206175e-03  -6.55387336e-14   1.35680903e-14  -8.81224478e-15
  1.67200000e-05   2.28306376e-03   5.11913434e-03  -9.40574599e-03  -6.75465525e-14   1.14712744e-14  -1.01523145e-14
  1.68000000e-05   2.28306888e-03   5.08964220e-03  -9.76303507e-03  -6.94668401e-14   9.11927635e-15  -1.14906611e-14
  1.68800000e-05   2.28048927e-03   5.05556520e-03  -1.01588510e-02  -7.14892168e-14   6.49593323e-15  -1.28154038e-14
  1.69600000e-05   2.27329918e-03   4.99840887e-03  -1.05495520e-02  -7.33015721e-14   3.57801313e-15  -1.41003173e-14
  1.70400000e-05   2.25939514e-03   4.92512443e-03  -1.09051438e-02  -7.47505130e-14   3.84648929e-16  -1.53135535e-14
  1.71200000e-05   2.24524676e-03   4.84918819e-03  -1.12684011e-02  -7.60897377e-14  -3.06901392e-15  -1.64817050e-14
  1.72000000e-05   2.22405941e-03   4.75172453e-03  -1.16339310e-02  -7.72070389e-14  -6.80132101e-15  -1.75375842e-14
  1.72800000e-05   2.19922712e-03   4.64255533e-03  -1.19833532e-02  -7.80187909e-14  -1.07702198e-14  -1.84908496e-14
  1.73600000e-05   2.17148295e-03   4.52993910e-03  -1.23494831e-02  -7.87037058e-14  -1.50075494e-14  -1.93438897e-14
  1.74400000e-05   2.13453778e-03   4.39285796e-03  -1.26760361e-02  -7.88820425e-14  -1.94188973e-14  -2.00126567e-14
  1.75200000e-05   2.09730235e-03   4.25744897e-03  -1.29895423e-02  -7.87609462e-14  -2.39845426e-14  -2.05779755e-14
  1.76000000e-05   2.04724378e-03   4.09474481e-03  -1.33156565e-02  -7.83637260e-14  -2.87835946e-14  -2.08995422e-14
  1.76800000e-05   1.99776158e-03   3.93758062e-03  -1.36215599e-02  -7.76075612e-14  -3.36714953e-14  -2.11154694e-14
  1.77600000e-05   1.93966446e-03   3.75673962e-03  -1.38784259e-02  -7.62655858e-14  -3.85369173e-14  -2.10904905e-14
  1.78400000e-05   1.87902424e-03   3.57739293e-03  -1.41140051e-02  -7.45458713e-14  -4.33936404e-14  -2.09231610e-14
  1.79200000e-05   1.81727945e-03   3.40121034e-03  -1.43159176e-02  -7.24001429e-14  -4.81455955e-14  -2.06291065e-14
  1.80000000e-05   1.74469053e-03   3.20714322e-03  -1.45313023e-02  -6.99834293e-14  -5.29551232e-14  -2.00900157e-14
  1.80800000e-05   1.68040848e-03   3.02976742e-03  -1.46884251e-02  -6.70833609e-14  -5.74545495e-14  -1.95256720e-14
  1.81600000e-05   1.59933806e-03   2.82951288e-03  -1.48051137e-02  -6.37106432e-14  -6.17133976e-14  -1.86769056e-14
  1.82400000e-05   1.52598222e-03   2.64843123e-03  -1.49081939e-02  -6.00993793e-14  -6.57431422e-14  -1.78309175e-14
  1.83200000e-05   1.44787931e-03   2.46758106e-03  -1.49673137e-02  -5.61196777e-14  -6.93984822e-14  -1.68701549e-14
  1.84000000e-05   1.37350897e-03   2.29066684e-03  -1.49816223e-02  -5.18279754e-14  -7.26054201e-14  -1.58528238e-14
  1.84800000e-05   1.29475260e-03   2.12023780e-03  -1.49550696e-02  -4.72946239e-14  -7.53649890e-14  -1.47793719e-14
  1.85600000e-05   1.21716883e-03   1.95305428e-03  -1.49062715e-02  -4.26139620e-14  -7.77339097e-14  -1.36645124e-14
  1.86400000e-05   1.13870374e-03   1.79497330e-03  -1.48561314e-02  -3.78822142e-14  -7.98197836e-14  -1.25477484e-14
  1.87200000e-05   1.06168192e-03   1.63825854e-03  -1.47511287e-02  -3.29984815e-14  -8.13121843e-14  -1.14055185e-14
  1.88000000e-05   9.87470343e-04   1.49480105e-03  -1.46089744e-02  -2.80946547e-14  -8.22908373e-14  -1.03190727e-14
  1.88800000e-05   9.13931696e-04   1.35919780e-03  -1.44442997e-02  -2.32329690e-14  -8.28440183e-14  -9.26557583e-15
  1.89600000e-05   8.42585860e-04   1.22818158e-03  -1.42609051e-02  -1.84530722e-14  -8.29974099e-14  -8.23819993e-15
  1.90400000e-05   7.78294597e-04   1.11088486e-03  -1.40421066e-02  -1.37965018e-14  -8.26536049e-14  -7.30348972e-15
  1.91200000e-05   7.12244091e-04   9.99824877e-04  -1.38477642e-02  -9.31926911e-15  -8.22051257e-14  -6.41463290e-15
  1.92000000e-05   6.43695775e-04   8.92918299e-04  -1.35740347e-02  -4.99686803e-15  -8.10434200e-14  -5.56810244e-15
  1.92800000e-05   5.89523139e-04   7.99788280e-04  -1.33157818e-02  -9.23089557e-16  -7.97313113e-14  -4.82978408e-15
  1.93600000e-05   5.24510520e-04   7.00292045e-04  -1.30643925e-02   2.94830350e-15  -7.82873986e-14  -4.07807910e-15
  1.94400000e-05   4.68536424e-04   6.14276239e-04  -1.27770680e-02   6.55033670e-15  -7.64369360e-14  -3.43461602e-15
  1.95200000e-05   4.17629669e-04   5.36423450e-04  -1.24930347e-02   9.89041245e-15  -7.44501313e-14  -2.86609839e-15
  1.96000000e-05   3.61378748e-04   4.55680036e-04  -1.22013768e-02   1.29844407e-14  -7.23017854e-14  -2.31565501e-15
  1.96800000e-05   3.12957050e-04   3.87963457e-04  -1.19077798e-02   1.57991924e-14  -7.00250883e-14  -1.86623427e-15
  1.97600000e-05   2.66469981e-04   3.25675323e-04  -1.15963317e-02   1.83313416e-14  -6.75568817e-14  -1.47605789e-15
  1.98400000e-05   2.17038591e-04   2.53471378e-04  -1.13006191e-02   2.06559721e-14  -6.51253824e-14  -1.06403705e-15
  1.99200000e-05   1.73565825e-04   1.94856507e-04  -1.10264003e-02   2.27655745e-14  -6.27598277e-14  -7.50728698e-16
  2.00000000e-05   1.34191092e-04   1.42068610e-04  -1.07513465e-02   2.46462084e-14  -6.03474042e-14  -4.89814946e-16
  2.00800000e-05   8.48549486e-05   7.83116934e-05  -1.04494880e-02   2.62629891e-14  -5.77859101e-14  -2.19797169e-16
  2.01600000e-05   4.48184323e-05   2.78941378e-05  -1.01929092e-02   2.77628464e-14  -5.54530899e-14  -2.96803270e-17
  2.02400000e-05   1.86731496e-06  -2.69988087e-05  -9.90213759e-03   2.89805540e-14  -5.29443928e-14   1.49821323e-16
  2.03200000e-05  -3.91063577e-05  -7.52060221e-05  -9.62612846e-03   3.00377116e-14  -5.05282352e-14   2.72732916e-16
  2.04000000e-05  -7.62939764e-05  -1.20888161e-04  -9.36581930e-03   3.09614986e-14  -4.82108772e-14   3.70063560e-16
  2.04800000e-05  -1.10816236e-04  -1.63226271e-04  -9.11285469e-03   3.17383461e-14  -4.59550884e-14   4.37179547e-16
  2.05600000e-05  -1.47095422e-04  -2.08762122e-04  -8.84434189e-03   3.23080585e-14  -4.36615805e-14   4.93255091e-16
  2.06400000e-05  -1.81796610e-04  -2.49117181e-04  -8.63848893e-03   3.29543447e-14  -4.17078540e-14   5.09250511e-16
  2.07200000e-05  -2.15049809e-04  -2.86557440e-04  -8.39809514e-03   3.33357305e-14  -3.96237534e-14   4.98403366e-16
  2.08000000e-05  -2.49459698e-04  -3.27905697e-04  -8.18961992e-03   3.37265264e-14  -3.77322357e-14   4.83441964e-16
  2.08800000e-05  -2.75167030e-04  -3.61916663e-04  -7.96856578e-03   3.39398671e-14  -3.58105342e-14   4.54447729e-16
  2.09600000e-05  -3.11930118e-04  -4.03656287e-04  -7.74283710e-03   3.40363837e-14  -3.39382012e-14   3.98096339e-16
  2.10400000e-05  -3.42054990e-04  -4.40209347e-04  -7.54146992e-03   3.41273572e-14  -3.22075119e-14   3.32112308e-16
  2.11200000e-05  -3.71475876e-04  -4.75123416e-04  -7.33413129e-03   3.40946574e-14  -3.05006325e-14   2.49003174e-16
  2.12000000e-05  -3.98656973e-04  -5.10369718e-04  -7.15305376e-03   3.40973056e-14  -2.89431122e-14   1.64763108e-16
  2.12800000e-05  -4.24823716e-04  -5.41541308e-04  -7.00061374e-03   3.41531496e-14  -2.75360968e-14   5.75472326e-17
  2.13600000e-05  -4.51718356e-04  -5.74519258e-04  -6.81921957e-03   3.40053946e-14  -2.60622591e-14  -5.68380534e-17
  2.14400000e-05  -4.78739465e-04  -6.06474903e-04  -6.65485497e-03   3.38701478e-14  -2.46981973e-14  -1.85750045e-16
  2.15200000e-05  -4.99563772e-04  -6.34306070e-04  -6.50546395e-03   3.37428863e-14  -2.34157428e-14  -3.08045020e-16
  2.16000000e-05  -5.19852545e-04  -6.60233129e-04  -6.33902145e-03   3.34700970e-14  -2.21156182e-14  -4.41401138e-16
  2.16800000e-05  -5.45722769e-04  -6.90980901e-04  -6.21739771e-03   3.33838279e-14  -2.10134680e-14  -5.94848541e-16
  2.17600000e-05  -5.63879406e-04  -7.15140291e-04  -6.03187676e-03   3.29057215e-14  -1.97336333e-14  -7.36510798e-16
  2.18400000e-05  -5.82360176e-04  -7.39328122e-04  -5.93321118e-03   3.28375726e-14  -1.87635340e-14  -8.84999041e-16
  2.19200000e-05  -6.02513740e-04  -7.66173455e-04  -5.79042179e-03   3.25017035e-14  -1.76968665e-14  -1.04031343e-15
  2.20000000e-05  -6.20673901e-04  -7.88814212e-04  -5.68208510e-03   3.23062647e-14  -1.67594591e-14  -1.20229735e-15
  2.20800000e-05  -6.36422095e-04  -8.10208667e-04  -5.57389405e-03   3.20767576e-14  -1.58474820e-14  -1.35894044e-15
  2.21600000e-05  -6.54704232e-04  -8.35489230e-04  -5.45710692e-03   3.17759504e-14  -1.49470557e-14  -1.52383768e-15
  2.22400000e-05  -6.70369891e-04  -8.57484022e-04  -5.33580261e-03   3.14131865e-14  -1.40638854e-14  -1.68651242e-15
  2.23200000e-05  -6.85437362e-04  -8.79156201e-04  -5.25306771e-03   3.12393445e-14  -1.32996367e-14  -1.85037702e-15
  2.24000000e-05  -6.99284105e-04  -9.00028825e-04  -5.14246956e-03   3.08818368e-14  -1.24955248e-14  -2.01242710e-15
  2.24800000e-05  -7.10784058e-04  -9.18243627e-04  -5.04672845e-03   3.05800675e-14  -1.17478336e-14  -2.16941553e-15
  2.25600000e-05  -7.24215768e-04  -9.36108159e-04  -4.97157112e-03   3.03749001e-14  -1.10691486e-14  -2.34051994e-15
  2.26400000e-05  -7.32975560e-04  -9.53764824e-04  -4.87284159e-03   3.00131043e-14  -1.03592058e-14  -2.48697308e-15
  2.27200000e-05  -7.44119009e-04  -9.71497141e-04  -4.79183467e-03   2.97353198e-14  -9.71049368e-15  -2.64886015e-15
  2.28000000e-05  -7.49978778e-04  -9.87008410e-04  -4.69034885e-03   2.93154660e-14  -9.04119079e-15  -2.78491993e-15
  2.28800000e-05  -7.61045186e-04  -1.00193121e-03  -4.62519010e-03   2.90917556e-14  -8.46318211e-15  -2.95352493e-15
  2.29600000e-05  -7.68819108e-04  -1.01565962e-03  -4.56802363e-03   2.88994523e-14  -7.90702957e-15  -3.10585094e-15
  2.30400000e-05  -7.75256829e-04  -1.03165364e-03  -4.49185735e-03   2.85842282e-14  -7.33851099e-15  -3.24794744e-15
  2.31200000e-05  -7.82907045e-04  -1.04488614e-03  -4.42299508e-03   2.82943680e-14  -6.80112138e-15  -3.40164579e-15
  2.32000000e-05  -7.88442780e-04  -1.05902366e-03  -4.36015252e-03   2.80297626e-14  -6.28468726e-15  -3.54213101e-15
  2.32800000e-05  -7.93063776e-04  -1.07107079e-03  -4.30901159e-03   2.78208860e-14  -5.79468627e-15  -3.68001276e-15
  2.33600000e-05  -7.99011015e-04  -1.08480825e-03  -4.24143088e-03   2.75045939e-14  -5.30501227e-15  -3.82454715e-15
  2.34400000e-05  -8.03463870e-04  -1.09657520e-03  -4.18728909e-03   2.72560973e-14  -4.84153027e-15  -3.96203536e-15
  2.35200000e-05  -8.06735313e-04  -1.10749249e-03  -4.13863323e-03   2.70302578e-14  -4.39298550e-15  -4.09339607e-15
  2.36000000e-05  -8.09788067e-04  -1.11763154e-03  -4.08019893e-03   2.67343494e-14  -3.95134349e-15  -4.22357128e-15
  2.36800000e-05  -8.11790446e-04  -1.12604189e-03  -4.03883005e-03   2.65315247e-14  -3.53203486e-15  -4.34799653e-15
  2.37600000e-05  -8.14031650e-04  -1.13451372e-03  -4.01928864e-03   2.64550791e-14  -3.13299158e-15  -4.47363983e-15
  2.38400000e-05  -8.13211417e-04  -1.14297022e-03  -3.95084983e-03   2.60709626e-14  -2.71679864e-15  -4.58027647e-15
  2.39200000e-05  -8.12967005e-04  -1.14888492e-03  -3.91034503e-03   2.58472441e-14  -2.32580131e-15  -4.69034789e-15
  2.40000000e-05  -8.13903528e-04  -1.15563215e-03  -3.87105377e-03   2.56255619e-14  -1.94728773e-15  -4.80654314e-15
  2.40800000e-05  -8.12612522e-04  -1.15930705e-03  -3.83073499e-03   2.53865088e-14  -1.57573154e-15  -4.90836311e-15
  2.41600000e-05  -8.11158562e-04  -1.16612000e-03  -3.78803368e-03   2.51313993e-14  -1.21355926e-15  -5.00797924e-15
  2.42400000e-05  -8.08282612e-04  -1.16816946e-03  -3.74752087e-03   2.48769782e-14  -8.60085188e-16  -5.09747760e-15
  2.43200000e-05  -8.04806522e-04  -1.17257117e-03  -3.73079294e-03   2.47676706e-14  -5.11516562e-16  -5.18211371e-15
  2.44000000e-05  -8.02486456e-04  -1.17575045e-03  -3.69697176e-03   2.45457231e-14  -1.73670971e-16  -5.27280648e-15
  2.44800000e-05  -7.99778677e-04  -1.17916224e-03  -3.65865613e-03   2.42913840e-14   1.54135458e-16  -5.35974986e-15
  2.45600000e-05  -7.96088583e-04  -1.18123147e-03  -3.64588156e-03   2.41883880e-14   4.85400370e-16  -5.43886833e-15
  2.46400000e-05  -7.92092531e-04  -1.18255732e-03  -3.64181546e-03   2.41334619e-14   8.19159892e-16  -5.51500718e-15
  2.47200000e-05  -7.88170978e-04  -1.18578767e-03  -3.60276455e-03   2.38604742e-14   1.12841974e-15  -5.59131723e-15
  2.48000000e-05  -7.84058565e-04  -1.18734606e-03  -3.57946053e-03   2.36784131e-14   1.43878168e-15  -5.66386868e-15
  2.48800000e-05  -7.79528491e-04  -1.18680813e-03  -3.58428330e-03   2.36628168e-14   1.76695394e-15  -5.73137597e-15
  2.49600000e-05  -7.74261526e-04  -1.18653917e-03  -3.54174220e-03   2.33515358e-14   2.05386286e-15  -5.79296385e-15
  2.50400000e-05  -7.67901668e-04  -1.18423212e-03  -3.52125129e-03   2.31700468e-14   2.35262387e-15  -5.84405050e-15
  2.51200000e-05  -7.61983432e-04  -1.18347727e-03  -3.51087527e-03   2.30491256e-14   2.65555597e-15  -5.89762961e-15
  2.52000000e-05  -7.55746470e-04  -1.17777143e-03  -3.49273514e-03   2.28707559e-14   2.94680002e-15  -5.94237726e-15
  2.52800000e-05  -7.48859938e-04  -1.17536736e-03  -3.47516176e-03   2.26966933e-14   3.23412189e-15  -5.98473599e-15
  2.53600000e-05  -7.41097290e-04  -1.17190431e-03  -3.45836201e-03   2.25229003e-14   3.51830857e-15  -6.01868205e-15
  2.54400000e-05  -7.33045634e-04  -1.16700161e-03  -3.45404600e-03   2.24204511e-14   3.81486190e-15  -6.04715854e-15
  2.55200000e-05  -7.25411815e-04  -1.16256768e-03  -3.45455273e-03   2.23444375e-14   4.11569742e-15  -6.07710965e-15
  2.56000000e-05  -7.14823199e-04  -1.15213449e-03  -3.43775133e-03   2.21531400e-14   4.39211945e-15  -6.07836015e-15
  2.56800000e-05  -7.06499944e-04  -1.14562360e-03  -3.43658717e-03   2.20582663e-14   4.68594877e-15  -6.09689101e-15
  2.57600000e-05  -6.97799739e-04  -1.14050336e-03  -3.42987274e-03   2.19281269e-14   4.96899746e-15  -6.11352115e-15
  2.58400000e-05  -6.89061844e-04  -1.13372753e-03  -3.43878546e-03   2.18869711e-14   5.27721850e-15  -6.12553612e-15
  2.59200000e-05  -6.79280356e-04  -1.12460094e-03  -3.42516125e-03   2.17046773e-14   5.54489074e-15  -6.12506939e-15
  2.60000000e-05  -6.67981156e-04  -1.11540877e-03  -3.43229270e-03   2.16439978e-14   5.84904658e-15  -6.11307437e-15
  2.60800000e-05  -6.58589062e-04  -1.10485603e-03  -3.42616670e-03   2.14992975e-14   6.12533913e-15  -6.10793983e-15
  2.61600000e-05  -6.47116472e-04  -1.09624999e-03  -3.43369545e-03   2.14347474e-14   6.42898249e-15  -6.09213903e-15
  2.62400000e-05  -6.36517940e-04  -1.08593753e-03  -3.43369503e-03   2.13206850e-14   6.71491531e-15  -6.07595515e-15
  2.63200000e-05  -6.25279757e-04  -1.07575571e-03  -3.44770179e-03   2.12859071e-14   7.03122976e-15  -6.05433232e-15
  2.64000000e-05  -6.14138068e-04  -1.06313414e-03  -3.47198012e-03   2.13047783e-14   7.37271052e-15  -6.02602978e-15
  2.64800000e-05  -6.02312605e-04  -1.05079659e-03  -3.45998155e-03   2.11085138e-14   7.62989349e-15  -5.99176317e-15
  2.65600000e-05  -5.89799709e-04  -1.03893714e-03  -3.46371261e-03   2.10016794e-14   7.92225022e-15  -5.95242929e-15
  2.66400000e-05  -5.78258018e-04  -1.02320522e-03  -3.46163402e-03   2.08547878e-14   8.19802772e-15  -5.90695403e-15
  2.67200000e-05  -5.66076692e-04  -1.00946120e-03  -3.47496401e-03   2.07953354e-14   8.51206552e-15  -5.86030660e-15
  2.68000000e-05  -5.50886377e-04  -9.96443790e-04  -3.48200606e-03   2.06968718e-14   8.81175289e-15  -5.79609593e-15
  2.68800000e-05  -5.39456546e-04  -9.80217515e-04  -3.49167440e-03   2.06074732e-14   9.11466397e-15  -5.74257140e-15
  2.69600000e-05  -5.27374731e-04  -9.64444768e-04  -3.50482017e-03   2.05346861e-14   9.42721982e-15  -5.68403125e-15
  2.70400000e-05  -5.15175502e-04  -9.48973716e-04  -3.51015760e-03   2.04142115e-14   9.71801673e-15  -5.62340680e-15
  2.71200000e-05  -5.02003847e-04  -9.32496758e-04  -3.52694916e-03   2.03533884e-14   1.00426782e-14  -5.55217645e-15
  2.72000000e-05  -4.89179713e-04  -9.14794215e-04  -3.53792734e-03   2.02552512e-14   1.03501940e-14  -5.47686645e-15
  2.72800000e-05  -4.75859438e-04  -8.96161013e-04  -3.53886205e-03   2.00977142e-14   1.06261417e-14  -5.39337805e-15
  2.73600000e-05  -4.61856514e-04  -8.77610033e-04  -3.54985294e-03   1.99925228e-14   1.09321180e-14  -5.30382911e-15
  2.74400000e-05  -4.48318878e-04  -8.58576170e-04  -3.57877238e-03   1.99802189e-14   1.12960365e-14  -5.21296555e-15
  2.75200000e-05  -4.34766693e-04  -8.38225377e-04  -3.59242348e-03   1.98793759e-14   1.16118306e-14  -5.11527156e-15
  2.76000000e-05  -4.21383097e-04  -8.17746666e-04  -3.59572751e-03   1.97189925e-14   1.18925504e-14  -5.01549229e-15
  2.76800000e-05  -4.09306367e-04  -7.98466693e-04  -3.59852705e-03   1.95533560e-14   1.21691966e-14  -4.92424012e-15
  2.77600000e-05  -3.95468062e-04  -7.78483262e-04  -3.63001058e-03   1.95349225e-14   1.25460693e-14  -4.81881320e-15
  2.78400000e-05  -3.82177511e-04  -7.57448267e-04  -3.66184200e-03   1.95114974e-14   1.29266151e-14  -4.71022445e-15
  2.79200000e-05  -3.68164704e-04  -7.37688919e-04  -3.68142733e-03   1.94185932e-14   1.32661931e-14  -4.60027124e-15
  2.80000000e-05  -3.54700437e-04  -7.16740740e-04  -3.70275784e-03   1.93284841e-14   1.36130475e-14  -4.48661463e-15
  2.80800000e-05  -3.39910277e-04  -6.95185444e-04  -3.70334820e-03   1.91277264e-14   1.38823123e-14  -4.36159156e-15
  2.81600000e-05  -3.26447107e-04  -6.73841361e-04  -3.72974507e-03   1.90532419e-14   1.42484240e-14  -4.24185911e-15
  2.82400000e-05  -3.12627343e-04  -6.52708918e-04  -3.75236762e-03   1.89537111e-14   1.46015667e-14  -4.11900504e-15
  2.83200000e-05  -2.99914618e-04  -6.30058594e-04  -3.76968172e-03   1.88217669e-14   1.49334313e-14  -3.99340339e-15
  2.84000000e-05  -2.86154691e-04  -6.06754340e-04  -3.79246591e-03   1.87103126e-14   1.52885526e-14  -3.85776423e-15
  2.84800000e-05  -2.71901935e-04  -5.83051208e-04  -3.83065834e-03   1.86657481e-14   1.57092772e-14  -3.71595815e-15
  2.85600000e-05  -2.58168665e-04  -5.60894868e-04  -3.84835009e-03   1.85160242e-14   1.60468140e-14  -3.58097173e-15
  2.86400000e-05  -2.47832107e-04  -5.39744460e-04  -3.86995774e-03   1.83790179e-14   1.63997101e-14  -3.46426609e-15
  2.87200000e-05  -2.34669212e-04  -5.17892997e-04  -3.89389555e-03   1.82457815e-14   1.67644406e-14  -3.32929053e-15
  2.88000000e-05  -2.20197757e-04  -4.93746110e-04  -3.92424776e-03   1.81337496e-14   1.71587313e-14  -3.17642223e-15
  2.88800000e-05  -2.07494585e-04  -4.71654901e-04  -3.95111995e-03   1.79985232e-14   1.75385312e-14  -3.03881696e-15
  2.89600000e-05  -1.95427234e-04  -4.48983683e-04  -3.96823140e-03   1.78120574e-14   1.78746847e-14  -2.89963001e-15
  2.90400000e-05  -1.85019079e-04  -4.26772258e-04  -3.99056435e-03   1.76421138e-14   1.82336217e-14  -2.76796227e-15
  2.91200000e-05  -1.73430235e-04  -4.04039497e-04  -4.02011128e-03   1.74957366e-14   1.86265647e-14  -2.62683214e-15
  2.92000000e-05  -1.61313769e-04  -3.81409773e-04  -4.05326143e-03   1.73558372e-14   1.90378183e-14  -2.48218518e-15
  2.92800000e-05  -1.49127630e-04  -3.57932293e-04  -4.08453120e-03   1.71977074e-14   1.94420466e-14  -2.33162367e-15
  2.93600000e-05  -1.38642369e-04  -3.34917931e-04  -4.11357041e-03   1.70207458e-14   1.98362749e-14  -2.18868763e-15
  2.94400000e-05  -1.27634348e-04  -3.12337985e-04  -4.14296605e-03   1.68359390e-14   2.02330731e-14  -2.04404315e-15
  2.95200000e-05  -1.16783727e-04  -2.90031472e-04  -4.17038729e-03   1.66339775e-14   2.06203719e-14  -1.89985585e-15
  2.96000000e-05  -1.06388179e-04  -2.67705694e-04  -4.19398918e-03   1.64078432e-14   2.09883315e-14  -1.75591688e-15
  2.96800000e-05  -9.76003438e-05  -2.46700625e-04  -4.24584647e-03   1.62805710e-14   2.14987978e-14  -1.62341155e-15
  2.97600000e-05  -8.71014184e-05  -2.22902761e-04  -4.27383585e-03   1.60491885e-14   2.18902321e-14  -1.46877430e-15
  2.98400000e-05  -7.86997333e-05  -2.01898111e-04  -4.29736863e-03   1.57919304e-14   2.22577085e-14  -1.33491225e-15
  2.99200000e-05  -6.93528458e-05  -1.80615433e-04  -4.33379132e-03   1.55711246e-14   2.26919025e-14  -1.19489131e-15
  3.00000000e-05  -6.06238034e-05  -1.59414616e-04  -4.36711996e-03   1.53271998e-14   2.31099495e-14  -1.05636138e-15
  3.00800000e-05  -5.21082623e-05  -1.37111292e-04  -4.40216947e-03   1.50772242e-14   2.35367173e-14  -9.11550021e-16
  3.01600000e-05  -4.30358964e-05  -1.17335072e-04  -4.43171303e-03   1.47974936e-14   2.39333677e-14  -7.77362345e-16
  3.02400000e-05  -3.46776387e-05  -9.79854486e-05  -4.46602870e-03   1.45218820e-14   2.43546144e-14  -6.47103408e-16
  3.03200000e-05  -2.70466301e-05  -7.81891449e-05  -4.49995759e-03   1.42324563e-14   2.47725236e-14  -5.15978734e-16
  3.04000000e-05  -2.01168131e-05  -5.88158130e-05  -4.53059909e-03   1.39205992e-14   2.51705704e-14  -3.88572376e-16
  3.04800000e-05  -1.37259117e-05  -3.95054985e-05  -4.55911704e-03   1.35905183e-14   2.55544955e-14  -2.62350216e-16
