       time             b_x              b_y              b_z              F_x              F_y              F_z
  0.00000000e+00   4.49798598e-05   3.22372898e-05  -2.30314988e-03   2.00382881e-15   2.01798785e-14   3.21592849e-16
  8.00000000e-08   8.20120735e-05   5.81765837e-05  -2.31139006e-03   1.84772691e-15   2.02630228e-14   5.75571117e-16
  1.60000000e-07   1.18835547e-04   8.54795685e-05  -2.31882707e-03   1.68922071e-15   2.03381883e-14   8.36301703e-16
  2.40000000e-07   1.55840519e-04   1.12820553e-04  -2.32591643e-03   1.52856755e-15   2.04093751e-14   1.09239082e-15
  3.20000000e-07   1.92617399e-04   1.40428831e-04  -2.33285848e-03   1.36591081e-15   2.04784592e-14   1.34550137e-15
  4.00000000e-07   2.28506534e-04   1.66833558e-04  -2.34023203e-03   1.20132604e-15   2.05506705e-14   1.58234409e-15
  4.80000000e-07   2.64295525e-04   1.93301735e-04  -2.34726417e-03   1.03451525e-15   2.06191666e-14   1.81451175e-15
  5.60000000e-07   2.99893986e-04   2.20092516e-04  -2.35424922e-03   8.65616317e-16   2.06865940e-14   2.04420059e-15
  6.40000000e-07   3.34752519e-04   2.46081167e-04  -2.36082477e-03   6.94379396e-16   2.07498599e-14   2.26132625e-15
  7.20000000e-07   3.69158931e-04   2.71721536e-04  -2.36720821e-03   5.20978114e-16   2.08108751e-14   2.47003481e-15
  8.00000000e-07   4.02537090e-04   2.97176148e-04  -2.37399319e-03   3.45478157e-16   2.08749418e-14   2.67170209e-15
  8.80000000e-07   4.36344647e-04   3.22681222e-04  -2.38059917e-03   1.67721004e-16   2.09368446e-14   2.86865208e-15
  9.60000000e-07   4.69340207e-04   3.47672650e-04  -2.38729207e-03  -1.23124949e-17   2.09990396e-14   3.05576895e-15
  1.04000000e-06   5.01437118e-04   3.72406811e-04  -2.39426676e-03  -1.94696976e-16   2.10632458e-14   3.23542390e-15
  1.12000000e-06   5.33252509e-04   3.96786886e-04  -2.40175344e-03  -3.79600873e-16   2.11314502e-14   3.40678566e-15
  1.20000000e-06   5.64592082e-04   4.21047728e-04  -2.40931236e-03  -5.67077370e-16   2.11997793e-14   3.57195341e-15
  1.28000000e-06   5.95252204e-04   4.44915787e-04  -2.41736999e-03  -7.57305797e-16   2.12719756e-14   3.72861824e-15
  1.36000000e-06   6.25246334e-04   4.68555583e-04  -2.42585171e-03  -9.50437582e-16   2.13473457e-14   3.87829165e-15
  1.44000000e-06   6.54234351e-04   4.91815240e-04  -2.43420367e-03  -1.14632074e-15   2.14209742e-14   4.01987693e-15
  1.52000000e-06   6.82873079e-04   5.14893864e-04  -2.44327944e-03  -1.34546169e-15   2.15003278e-14   4.15491045e-15
  1.60000000e-06   7.10707866e-04   5.37955358e-04  -2.45243945e-03  -1.54767011e-15   2.15797170e-14   4.28511417e-15
  1.68000000e-06   7.38331395e-04   5.60435906e-04  -2.46314949e-03  -1.75402712e-15   2.16719821e-14   4.40521521e-15
  1.76000000e-06   7.64522671e-04   5.82731123e-04  -2.47399467e-03  -1.96390395e-15   2.17645375e-14   4.51958302e-15
  1.84000000e-06   7.90393788e-04   6.04299176e-04  -2.48565575e-03  -2.17785968e-15   2.18633426e-14   4.62277739e-15
  1.92000000e-06   8.15807399e-04   6.26111020e-04  -2.49833326e-03  -2.39645918e-15   2.19700426e-14   4.72340371e-15
  2.00000000e-06   8.40981977e-04   6.47764587e-04  -2.51063198e-03  -2.61851952e-15   2.20723580e-14   4.81773683e-15
  2.08000000e-06   8.66319272e-04   6.69766301e-04  -2.52462942e-03  -2.84634718e-15   2.21884381e-14   4.90971965e-15
  2.16000000e-06   8.90223998e-04   6.90410391e-04  -2.53925360e-03  -3.07893944e-15   2.23085485e-14   4.98615339e-15
  2.24000000e-06   9.14127976e-04   7.11862578e-04  -2.55471826e-03  -3.31709062e-15   2.24346346e-14   5.06440640e-15
  2.32000000e-06   9.37175574e-04   7.32440668e-04  -2.57083251e-03  -3.56055831e-15   2.25647453e-14   5.13081609e-15
  2.40000000e-06   9.60089302e-04   7.53250536e-04  -2.58833867e-03  -3.81080944e-15   2.27053233e-14   5.19409602e-15
  2.48000000e-06   9.82719057e-04   7.74117318e-04  -2.60682115e-03  -4.06761181e-15   2.28525500e-14   5.25284791e-15
  2.56000000e-06   1.00534903e-03   7.94648922e-04  -2.62663580e-03  -4.33177925e-15   2.30093857e-14   5.30314613e-15
  2.64000000e-06   1.02734422e-03   8.15125772e-04  -2.64785863e-03  -4.60393143e-15   2.31761343e-14   5.34833765e-15
  2.72000000e-06   1.04914439e-03   8.35639346e-04  -2.66983886e-03  -4.88342164e-15   2.33470489e-14   5.38845187e-15
  2.80000000e-06   1.07066703e-03   8.56275114e-04  -2.69355199e-03  -5.17235683e-15   2.35303114e-14   5.42426811e-15
  2.88000000e-06   1.09206791e-03   8.77075704e-04  -2.71864550e-03  -5.47064644e-15   2.37226649e-14   5.45575199e-15
  2.96000000e-06   1.11402664e-03   8.97715360e-04  -2.74507488e-03  -5.77860970e-15   2.39236825e-14   5.47858718e-15
  3.04000000e-06   1.13567566e-03   9.19096292e-04  -2.77359466e-03  -6.09861045e-15   2.41392481e-14   5.50197554e-15
  3.12000000e-06   1.15688401e-03   9.40099179e-04  -2.80191991e-03  -6.42592337e-15   2.43494722e-14   5.51652841e-15
  3.20000000e-06   1.17722352e-03   9.60628140e-04  -2.83244850e-03  -6.76600376e-15   2.45743227e-14   5.52232003e-15
  3.28000000e-06   1.19815131e-03   9.82042467e-04  -2.86429729e-03  -7.11804123e-15   2.48064778e-14   5.52754221e-15
  3.36000000e-06   1.21937940e-03   1.00380097e-03  -2.89875579e-03  -7.48552453e-15   2.50563807e-14   5.52786301e-15
  3.44000000e-06   1.24086469e-03   1.02572590e-03  -2.93415754e-03  -7.86506192e-15   2.53094723e-14   5.52155211e-15
  3.52000000e-06   1.26238975e-03   1.04800312e-03  -2.97115571e-03  -8.25887208e-15   2.55707585e-14   5.51042115e-15
  3.60000000e-06   1.28381632e-03   1.07039904e-03  -3.01095985e-03  -8.67074609e-15   2.58498108e-14   5.49258975e-15
  3.68000000e-06   1.30585454e-03   1.09323112e-03  -3.05119347e-03  -9.09517599e-15   2.61265553e-14   5.46847864e-15
  3.76000000e-06   1.32889656e-03   1.11699082e-03  -3.09512582e-03  -9.54223961e-15   2.64279475e-14   5.44053014e-15
  3.84000000e-06   1.35133664e-03   1.14046329e-03  -3.14077263e-03  -1.00066478e-14   2.67359056e-14   5.40280084e-15
  3.92000000e-06   1.37612726e-03   1.16605824e-03  -3.18716868e-03  -1.04875365e-14   2.70435174e-14   5.36593229e-15
  4.00000000e-06   1.39858043e-03   1.18977071e-03  -3.23739026e-03  -1.09927860e-14   2.73727310e-14   5.31075245e-15
  4.08000000e-06   1.42209777e-03   1.21474486e-03  -3.28888580e-03  -1.15172599e-14   2.77036927e-14   5.25231027e-15
  4.16000000e-06   1.44712909e-03   1.24226870e-03  -3.34250327e-03  -1.20653403e-14   2.80428922e-14   5.19870915e-15
  4.24000000e-06   1.47267396e-03   1.26970581e-03  -3.39870827e-03  -1.26379048e-14   2.83926258e-14   5.13099897e-15
  4.32000000e-06   1.49914991e-03   1.29781578e-03  -3.45773557e-03  -1.32373852e-14   2.87539957e-14   5.05318119e-15
  4.40000000e-06   1.52699669e-03   1.32701010e-03  -3.51900054e-03  -1.38631108e-14   2.91215415e-14   4.96608483e-15
  4.48000000e-06   1.55432010e-03   1.35537324e-03  -3.58376241e-03  -1.45194666e-14   2.95027736e-14   4.86063781e-15
  4.56000000e-06   1.58385408e-03   1.38619999e-03  -3.65100376e-03  -1.52062540e-14   2.98902235e-14   4.75193708e-15
  4.64000000e-06   1.61556847e-03   1.41833453e-03  -3.72104539e-03  -1.59251422e-14   3.02850640e-14   4.62939646e-15
  4.72000000e-06   1.64732564e-03   1.45176344e-03  -3.79414338e-03  -1.66784076e-14   3.06862292e-14   4.50019291e-15
  4.80000000e-06   1.67934200e-03   1.48482555e-03  -3.87097316e-03  -1.74689679e-14   3.10973595e-14   4.34975435e-15
  4.88000000e-06   1.71378048e-03   1.52022526e-03  -3.95032525e-03  -1.82951966e-14   3.15090355e-14   4.18873889e-15
  4.96000000e-06   1.75121500e-03   1.55870278e-03  -4.03322921e-03  -1.91635029e-14   3.19277314e-14   4.01822686e-15
  5.04000000e-06   1.78907211e-03   1.59603287e-03  -4.11827208e-03  -2.00656124e-14   3.23385818e-14   3.81582653e-15
  5.12000000e-06   1.83155494e-03   1.63871919e-03  -4.21056200e-03  -2.10317674e-14   3.27809171e-14   3.60946600e-15
  5.20000000e-06   1.87241846e-03   1.67951939e-03  -4.30467031e-03  -2.20329070e-14   3.32062671e-14   3.37209280e-15
  5.28000000e-06   1.91829572e-03   1.72458848e-03  -4.40263928e-03  -2.30850076e-14   3.36327381e-14   3.11603122e-15
  5.36000000e-06   1.96589549e-03   1.77111316e-03  -4.50407071e-03  -2.41852664e-14   3.40517159e-14   2.83382232e-15
  5.44000000e-06   2.01611513e-03   1.81947875e-03  -4.60920951e-03  -2.53366325e-14   3.44625631e-14   2.52154581e-15
  5.52000000e-06   2.06870311e-03   1.86964325e-03  -4.72066131e-03  -2.65542906e-14   3.48797620e-14   2.17761184e-15
  5.60000000e-06   2.12565923e-03   1.92351939e-03  -4.83487716e-03  -2.78231306e-14   3.52760812e-14   1.80185174e-15
  5.68000000e-06   2.18487094e-03   1.97977142e-03  -4.95463117e-03  -2.91582631e-14   3.56646879e-14   1.39281566e-15
  5.76000000e-06   2.24832501e-03   2.03895896e-03  -5.07941551e-03  -3.05592216e-14   3.60389384e-14   9.40040039e-16
  5.84000000e-06   2.31619605e-03   2.10132746e-03  -5.20788169e-03  -3.20198725e-14   3.63849250e-14   4.40167463e-16
  5.92000000e-06   2.38875060e-03   2.16686874e-03  -5.34098114e-03  -3.35466138e-14   3.67038394e-14  -1.12730521e-16
  6.00000000e-06   2.46864057e-03   2.23791988e-03  -5.47992503e-03  -3.51498277e-14   3.69997736e-14  -7.24419025e-16
  6.08000000e-06   2.54993972e-03   2.30916189e-03  -5.62467755e-03  -3.68256253e-14   3.72601987e-14  -1.39799906e-15
  6.16000000e-06   2.63877343e-03   2.38681141e-03  -5.77412853e-03  -3.85736233e-14   3.74762576e-14  -2.13682341e-15
  6.24000000e-06   2.73266116e-03   2.46809479e-03  -5.92759179e-03  -4.03867243e-14   3.76341607e-14  -2.94867759e-15
  6.32000000e-06   2.83307978e-03   2.55345599e-03  -6.08593195e-03  -4.22701930e-14   3.77323701e-14  -3.84606380e-15
  6.40000000e-06   2.93991044e-03   2.64255820e-03  -6.25092675e-03  -4.42346931e-14   3.77718215e-14  -4.83637077e-15
  6.48000000e-06   3.05463816e-03   2.73690781e-03  -6.41893435e-03  -4.62557234e-14   3.77232736e-14  -5.92767799e-15
  6.56000000e-06   3.17741699e-03   2.83646589e-03  -6.59118223e-03  -4.83385821e-14   3.75839255e-14  -7.12866180e-15
  6.64000000e-06   3.30842390e-03   2.94100486e-03  -6.77293265e-03  -5.05172899e-14   3.73696590e-14  -8.44955401e-15
  6.72000000e-06   3.44830474e-03   3.05016380e-03  -6.95470304e-03  -5.27202828e-14   3.70195820e-14  -9.90406232e-15
  6.80000000e-06   3.59777885e-03   3.16440814e-03  -7.14031947e-03  -5.49687675e-14   3.65423123e-14  -1.15023815e-14
  6.88000000e-06   3.76176842e-03   3.28767209e-03  -7.33071058e-03  -5.72653558e-14   3.59319528e-14  -1.32710912e-14
  6.96000000e-06   3.93289660e-03   3.41353972e-03  -7.52190243e-03  -5.95669581e-14   3.51513956e-14  -1.51929652e-14
  7.04000000e-06   4.11404168e-03   3.54382473e-03  -7.71924666e-03  -6.19055843e-14   3.42117238e-14  -1.72868943e-14
  7.12000000e-06   4.30892727e-03   3.67963379e-03  -7.91438018e-03  -6.42049903e-14   3.30650184e-14  -1.95830212e-14
  7.20000000e-06   4.51495917e-03   3.82084730e-03  -8.10915963e-03  -6.64643020e-14   3.17034687e-14  -2.20675761e-14
  7.28000000e-06   4.73445038e-03   3.96618318e-03  -8.30796055e-03  -6.87016852e-14   3.01283586e-14  -2.47678271e-14
  7.36000000e-06   4.96770211e-03   4.11541144e-03  -8.50203181e-03  -7.08278065e-14   2.82936820e-14  -2.76888286e-14
  7.44000000e-06   5.21312674e-03   4.26824093e-03  -8.69179721e-03  -7.28241049e-14   2.61878357e-14  -3.08181714e-14
  7.52000000e-06   5.47187168e-03   4.42264241e-03  -8.87615996e-03  -7.46578943e-14   2.37956910e-14  -3.41677692e-14
  7.60000000e-06   5.74352397e-03   4.57916652e-03  -9.05382693e-03  -7.62932753e-14   2.11023903e-14  -3.77255826e-14
  7.68000000e-06   6.02836275e-03   4.73612236e-03  -9.22281678e-03  -7.76871031e-14   1.80938055e-14  -4.14874947e-14
  7.76000000e-06   6.32533555e-03   4.89274369e-03  -9.38044119e-03  -7.87889807e-14   1.47572667e-14  -4.54310419e-14
  7.84000000e-06   6.63226123e-03   5.04600253e-03  -9.52056005e-03  -7.95197159e-14   1.10810672e-14  -4.95223425e-14
  7.92000000e-06   6.95052863e-03   5.19574616e-03  -9.65169837e-03  -7.99265802e-14   7.07991342e-15  -5.37466600e-14
  8.00000000e-06   7.27705598e-03   5.34076858e-03  -9.76447346e-03  -7.99043190e-14   2.74268867e-15  -5.80492271e-14
  8.08000000e-06   7.61136748e-03   5.47840119e-03  -9.85805192e-03  -7.94265339e-14  -1.91982726e-15  -6.23918525e-14
  8.16000000e-06   7.95095065e-03   5.60769574e-03  -9.92905464e-03  -7.84476407e-14  -6.89311302e-15  -6.67120712e-14
  8.24000000e-06   8.29061296e-03   5.72317472e-03  -9.97144801e-03  -7.69119049e-14  -1.21496507e-14  -7.09206334e-14
  8.32000000e-06   8.63382858e-03   5.83029701e-03  -9.99676972e-03  -7.49067137e-14  -1.76645782e-14  -7.49963723e-14
  8.40000000e-06   8.97236123e-03   5.92171135e-03  -9.99311233e-03  -7.23453244e-14  -2.33954177e-14  -7.88192175e-14
  8.48000000e-06   9.30539431e-03   5.99728202e-03  -9.95736604e-03  -6.92161377e-14  -2.92968975e-14  -8.23295244e-14
  8.56000000e-06   9.63366127e-03   6.06009749e-03  -9.89815350e-03  -6.56068276e-14  -3.53330262e-14  -8.54862008e-14
  8.64000000e-06   9.94668173e-03   6.10273685e-03  -9.80489637e-03  -6.14802752e-14  -4.14206148e-14  -8.81502272e-14
  8.72000000e-06   1.02493745e-02   6.13095458e-03  -9.68701424e-03  -5.69397347e-14  -4.75307008e-14  -9.03276501e-14
  8.80000000e-06   1.05293856e-02   6.13842441e-03  -9.53668062e-03  -5.19928059e-14  -5.35578206e-14  -9.18781881e-14
  8.88000000e-06   1.08004496e-02   6.13384953e-03  -9.36161527e-03  -4.67258495e-14  -5.95099210e-14  -9.28990413e-14
  8.96000000e-06   1.10314398e-02   6.10434954e-03  -9.15598172e-03  -4.12081858e-14  -6.51971044e-14  -9.31163430e-14
  9.04000000e-06   1.12616649e-02   6.06888380e-03  -8.93185682e-03  -3.55188826e-14  -7.07521461e-14  -9.28573220e-14
  9.12000000e-06   1.14568969e-02   6.01375778e-03  -8.69157812e-03  -2.97966842e-14  -7.59832928e-14  -9.18501388e-14
  9.20000000e-06   1.16203076e-02   5.94421550e-03  -8.42858745e-03  -2.40398616e-14  -8.08368878e-14  -9.01530029e-14
  9.28000000e-06   1.17570876e-02   5.86147223e-03  -8.14860907e-03  -1.83489727e-14  -8.53047793e-14  -8.78361040e-14
  9.36000000e-06   1.18628484e-02   5.76587416e-03  -7.84978188e-03  -1.27747406e-14  -8.93186359e-14  -8.49125282e-14
  9.44000000e-06   1.19443589e-02   5.66468314e-03  -7.55000524e-03  -7.43682366e-15  -9.29271964e-14  -8.14875213e-14
  9.52000000e-06   1.20003008e-02   5.55610514e-03  -7.24285059e-03  -2.34818179e-15  -9.60848516e-14  -7.75987877e-14
  9.60000000e-06   1.20332386e-02   5.44559625e-03  -6.92744936e-03   2.49175916e-15  -9.87871058e-14  -7.33272427e-14
  9.68000000e-06   1.20434059e-02   5.33161243e-03  -6.61084495e-03   7.00832513e-15  -1.01041855e-13  -6.87222144e-14
  9.76000000e-06   1.20299711e-02   5.21653242e-03  -6.29434640e-03   1.11898776e-14  -1.02837934e-13  -6.38419763e-14
  9.84000000e-06   1.19922176e-02   5.09993681e-03  -5.98211800e-03   1.50013222e-14  -1.04175307e-13  -5.87397913e-14
  9.92000000e-06   1.19312019e-02   4.98192629e-03  -5.67387461e-03   1.84360964e-14  -1.05059583e-13  -5.34792059e-14
  1.00000000e-05   1.18579988e-02   4.86733775e-03  -5.37327782e-03   2.15182644e-14  -1.05589720e-13  -4.81600404e-14
  1.00800000e-05   1.17645994e-02   4.75685819e-03  -5.07945910e-03   2.42626127e-14  -1.05709672e-13  -4.28010144e-14
  1.01600000e-05   1.16687364e-02   4.65196132e-03  -4.79336878e-03   2.66886850e-14  -1.05576312e-13  -3.74921471e-14
  1.02400000e-05   1.15577517e-02   4.55158943e-03  -4.51902426e-03   2.87916678e-14  -1.05108267e-13  -3.22287997e-14
  1.03200000e-05   1.14262701e-02   4.45276153e-03  -4.25379611e-03   3.05684444e-14  -1.04266720e-13  -2.70326862e-14
  1.04000000e-05   1.12950079e-02   4.36223825e-03  -4.00129555e-03   3.20874289e-14  -1.03246667e-13  -2.19825787e-14
  1.04800000e-05   1.11512512e-02   4.27717198e-03  -3.75855390e-03   3.33498733e-14  -1.01950498e-13  -1.70722570e-14
  1.05600000e-05   1.10060805e-02   4.20111075e-03  -3.52712315e-03   3.44050812e-14  -1.00490999e-13  -1.23354706e-14
  1.06400000e-05   1.08565250e-02   4.12698011e-03  -3.30780365e-03   3.52125685e-14  -9.88586339e-14  -7.76995535e-15
  1.07200000e-05   1.07012780e-02   4.05966303e-03  -3.10069954e-03   3.58359420e-14  -9.70561297e-14  -3.39433200e-15
  1.08000000e-05   1.05399516e-02   3.99746770e-03  -2.90452175e-03   3.62817183e-14  -9.50918157e-14   7.85359708e-16
  1.08800000e-05   1.03852587e-02   3.94319329e-03  -2.71927290e-03   3.65938276e-14  -9.30896814e-14   4.76809848e-15
  1.09600000e-05   1.02257351e-02   3.89475759e-03  -2.54470543e-03   3.67729175e-14  -9.09613425e-14   8.55019763e-15
  1.10400000e-05   1.00635500e-02   3.85013280e-03  -2.37998687e-03   3.68182602e-14  -8.87364370e-14   1.21325613e-14
  1.11200000e-05   9.90481837e-03   3.81310959e-03  -2.22755370e-03   3.67833729e-14  -8.64799928e-14   1.55214836e-14
  1.12000000e-05   9.74648205e-03   3.77944051e-03  -2.08332882e-03   3.66413419e-14  -8.41719324e-14   1.87206980e-14
  1.12800000e-05   9.59248402e-03   3.75190752e-03  -1.94903327e-03   3.64336835e-14  -8.18551226e-14   2.17424082e-14
  1.13600000e-05   9.44168972e-03   3.73098100e-03  -1.82495506e-03   3.61790250e-14  -7.95265880e-14   2.45918056e-14
  1.14400000e-05   9.28685935e-03   3.71239329e-03  -1.70795795e-03   3.58457915e-14  -7.71321842e-14   2.72546644e-14
  1.15200000e-05   9.13806311e-03   3.69999835e-03  -1.59919153e-03   3.54802302e-14  -7.47627680e-14   2.97640800e-14
  1.16000000e-05   8.99490312e-03   3.69221539e-03  -1.49942717e-03   3.50822384e-14  -7.24186090e-14   3.21297582e-14
  1.16800000e-05   8.84823086e-03   3.68457336e-03  -1.40540148e-03   3.46142937e-14  -7.00310987e-14   3.43250963e-14
  1.17600000e-05   8.70780156e-03   3.68320858e-03  -1.31980351e-03   3.41440823e-14  -6.76826657e-14   3.63921730e-14
  1.18400000e-05   8.56958462e-03   3.68477060e-03  -1.23919841e-03   3.36391308e-14  -6.53453851e-14   3.83236643e-14
  1.19200000e-05   8.43577837e-03   3.69038785e-03  -1.16511905e-03   3.31209817e-14  -6.30390224e-14   4.01356573e-14
  1.20000000e-05   8.30148469e-03   3.69898464e-03  -1.09859117e-03   3.25926656e-14  -6.07282082e-14   4.18124648e-14
  1.20800000e-05   8.17828083e-03   3.71233009e-03  -1.03406712e-03   3.20466399e-14  -5.85048447e-14   4.34179989e-14
  1.21600000e-05   8.05168258e-03   3.72642295e-03  -9.76176581e-04   3.14800544e-14  -5.62607150e-14   4.48855127e-14
  1.22400000e-05   7.92946856e-03   3.74257343e-03  -9.23100234e-04   3.08987999e-14  -5.40561355e-14   4.62593384e-14
  1.23200000e-05   7.81273980e-03   3.76271602e-03  -8.74784712e-04   3.03198399e-14  -5.18987768e-14   4.75553133e-14
  1.24000000e-05   7.69377238e-03   3.78270738e-03  -8.29998385e-04   2.97117436e-14  -4.97390741e-14   4.87314563e-14
  1.24800000e-05   7.57483848e-03   3.80502821e-03  -7.89393222e-04   2.90985061e-14  -4.75948623e-14   4.98062168e-14
  1.25600000e-05   7.46621301e-03   3.83303364e-03  -7.54473093e-04   2.85128509e-14  -4.55298147e-14   5.08509938e-14
  1.26400000e-05   7.36225359e-03   3.86211735e-03  -7.21710117e-04   2.79061615e-14  -4.35106071e-14   5.18340619e-14
  1.27200000e-05   7.25262190e-03   3.88823096e-03  -6.89236592e-04   2.72450492e-14  -4.14800116e-14   5.26875319e-14
  1.28000000e-05   7.14800701e-03   3.91771572e-03  -6.61556736e-04   2.65980978e-14  -3.94964092e-14   5.34915364e-14
  1.28800000e-05   7.04627822e-03   3.94960216e-03  -6.37134430e-04   2.59513347e-14  -3.75492456e-14   5.42361883e-14
  1.29600000e-05   6.94368211e-03   3.98179183e-03  -6.14875522e-04   2.52875218e-14  -3.56206731e-14   5.48963262e-14
  1.30400000e-05   6.84206357e-03   4.01486503e-03  -5.95663618e-04   2.46176505e-14  -3.37205255e-14   5.54879794e-14
  1.31200000e-05   6.74620953e-03   4.05123667e-03  -5.77372472e-04   2.39403669e-14  -3.18774531e-14   5.60532868e-14
  1.32000000e-05   6.65226175e-03   4.08825359e-03  -5.62671307e-04   2.32615108e-14  -3.00653697e-14   5.65637567e-14
  1.32800000e-05   6.55555377e-03   4.12255164e-03  -5.48456719e-04   2.25452645e-14  -2.82701291e-14   5.69810258e-14
  1.33600000e-05   6.46018129e-03   4.15785068e-03  -5.37636763e-04   2.18316324e-14  -2.65054368e-14   5.73447665e-14
  1.34400000e-05   6.36861725e-03   4.19495777e-03  -5.27912396e-04   2.11086606e-14  -2.47879125e-14   5.76776265e-14
  1.35200000e-05   6.27617854e-03   4.23075623e-03  -5.20138992e-04   2.03705256e-14  -2.30956696e-14   5.79401043e-14
  1.36000000e-05   6.18603353e-03   4.26737668e-03  -5.11897206e-04   1.96091090e-14  -2.14485288e-14   5.81633449e-14
  1.36800000e-05   6.09770332e-03   4.30416715e-03  -5.06743275e-04   1.88491064e-14  -1.98343790e-14   5.83446837e-14
  1.37600000e-05   6.01039534e-03   4.34104146e-03  -5.01790862e-04   1.80694569e-14  -1.82582487e-14   5.84800707e-14
  1.38400000e-05   5.92301163e-03   4.37543507e-03  -4.98942650e-04   1.72780652e-14  -1.67120425e-14   5.85552758e-14
  1.39200000e-05   5.83505935e-03   4.41092694e-03  -4.97695485e-04   1.64840292e-14  -1.51965931e-14   5.85784432e-14
  1.40000000e-05   5.74614808e-03   4.44380835e-03  -4.95832042e-04   1.56608186e-14  -1.37190701e-14   5.85368873e-14
  1.40800000e-05   5.65948439e-03   4.47716050e-03  -4.96655449e-04   1.48443203e-14  -1.22786444e-14   5.84665634e-14
  1.41600000e-05   5.57225772e-03   4.50885030e-03  -4.97664777e-04   1.40108155e-14  -1.08759051e-14   5.83405696e-14
  1.42400000e-05   5.48334468e-03   4.53693865e-03  -5.00713071e-04   1.31730304e-14  -9.50382464e-15   5.81450707e-14
  1.43200000e-05   5.39979553e-03   4.56927761e-03  -5.04227101e-04   1.23359733e-14  -8.18187998e-15   5.79628745e-14
  1.44000000e-05   5.31540312e-03   4.59933411e-03  -5.09051683e-04   1.14936662e-14  -6.89408130e-15   5.77255447e-14
  1.44800000e-05   5.23015974e-03   4.62694451e-03  -5.15336725e-04   1.06496432e-14  -5.64124076e-15   5.74335682e-14
  1.45600000e-05   5.14588751e-03   4.65383676e-03  -5.20615126e-04   9.78834873e-15  -4.43464817e-15   5.71086225e-14
  1.46400000e-05   5.06212759e-03   4.67826350e-03  -5.28303919e-04   8.93681689e-15  -3.26231665e-15   5.67425857e-14
  1.47200000e-05   4.97882592e-03   4.70268071e-03  -5.36675829e-04   8.08524756e-15  -2.12988097e-15   5.63447958e-14
  1.48000000e-05   4.89530248e-03   4.72357231e-03  -5.45362980e-04   7.22941881e-15  -1.03839135e-15   5.58990551e-14
  1.48800000e-05   4.81266952e-03   4.74398380e-03  -5.55901932e-04   6.38575313e-15   1.66598352e-17   5.54262392e-14
  1.49600000e-05   4.73150250e-03   4.76332034e-03  -5.67316234e-04   5.54738428e-15   1.03193573e-15   5.49303919e-14
  1.50400000e-05   4.64810844e-03   4.77834223e-03  -5.79248665e-04   4.71202233e-15   2.00754584e-15   5.43716952e-14
  1.51200000e-05   4.56737177e-03   4.79361033e-03  -5.93733060e-04   3.89933949e-15   2.94920083e-15   5.38070975e-14
  1.52000000e-05   4.48424376e-03   4.80498202e-03  -6.07748180e-04   3.08615833e-15   3.84653652e-15   5.31825945e-14
  1.52800000e-05   4.40185804e-03   4.81456752e-03  -6.23275690e-04   2.29028803e-15   4.70668079e-15   5.25323798e-14
  1.53600000e-05   4.32114702e-03   4.82371035e-03  -6.40276267e-04   1.51174741e-15   5.53075693e-15   5.18701910e-14
  1.54400000e-05   4.24133643e-03   4.83064547e-03  -6.57848919e-04   7.45519023e-16   6.31590967e-15   5.11848791e-14
  1.55200000e-05   4.16201541e-03   4.83640221e-03  -6.76283541e-04  -5.64508363e-18   7.06332383e-15   5.04782062e-14
  1.56000000e-05   4.08455611e-03   4.84049628e-03  -6.96141933e-04  -7.35803878e-16   7.77730489e-15   4.97608053e-14
  1.56800000e-05   4.00664289e-03   4.84236740e-03  -7.17097057e-04  -1.44554509e-15   8.45439369e-15   4.90135849e-14
  1.57600000e-05   3.92840172e-03   4.83999925e-03  -7.39488767e-04  -2.12740808e-15   9.09591900e-15   4.82318720e-14
  1.58400000e-05   3.85273814e-03   4.83844977e-03  -7.62875034e-04  -2.79204346e-15   9.70590093e-15   4.74579718e-14
  1.59200000e-05   3.77793995e-03   4.83513555e-03  -7.87621868e-04  -3.43168049e-15   1.02837547e-14   4.66704475e-14
  1.60000000e-05   3.70227593e-03   4.82870176e-03  -8.12630915e-04  -4.05094889e-15   1.08225299e-14   4.58523520e-14
  1.60800000e-05   3.62717891e-03   4.81971571e-03  -8.39003717e-04  -4.64079443e-15   1.13292145e-14   4.50183961e-14
  1.61600000e-05   3.55356854e-03   4.80985796e-03  -8.66795565e-04  -5.20404464e-15   1.18070963e-14   4.41828828e-14
  1.62400000e-05   3.47871371e-03   4.79475914e-03  -8.96843796e-04  -5.72226029e-15   1.22528295e-14   4.33110663e-14
  1.63200000e-05   3.40751430e-03   4.78199040e-03  -9.27286958e-04  -6.22851328e-15   1.26733698e-14   4.24681746e-14
  1.64000000e-05   3.33760098e-03   4.76835836e-03  -9.59072012e-04  -6.70780854e-15   1.30674114e-14   4.16257710e-14
  1.64800000e-05   3.26811191e-03   4.75064607e-03  -9.92457459e-04  -7.14839468e-15   1.34343081e-14   4.07673787e-14
  1.65600000e-05   3.20089732e-03   4.73353451e-03  -1.02650564e-03  -7.57079460e-15   1.37773821e-14   3.99241622e-14
  1.66400000e-05   3.13185840e-03   4.71099525e-03  -1.06233991e-03  -7.94698754e-15   1.40881342e-14   3.90461594e-14
  1.67200000e-05   3.06536744e-03   4.68993974e-03  -1.09920602e-03  -8.30485237e-15   1.43789885e-14   3.81904439e-14
  1.68000000e-05   2.99974127e-03   4.66736699e-03  -1.13686213e-03  -8.63607980e-15   1.46444951e-14   3.73354226e-14
  1.68800000e-05   2.93334573e-03   4.64191088e-03  -1.17573122e-03  -8.93219196e-15   1.48807506e-14   3.64657415e-14
  1.69600000e-05   2.86810395e-03   4.61384610e-03  -1.21604275e-03  -9.19172179e-15   1.50961253e-14   3.55977495e-14
  1.70400000e-05   2.80393212e-03   4.58409020e-03  -1.25734446e-03  -9.42124401e-15   1.52898379e-14   3.47346880e-14
  1.71200000e-05   2.74161568e-03   4.55466057e-03  -1.29924536e-03  -9.63197733e-15   1.54649712e-14   3.38892991e-14
  1.72000000e-05   2.68115141e-03   4.52501184e-03  -1.34251855e-03  -9.81675924e-15   1.56252284e-14   3.30603442e-14
  1.72800000e-05   2.62143463e-03   4.49290798e-03  -1.38744241e-03  -9.96448155e-15   1.57678741e-14   3.22336771e-14
  1.73600000e-05   2.56237901e-03   4.45979372e-03  -1.43284124e-03  -1.00895152e-14   1.58896359e-14   3.14140433e-14
  1.74400000e-05   2.50360096e-03   4.42487117e-03  -1.48011165e-03  -1.01785476e-14   1.59937798e-14   3.05972821e-14
  1.75200000e-05   2.44440814e-03   4.38628703e-03  -1.52828973e-03  -1.02294404e-14   1.60747264e-14   2.97740903e-14
  1.76000000e-05   2.38866610e-03   4.34965326e-03  -1.57678045e-03  -1.02728578e-14   1.61498649e-14   2.89881102e-14
  1.76800000e-05   2.33439344e-03   4.31215142e-03  -1.62607326e-03  -1.02928744e-14   1.62126451e-14   2.82175244e-14
  1.77600000e-05   2.27963799e-03   4.27141121e-03  -1.67639592e-03  -1.02764222e-14   1.62550005e-14   2.74429616e-14
  1.78400000e-05   2.22612262e-03   4.23106260e-03  -1.72782638e-03  -1.02410521e-14   1.62863572e-14   2.66871484e-14
  1.79200000e-05   2.17300122e-03   4.18764957e-03  -1.78020597e-03  -1.01705241e-14   1.63028145e-14   2.59351522e-14
  1.80000000e-05   2.11964617e-03   4.14187660e-03  -1.83279433e-03  -1.00730798e-14   1.62996965e-14   2.51855682e-14
  1.80800000e-05   2.06848671e-03   4.09799208e-03  -1.88573809e-03  -9.97055803e-15   1.62911143e-14   2.44662241e-14
  1.81600000e-05   2.01890902e-03   4.05396423e-03  -1.93959487e-03  -9.84939940e-15   1.62764859e-14   2.37674634e-14
  1.82400000e-05   1.96968662e-03   4.00734851e-03  -1.99454848e-03  -9.69568042e-15   1.62504907e-14   2.30748603e-14
  1.83200000e-05   1.92048239e-03   3.95836816e-03  -2.05036818e-03  -9.51187109e-15   1.62113211e-14   2.23876847e-14
  1.84000000e-05   1.87180047e-03   3.91101346e-03  -2.10546643e-03  -9.33055051e-15   1.61582887e-14   2.17198218e-14
  1.84800000e-05   1.82370460e-03   3.85908224e-03  -2.16196871e-03  -9.10335234e-15   1.60981606e-14   2.10559477e-14
  1.85600000e-05   1.77825508e-03   3.81134340e-03  -2.21814117e-03  -8.89210781e-15   1.60393065e-14   2.04310121e-14
  1.86400000e-05   1.73261290e-03   3.76138755e-03  -2.27496259e-03  -8.65428050e-15   1.59685915e-14   1.98111139e-14
  1.87200000e-05   1.68733326e-03   3.70915059e-03  -2.33212060e-03  -8.39146077e-15   1.58891391e-14   1.91997013e-14
  1.88000000e-05   1.64359481e-03   3.65466054e-03  -2.38974267e-03  -8.10281573e-15   1.58091998e-14   1.86043098e-14
  1.88800000e-05   1.59982466e-03   3.60141121e-03  -2.44882811e-03  -7.80401683e-15   1.57225315e-14   1.80242306e-14
  1.89600000e-05   1.55859841e-03   3.54988073e-03  -2.50712823e-03  -7.51221729e-15   1.56402067e-14   1.74751088e-14
  1.90400000e-05   1.51727801e-03   3.49699860e-03  -2.56527944e-03  -7.20526288e-15   1.55483174e-14   1.69338500e-14
  1.91200000e-05   1.47590374e-03   3.44189715e-03  -2.62275605e-03  -6.88058062e-15   1.54464972e-14   1.63988489e-14
  1.92000000e-05   1.43398893e-03   3.38311932e-03  -2.68164259e-03  -6.51686601e-15   1.53372485e-14   1.58643916e-14
  1.92800000e-05   1.39333026e-03   3.32595610e-03  -2.74065994e-03  -6.15512690e-15   1.52297403e-14   1.53529895e-14
  1.93600000e-05   1.35371676e-03   3.26965051e-03  -2.79890804e-03  -5.79634870e-15   1.51212362e-14   1.48609896e-14
  1.94400000e-05   1.31559458e-03   3.21371931e-03  -2.85582617e-03  -5.44096482e-15   1.50141227e-14   1.43892064e-14
  1.95200000e-05   1.27752620e-03   3.15339792e-03  -2.91424457e-03  -5.04245149e-15   1.49061453e-14   1.39189222e-14
  1.96000000e-05   1.24030806e-03   3.09809982e-03  -2.97344208e-03  -4.66708148e-15   1.48016161e-14   1.34753811e-14
  1.96800000e-05   1.20326464e-03   3.03972408e-03  -3.03190882e-03  -4.26985584e-15   1.46932944e-14   1.30366039e-14
  1.97600000e-05   1.16710506e-03   2.98008605e-03  -3.08958286e-03  -3.86312094e-15   1.45865057e-14   1.26102377e-14
  1.98400000e-05   1.13239021e-03   2.92163777e-03  -3.14684610e-03  -3.46163023e-15   1.44864946e-14   1.22040839e-14
  1.99200000e-05   1.09809167e-03   2.86553587e-03  -3.20305600e-03  -3.07720471e-15   1.43853622e-14   1.18145666e-14
  2.00000000e-05   1.06429226e-03   2.80622726e-03  -3.25999732e-03  -2.66298453e-15   1.42881329e-14   1.14299340e-14
  2.00800000e-05   1.03015807e-03   2.74378013e-03  -3.31682733e-03  -2.22360286e-15   1.41880138e-14   1.10461366e-14
  2.01600000e-05   9.96744474e-04   2.68393761e-03  -3.37245687e-03  -1.80431919e-15   1.40904955e-14   1.06805118e-14
  2.02400000e-05   9.64597369e-04   2.62596043e-03  -3.42725949e-03  -1.39865324e-15   1.40004761e-14   1.03334921e-14
  2.03200000e-05   9.34016902e-04   2.56982621e-03  -3.48129719e-03  -1.00650273e-15   1.39207601e-14   1.00059954e-14
  2.04000000e-05   9.03191495e-04   2.51033703e-03  -3.53696682e-03  -5.80312154e-16   1.38440277e-14   9.67751301e-15
  2.04800000e-05   8.73625005e-04   2.45104816e-03  -3.59093367e-03  -1.61261315e-16   1.37745954e-14   9.36283371e-15
  2.05600000e-05   8.42242053e-04   2.38812540e-03  -3.64441948e-03   2.83818975e-16   1.36937394e-14   9.03886380e-15
  2.06400000e-05   8.12388941e-04   2.32834464e-03  -3.69709600e-03   7.05093067e-16   1.36249084e-14   8.73558390e-15
  2.07200000e-05   7.83736858e-04   2.27088575e-03  -3.74804513e-03   1.10360786e-15   1.35639694e-14   8.44898127e-15
  2.08000000e-05   7.55862272e-04   2.21330973e-03  -3.79899235e-03   1.50449764e-15   1.35118206e-14   8.17138711e-15
  2.08800000e-05   7.29718371e-04   2.15680222e-03  -3.84964683e-03   1.89749199e-15   1.34751317e-14   7.90925250e-15
  2.09600000e-05   7.02022058e-04   2.09892449e-03  -3.90063782e-03   2.30286638e-15   1.34319020e-14   7.64213766e-15
  2.10400000e-05   6.75343452e-04   2.04194982e-03  -3.95048117e-03   2.69727885e-15   1.33978448e-14   7.38626895e-15
  2.11200000e-05   6.49663679e-04   1.98649813e-03  -3.99912387e-03   3.07572378e-15   1.33729038e-14   7.14242306e-15
  2.12000000e-05   6.24987742e-04   1.93305697e-03  -4.04676923e-03   3.43527555e-15   1.33576962e-14   6.91123984e-15
  2.12800000e-05   6.00873183e-04   1.87973532e-03  -4.09301633e-03   3.78774077e-15   1.33481886e-14   6.68627028e-15
  2.13600000e-05   5.77585907e-04   1.82502045e-03  -4.14040454e-03   4.15502372e-15   1.33521580e-14   6.46503120e-15
  2.14400000e-05   5.54099325e-04   1.77110826e-03  -4.18552315e-03   4.50617572e-15   1.33548059e-14   6.24764814e-15
  2.15200000e-05   5.31285174e-04   1.71963807e-03  -4.23079628e-03   4.83917766e-15   1.33678413e-14   6.04113987e-15
  2.16000000e-05   5.10030714e-04   1.66840574e-03  -4.27614497e-03   5.16949326e-15   1.33979115e-14   5.84399101e-15
  2.16800000e-05   4.89207137e-04   1.62138967e-03  -4.32005960e-03   5.46091318e-15   1.34331772e-14   5.66009145e-15
  2.17600000e-05   4.68657340e-04   1.57239092e-03  -4.36313379e-03   5.76196802e-15   1.34736286e-14   5.47455134e-15
  2.18400000e-05   4.49343662e-04   1.52583564e-03  -4.40616004e-03   6.04253679e-15   1.35284618e-14   5.30107498e-15
  2.19200000e-05   4.29754973e-04   1.47982424e-03  -4.44816312e-03   6.31265315e-15   1.35839637e-14   5.12903243e-15
  2.20000000e-05   4.11337985e-04   1.43460627e-03  -4.48895854e-03   6.56961394e-15   1.36506437e-14   4.96454369e-15
  2.20800000e-05   3.93600537e-04   1.39003240e-03  -4.52885736e-03   6.81560025e-15   1.37253657e-14   4.80503696e-15
  2.21600000e-05   3.77208822e-04   1.35144379e-03  -4.56768870e-03   7.00927529e-15   1.38125346e-14   4.66555976e-15
  2.22400000e-05   3.60497233e-04   1.31014602e-03  -4.60703542e-03   7.22210175e-15   1.39030056e-14   4.51885285e-15
  2.23200000e-05   3.44832258e-04   1.27276519e-03  -4.64522383e-03   7.39732886e-15   1.40030667e-14   4.38589275e-15
  2.24000000e-05   3.29908516e-04   1.23591111e-03  -4.68277039e-03   7.56243509e-15   1.41113089e-14   4.25714557e-15
  2.24800000e-05   3.15608938e-04   1.19815052e-03  -4.72067694e-03   7.73176556e-15   1.42294435e-14   4.12848192e-15
  2.25600000e-05   3.01493566e-04   1.16509229e-03  -4.75753383e-03   7.85714149e-15   1.43504569e-14   4.01226454e-15
  2.26400000e-05   2.87659964e-04   1.13029048e-03  -4.79456869e-03   7.99210198e-15   1.44777567e-14   3.89254583e-15
  2.27200000e-05   2.74993780e-04   1.10002529e-03  -4.83053640e-03   8.08377863e-15   1.46148058e-14   3.78832564e-15
  2.28000000e-05   2.63957708e-04   1.07418333e-03  -4.86697685e-03   8.13794579e-15   1.47686625e-14   3.70092670e-15
  2.28800000e-05   2.53341745e-04   1.05014098e-03  -4.90217345e-03   8.16856154e-15   1.49248730e-14   3.61934528e-15
  2.29600000e-05   2.43568174e-04   1.02929651e-03  -4.93726893e-03   8.16852740e-15   1.50894539e-14   3.54874643e-15
  2.30400000e-05   2.35140140e-04   1.01263583e-03  -4.97164774e-03   8.12773673e-15   1.52638099e-14   3.49337660e-15
  2.31200000e-05   2.26966556e-04   1.00004363e-03  -5.00584074e-03   8.04858158e-15   1.54403301e-14   3.44952296e-15
  2.32000000e-05   2.19090929e-04   9.85931573e-04  -5.04015997e-03   7.97512227e-15   1.56197822e-14   3.40213674e-15
  2.32800000e-05   2.12826062e-04   9.76830248e-04  -5.07446180e-03   7.85594155e-15   1.58117386e-14   3.37323136e-15
  2.33600000e-05   2.06086769e-04   9.69285168e-04  -5.10869461e-03   7.71743137e-15   1.59992050e-14   3.34689268e-15
  2.34400000e-05   2.00864965e-04   9.65187324e-04  -5.14276452e-03   7.54432950e-15   1.61969088e-14   3.33447944e-15
  2.35200000e-05   1.96493123e-04   9.66909970e-04  -5.17702652e-03   7.31881417e-15   1.63998651e-14   3.34077673e-15
  2.36000000e-05   1.92412382e-04   9.69156153e-04  -5.21224922e-03   7.08403534e-15   1.66052998e-14   3.34906944e-15
  2.36800000e-05   1.89704666e-04   9.76847775e-04  -5.24714011e-03   6.79756318e-15   1.68174110e-14   3.37661652e-15
  2.37600000e-05   1.87316310e-04   9.88720518e-04  -5.28157417e-03   6.46853739e-15   1.70265555e-14   3.41681603e-15
  2.38400000e-05   1.86123947e-04   1.00549490e-03  -5.31719170e-03   6.09545367e-15   1.72436920e-14   3.47419374e-15
  2.39200000e-05   1.85556571e-04   1.02660309e-03  -5.35305929e-03   5.67963627e-15   1.74605021e-14   3.54543041e-15
  2.40000000e-05   1.86071130e-04   1.05344254e-03  -5.39069066e-03   5.21364865e-15   1.76842251e-14   3.63579098e-15
  2.40800000e-05   1.87605750e-04   1.08529374e-03  -5.42583115e-03   4.69182185e-15   1.79004937e-14   3.74274575e-15
  2.41600000e-05   1.90044069e-04   1.12370219e-03  -5.46237626e-03   4.11149058e-15   1.81187979e-14   3.87038468e-15
  2.42400000e-05   1.93690400e-04   1.16794329e-03  -5.50046180e-03   3.47774435e-15   1.83408697e-14   4.01688115e-15
  2.43200000e-05   1.97647793e-04   1.22064176e-03  -5.53871702e-03   2.76608654e-15   1.85538021e-14   4.18765869e-15
  2.44000000e-05   2.03633754e-04   1.28038648e-03  -5.57829146e-03   1.98948317e-15   1.87732412e-14   4.38165168e-15
  2.44800000e-05   2.09931772e-04   1.34961062e-03  -5.61780970e-03   1.12479971e-15   1.89796211e-14   4.60165631e-15
  2.45600000e-05   2.18241969e-04   1.42808461e-03  -5.65839440e-03   1.75516235e-16   1.91878688e-14   4.84946846e-15
  2.46400000e-05   2.27658969e-04   1.51652182e-03  -5.69860031e-03  -8.68074800e-16   1.93842810e-14   5.12390033e-15
  2.47200000e-05   2.37694256e-04   1.61704598e-03  -5.73732578e-03  -2.02561826e-15   1.95590462e-14   5.42873117e-15
  2.48000000e-05   2.49910225e-04   1.72936479e-03  -5.77684560e-03  -3.29153351e-15   1.97290505e-14   5.76372292e-15
  2.48800000e-05   2.63721714e-04   1.85675658e-03  -5.81553190e-03  -4.69619036e-15   1.98818096e-14   6.13481175e-15
  2.49600000e-05   2.79385336e-04   1.99943436e-03  -5.85082462e-03  -6.24683578e-15   2.00083411e-14   6.53926458e-15
  2.50400000e-05   2.97218756e-04   2.16049941e-03  -5.88808450e-03  -7.96082914e-15   2.01239140e-14   6.98216821e-15
  2.51200000e-05   3.16672397e-04   2.33936796e-03  -5.91565839e-03  -9.85362079e-15   2.01853570e-14   7.45489422e-15
  2.52000000e-05   3.38220390e-04   2.54078559e-03  -5.94036217e-03  -1.19534461e-14   2.02129513e-14   7.96481343e-15
  2.52800000e-05   3.62634735e-04   2.76949774e-03  -5.95871883e-03  -1.43059863e-14   2.01984477e-14   8.51721806e-15
  2.53600000e-05   3.89676663e-04   3.02271987e-03  -5.96862735e-03  -1.68928498e-14   2.01294195e-14   9.09134444e-15
  2.54400000e-05   4.19425312e-04   3.30284819e-03  -5.95507601e-03  -1.97533310e-14   1.99615163e-14   9.67994545e-15
  2.55200000e-05   4.52696862e-04   3.61520682e-03  -5.92452713e-03  -2.29219631e-14   1.97175718e-14   1.02803815e-14
  2.56000000e-05   4.90868006e-04   3.97266206e-03  -5.87695265e-03  -2.65062806e-14   1.94076281e-14   1.09051181e-14
  2.56800000e-05   5.29803283e-04   4.35287374e-03  -5.78603963e-03  -3.03486861e-14   1.89305272e-14   1.14626525e-14
  2.57600000e-05   5.74604984e-04   4.77936312e-03  -5.66097671e-03  -3.46311024e-14   1.83612986e-14   1.19866434e-14
  2.58400000e-05   6.21013681e-04   5.23547269e-03  -5.47422642e-03  -3.92359685e-14   1.76127178e-14   1.23935009e-14
  2.59200000e-05   6.70753452e-04   5.72427894e-03  -5.22471251e-03  -4.41808369e-14   1.67235899e-14   1.26506567e-14
  2.60000000e-05   7.22871269e-04   6.24206638e-03  -4.89295918e-03  -4.94395450e-14   1.56834734e-14   1.27037347e-14
  2.60800000e-05   7.77470602e-04   6.78817401e-03  -4.46730481e-03  -5.50020657e-14   1.45259854e-14   1.25002500e-14
  2.61600000e-05   8.28728941e-04   7.30726586e-03  -3.94199232e-03  -6.03766685e-14   1.32688239e-14   1.19033544e-14
  2.62400000e-05   8.79488389e-04   7.82237869e-03  -3.28539852e-03  -6.57589646e-14   1.19867278e-14   1.09364141e-14
  2.63200000e-05   9.20762933e-04   8.25509463e-03  -2.52386446e-03  -7.04228434e-14   1.07572216e-14   9.49303691e-15
  2.64000000e-05   9.54233358e-04   8.60600479e-03  -1.65955606e-03  -7.43423529e-14   9.71495569e-15   7.63276540e-15
  2.64800000e-05   9.75918955e-04   8.83696464e-03  -6.95805541e-04  -7.71543842e-14   8.94673787e-15   5.41182836e-15
  2.65600000e-05  -4.56729587e-04  -4.06948161e-03  -3.17564028e-04   3.59023897e-14  -3.86562888e-15  -2.09903505e-15
  2.66400000e-05  -8.99564939e-04  -8.29428680e-03  -1.37254499e-03   7.34540981e-14  -6.92424939e-15  -6.29853372e-15
  2.67200000e-05  -8.69376230e-04  -8.07091245e-03  -2.43870885e-03   7.19405271e-14  -5.25928010e-15  -8.24050602e-15
  2.68000000e-05  -8.26745191e-04  -7.74869215e-03  -3.36237173e-03   6.94651643e-14  -3.12522765e-15  -9.87801654e-15
  2.68800000e-05  -7.74112199e-04  -7.33494417e-03  -4.20563125e-03   6.61225026e-14  -5.99203700e-16  -1.11258233e-14
  2.69600000e-05  -7.10658321e-04  -6.81975927e-03  -4.94550086e-03   6.18118071e-14   2.18423232e-15  -1.18942480e-14
  2.70400000e-05  -6.47137959e-04  -6.29356013e-03  -5.55502272e-03   5.72979173e-14   4.96661362e-15  -1.23019009e-14
  2.71200000e-05  -5.81472504e-04  -5.74864192e-03  -6.06412956e-03   5.25316936e-14   7.70768433e-15  -1.23438083e-14
  2.72000000e-05  -5.16483331e-04  -5.20065752e-03  -6.46575194e-03   4.76465314e-14   1.02795444e-14  -1.20742382e-14
  2.72800000e-05  -4.55492062e-04  -4.68356079e-03  -6.77937574e-03   4.29466458e-14   1.26236153e-14  -1.16065740e-14
  2.73600000e-05  -3.99276578e-04  -4.19303445e-03  -7.02052585e-03   3.84082089e-14   1.47190104e-14  -1.09753625e-14
  2.74400000e-05  -3.46429633e-04  -3.73185305e-03  -7.18519870e-03   3.40600255e-14   1.65292561e-14  -1.02271573e-14
  2.75200000e-05  -3.02132344e-04  -3.32318751e-03  -7.32545196e-03   3.01227797e-14   1.81278367e-14  -9.46607346e-15
  2.76000000e-05  -2.59428146e-04  -2.94317768e-03  -7.40492715e-03   2.63878841e-14   1.94621488e-14  -8.65995307e-15
  2.76800000e-05  -2.23885770e-04  -2.61082304e-03  -7.48080500e-03   2.30339348e-14   2.06447673e-14  -7.89444511e-15
  2.77600000e-05  -1.90714520e-04  -2.30873204e-03  -7.52605763e-03   1.99131990e-14   2.16364012e-14  -7.14190505e-15
  2.78400000e-05  -1.61968633e-04  -2.03850052e-03  -7.54151083e-03   1.70435888e-14   2.24217193e-14  -6.42672463e-15
  2.79200000e-05  -1.38342504e-04  -1.79846497e-03  -7.55027530e-03   1.44176934e-14   2.30695901e-14  -5.75931708e-15
  2.80000000e-05  -1.18746997e-04  -1.58233660e-03  -7.55843805e-03   1.19838615e-14   2.36141753e-14  -5.13183031e-15
  2.80800000e-05  -9.99455701e-05  -1.38608058e-03  -7.55412874e-03   9.71183685e-15   2.40473961e-14  -4.54086566e-15
  2.81600000e-05  -8.36994434e-05  -1.21041336e-03  -7.54708325e-03   7.60789171e-15   2.43910053e-14  -3.99624251e-15
  2.82400000e-05  -7.06023142e-05  -1.05528416e-03  -7.53430813e-03   5.67387938e-15   2.46343793e-14  -3.50355453e-15
  2.83200000e-05  -5.84137809e-05  -9.11893802e-04  -7.51686189e-03   3.84002899e-15   2.48033033e-14  -3.03880655e-15
  2.84000000e-05  -4.82410444e-05  -7.80882565e-04  -7.49683075e-03   2.11202851e-15   2.48984720e-14  -2.60705754e-15
  2.84800000e-05  -3.97153248e-05  -6.62390225e-04  -7.48345415e-03   4.86458636e-16   2.49573829e-14  -2.21165868e-15
  2.85600000e-05  -3.21372113e-05  -5.52029253e-04  -7.47026837e-03  -1.06909582e-15   2.49666583e-14  -1.84035798e-15
  2.86400000e-05  -2.39261030e-05  -4.47515221e-04  -7.46325842e-03  -2.57799815e-15   2.49610493e-14  -1.48846086e-15
  2.87200000e-05  -1.76329192e-05  -3.51191646e-04  -7.45174578e-03  -4.01259221e-15   2.48855936e-14  -1.16333261e-15
  2.88000000e-05  -1.26007366e-05  -2.60022149e-04  -7.44285042e-03  -5.40225151e-15   2.47715390e-14  -8.56268245e-16
  2.88800000e-05  -7.59329356e-06  -1.69751405e-04  -7.41513535e-03  -6.75784819e-15   2.45585114e-14  -5.55286896e-16
  2.89600000e-05  -3.54094797e-06  -8.37803328e-05  -7.41182136e-03  -8.09694964e-15   2.43838209e-14  -2.71756922e-16
  2.90400000e-05   8.00753735e-08   1.94489206e-06  -7.39656230e-03  -9.41104600e-15   2.41321522e-14   6.24355428e-18
  2.91200000e-05   3.47478975e-06   8.63853295e-05  -7.37219563e-03  -1.06923279e-14   2.38160329e-14   2.74029931e-16
  2.92000000e-05   6.73153800e-06   1.75112682e-04  -7.35273631e-03  -1.20032112e-14   2.34821467e-14   5.48261415e-16
  2.92800000e-05   1.11475317e-05   2.65030927e-04  -7.34073790e-03  -1.33239484e-14   2.31481675e-14   8.15510814e-16
  2.93600000e-05   1.20805367e-05   3.58636162e-04  -7.30208637e-03  -1.46203577e-14   2.26703899e-14   1.08925031e-15
  2.94400000e-05   1.51392634e-05   4.55847057e-04  -7.26957762e-03  -1.59390200e-14   2.21982978e-14   1.35877546e-15
  2.95200000e-05   1.68376497e-05   5.56241143e-04  -7.23699090e-03  -1.72662911e-14   2.16845445e-14   1.62652022e-15
  2.96000000e-05   1.84681524e-05   6.64530161e-04  -7.19353195e-03  -1.86200686e-14   2.11081587e-14   1.90214347e-15
  2.96800000e-05   2.01169779e-05   7.80609238e-04  -7.13459026e-03  -1.99877059e-14   2.04586666e-14   2.18206391e-15
  2.97600000e-05   2.25428114e-05   9.01354638e-04  -7.08254477e-03  -2.13845502e-14   1.98076535e-14   2.45274163e-15
  2.98400000e-05   2.43218351e-05   1.03381057e-03  -7.03746013e-03  -2.28688008e-14   1.91425748e-14   2.73302934e-15
  2.99200000e-05   2.49302237e-05   1.16966285e-03  -6.93124174e-03  -2.42296316e-14   1.82797277e-14   2.99759682e-15
  3.00000000e-05   2.66079535e-05   1.31774357e-03  -6.82514481e-03  -2.56595280e-14   1.74096203e-14   3.26127405e-15
  3.00800000e-05   2.57360745e-05   1.47148933e-03  -6.70305028e-03  -2.70692935e-14   1.64647142e-14   3.51049042e-15
  3.01600000e-05   2.63567667e-05   1.63354987e-03  -6.55323902e-03  -2.84506619e-14   1.54577977e-14   3.73879480e-15
  3.02400000e-05   2.63587082e-05   1.80417297e-03  -6.40130068e-03  -2.98627019e-14   1.44386523e-14   3.94649232e-15
  3.03200000e-05   2.54401147e-05   1.97466248e-03  -6.21444547e-03  -3.11552755e-14   1.33399111e-14   4.11126436e-15
  3.04000000e-05   2.43876122e-05   2.15462257e-03  -6.00391032e-03  -3.24309221e-14   1.22058185e-14   4.24856768e-15
  3.04800000e-05   2.21644211e-05   2.32907480e-03  -5.75175903e-03  -3.35206816e-14   1.10069458e-14   4.32789928e-15
  3.05600000e-05   2.24975993e-05   2.50751561e-03  -5.47097420e-03  -3.45325539e-14   9.81725174e-15   4.35754430e-15
  3.06400000e-05   1.90272294e-05   2.66984404e-03  -5.16823913e-03  -3.53173640e-14   8.61190520e-15   4.31877310e-15
  3.07200000e-05   1.59884190e-05   2.83199966e-03  -4.82956951e-03  -3.59713031e-14   7.41885264e-15   4.23123920e-15
  3.08000000e-05   1.46157620e-05   2.96539272e-03  -4.45438051e-03  -3.62564392e-14   6.26762805e-15   4.05355202e-15
  3.08800000e-05   1.23806522e-05   3.08442594e-03  -4.05544432e-03  -3.63266478e-14   5.17308990e-15   3.82356750e-15
  3.09600000e-05   1.05349586e-05   3.18217507e-03  -3.62599739e-03  -3.61090894e-14   4.15201146e-15   3.53889378e-15
  3.10400000e-05   8.55356157e-06   3.25208742e-03  -3.17430554e-03  -3.55736973e-14   3.22311758e-15   3.20623778e-15
  3.11200000e-05   6.98905457e-06   3.29045016e-03  -2.70690629e-03  -3.47100401e-14   2.40640625e-15   2.83555050e-15
  3.12000000e-05   4.05194442e-06   3.30085710e-03  -2.22586651e-03  -3.35570319e-14   1.69344239e-15   2.45020987e-15
  3.12800000e-05   3.15118016e-06   3.27245695e-03  -1.74393139e-03  -3.20615352e-14   1.12235378e-15   2.04814409e-15
  3.13600000e-05   1.04465962e-06   3.21951879e-03  -1.24781174e-03  -3.03102673e-14   6.54024874e-16   1.66209485e-15
  3.14400000e-05   5.56393565e-07   3.12976318e-03  -7.74223489e-04  -2.83020931e-14   3.24038994e-16   1.28957365e-15
  3.15200000e-05  -1.38895643e-06   3.01659130e-03  -2.95873691e-04  -2.60781335e-14   8.16927859e-17   9.55323664e-16
  3.16000000e-05   7.03328267e-08  -2.42410345e-03  -1.38022768e-04   1.99448599e-14   4.24475463e-17  -7.35345817e-16
  3.16800000e-05   1.63544032e-06  -3.78226643e-03  -5.27916870e-04   3.02595626e-14   2.29861019e-16  -1.55310041e-15
  3.17600000e-05   2.58310123e-06  -3.62693563e-03  -8.96714080e-04   2.79414625e-14   4.81906309e-16  -1.86867539e-15
  3.18400000e-05   3.96966178e-06  -3.45705567e-03  -1.24190803e-03   2.55615834e-14   7.89221426e-16  -2.11522231e-15
  3.19200000e-05   5.29505397e-06  -3.27979592e-03  -1.57184706e-03   2.31577600e-14   1.13780398e-15  -2.29611605e-15
  3.20000000e-05   7.29651363e-06  -3.09834812e-03  -1.87418988e-03   2.07900517e-14   1.51180184e-15  -2.41832140e-15
  3.20800000e-05   7.95861375e-06  -2.91430481e-03  -2.15598509e-03   1.84528018e-14   1.88642479e-15  -2.48181593e-15
  3.21600000e-05   1.01018649e-05  -2.72291815e-03  -2.42075584e-03   1.60967524e-14   2.27685173e-15  -2.49387962e-15
  3.22400000e-05   9.55446431e-06  -2.54856097e-03  -2.66067274e-03   1.39461799e-14   2.63219512e-15  -2.47120263e-15
  3.23200000e-05   1.02019483e-05  -2.37133372e-03  -2.88231275e-03   1.18174162e-14   2.98248756e-15  -2.41192170e-15
  3.24000000e-05   1.04970449e-05  -2.19614039e-03  -3.09089117e-03   9.73685556e-15   3.31339064e-15  -2.32116319e-15
  3.24800000e-05   1.14621302e-05  -2.04050825e-03  -3.28048908e-03   7.86614930e-15   3.62204455e-15  -2.22547577e-15
  3.25600000e-05   1.16104566e-05  -1.88579422e-03  -3.45323288e-03   6.04476177e-15   3.89454217e-15  -2.10646745e-15
  3.26400000e-05   1.07974828e-05  -1.73933533e-03  -3.61734318e-03   4.31098470e-15   4.13494193e-15  -1.97534557e-15
  3.27200000e-05   1.09243121e-05  -1.60217540e-03  -3.77672531e-03   2.66259841e-15   4.36110329e-15  -1.84238058e-15
  3.28000000e-05   1.11415320e-05  -1.47985250e-03  -3.91276423e-03   1.19755707e-15   4.54375605e-15  -1.71509085e-15
  3.28800000e-05   1.14847057e-05  -1.36478637e-03  -4.05052586e-03  -2.17208977e-16   4.71002612e-15  -1.58761460e-15
  3.29600000e-05   1.05876222e-05  -1.26102049e-03  -4.17795347e-03  -1.51398339e-15   4.83463920e-15  -1.46306287e-15
  3.30400000e-05   1.18088613e-05  -1.16478181e-03  -4.29536491e-03  -2.72433880e-15   4.94540243e-15  -1.34854343e-15
  3.31200000e-05   1.22214075e-05  -1.07870293e-03  -4.40790269e-03  -3.84098455e-15   5.02415283e-15  -1.24016137e-15
  3.32000000e-05   1.26904178e-05  -1.00326377e-03  -4.51678804e-03  -4.86319585e-15   5.07962400e-15  -1.14194393e-15
  3.32800000e-05   1.14759507e-05  -9.37676334e-04  -4.61172134e-03  -5.76708087e-15   5.08656013e-15  -1.04857372e-15
  3.33600000e-05   1.10020750e-05  -8.81312182e-04  -4.70603805e-03  -6.59586682e-15   5.08063170e-15  -9.66883561e-16
  3.34400000e-05   1.13025222e-05  -8.35546595e-04  -4.79370575e-03  -7.32036141e-15   5.05666519e-15  -8.98640457e-16
  3.35200000e-05   1.14275463e-05  -7.96210722e-04  -4.87580078e-03  -7.97727022e-15   5.00966565e-15  -8.36767192e-16
  3.36000000e-05   1.07306553e-05  -7.67698786e-04  -4.95289506e-03  -8.53170089e-15   4.93539716e-15  -7.83470899e-16
  3.36800000e-05   9.79207679e-06  -7.48004525e-04  -5.04333140e-03  -9.05487432e-15   4.85794831e-15  -7.38090173e-16
  3.37600000e-05   1.01241700e-05  -7.33053958e-04  -5.11568466e-03  -9.48555929e-15   4.76053253e-15  -7.00934648e-16
  3.38400000e-05   1.20399684e-05  -7.29475526e-04  -5.17642147e-03  -9.78795947e-15   4.65377145e-15  -6.78588311e-16
  3.39200000e-05   1.41189440e-05  -7.35424077e-04  -5.23254712e-03  -9.99775034e-15   4.53513764e-15  -6.64381421e-16
  3.40000000e-05   1.60166654e-05  -7.45362925e-04  -5.28155936e-03  -1.01523735e-14   4.40173920e-15  -6.51985549e-16
  3.40800000e-05   1.76181632e-05  -7.62800880e-04  -5.34700842e-03  -1.02952796e-14   4.27278702e-15  -6.43475631e-16
  3.41600000e-05   1.84724464e-05  -7.85609428e-04  -5.41607123e-03  -1.04047766e-14   4.13273338e-15  -6.34946594e-16
  3.42400000e-05   1.91461109e-05  -8.20855367e-04  -5.46468230e-03  -1.03475892e-14   3.97163426e-15  -6.32837043e-16
  3.43200000e-05   2.23982700e-05  -8.61256711e-04  -5.51464480e-03  -1.02510275e-14   3.83040787e-15  -6.39854404e-16
  3.44000000e-05   2.46396214e-05  -9.03165298e-04  -5.54573759e-03  -1.00811104e-14   3.66784454e-15  -6.42126425e-16
  3.44800000e-05   2.64157865e-05  -9.47968035e-04  -5.58473203e-03  -9.91030204e-15   3.50746822e-15  -6.42243202e-16
  3.45600000e-05   3.00484540e-05  -1.00699165e-03  -5.62222526e-03  -9.61630905e-15   3.36331714e-15  -6.53795842e-16
  3.46400000e-05   3.35177631e-05  -1.07334796e-03  -5.66436957e-03  -9.27544175e-15   3.22428892e-15  -6.65859801e-16
  3.47200000e-05   3.64300030e-05  -1.13802829e-03  -5.67622455e-03  -8.84952039e-15   3.07048594e-15  -6.72399037e-16
  3.48000000e-05   3.86146153e-05  -1.20243654e-03  -5.70260035e-03  -8.47019112e-15   2.92518512e-15  -6.74152563e-16
  3.48800000e-05   4.31074011e-05  -1.27748629e-03  -5.72373321e-03  -7.98505094e-15   2.80419961e-15  -6.86010545e-16
  3.49600000e-05   4.57592253e-05  -1.36052549e-03  -5.72746869e-03  -7.37641869e-15   2.67041146e-15  -6.93273463e-16
  3.50400000e-05   4.98822920e-05  -1.44467907e-03  -5.73973174e-03  -6.78447022e-15   2.56430133e-15  -7.04391348e-16
  3.51200000e-05   5.45880328e-05  -1.53479469e-03  -5.74763952e-03  -6.12832204e-15   2.47377574e-15  -7.18776970e-16
  3.52000000e-05   5.93835975e-05  -1.62088374e-03  -5.75339728e-03  -5.49697795e-15   2.39591498e-15  -7.31729404e-16
  3.52800000e-05   6.35892675e-05  -1.71341891e-03  -5.74705092e-03  -4.77252694e-15   2.32306597e-15  -7.45402594e-16
  3.53600000e-05   6.87851029e-05  -1.81215851e-03  -5.73570900e-03  -3.98017112e-15   2.27194889e-15  -7.65538839e-16
  3.54400000e-05   7.30825364e-05  -1.91426084e-03  -5.72199974e-03  -3.15219507e-15   2.22988909e-15  -7.86256549e-16
  3.55200000e-05   7.87756167e-05  -2.01628755e-03  -5.70923922e-03  -2.32785343e-15   2.21675879e-15  -8.14994969e-16
  3.56000000e-05   8.39408146e-05  -2.11751055e-03  -5.68987335e-03  -1.48878715e-15   2.21446014e-15  -8.46084339e-16
  3.56800000e-05   8.94623578e-05  -2.22254443e-03  -5.66943787e-03  -6.15859225e-16   2.23215989e-15  -8.84773917e-16
  3.57600000e-05   9.50705996e-05  -2.33170633e-03  -5.65011522e-03   2.85916206e-16   2.26910655e-15  -9.31610717e-16
  3.58400000e-05   1.00282437e-04  -2.44242255e-03  -5.61266885e-03   1.25896199e-15   2.31721972e-15  -9.85872863e-16
  3.59200000e-05   1.06747560e-04  -2.55042374e-03  -5.57053264e-03   2.22351412e-15   2.39296075e-15  -1.05298893e-15
  3.60000000e-05   1.11738748e-04  -2.66241469e-03  -5.54206190e-03   3.17264611e-15   2.47829968e-15  -1.12661210e-15
  3.60800000e-05   1.17893549e-04  -2.76899414e-03  -5.49924239e-03   4.12273520e-15   2.58763002e-15  -1.21454702e-15
  3.61600000e-05   1.24314060e-04  -2.87849081e-03  -5.43691355e-03   5.15877341e-15   2.71065840e-15  -1.31716224e-15
  3.62400000e-05   1.30834430e-04  -2.99428208e-03  -5.38871542e-03   6.19467091e-15   2.85702380e-15  -1.43712523e-15
  3.63200000e-05   1.35390529e-04  -3.10228481e-03  -5.32239784e-03   7.22415094e-15   2.99852811e-15  -1.56399556e-15
  3.64000000e-05   1.43012386e-04  -3.21637983e-03  -5.26548659e-03   8.26665658e-15   3.18477003e-15  -1.72086580e-15
  3.64800000e-05   1.50192454e-04  -3.32784031e-03  -5.20309214e-03   9.30104296e-15   3.38107218e-15  -1.89401255e-15
  3.65600000e-05   1.59167942e-04  -3.43633338e-03  -5.11748210e-03   1.03846543e-14   3.59661806e-15  -2.09209811e-15
  3.66400000e-05   1.66107886e-04  -3.54723534e-03  -5.04778310e-03   1.14272740e-14   3.81651566e-15  -2.30594672e-15
  3.67200000e-05   1.74065485e-04  -3.65513740e-03  -4.97648604e-03   1.24441546e-14   4.05631749e-15  -2.54402401e-15
  3.68000000e-05   1.81851899e-04  -3.76327693e-03  -4.90001201e-03   1.34733810e-14   4.30316204e-15  -2.80485649e-15
  3.68800000e-05   1.89260732e-04  -3.86875405e-03  -4.81930537e-03   1.44879955e-14   4.55469626e-15  -3.08737253e-15
  3.69600000e-05   1.99163220e-04  -3.97243389e-03  -4.73545339e-03   1.54906314e-14   4.83258631e-15  -3.40241245e-15
  3.70400000e-05   2.06924453e-04  -4.07321595e-03  -4.65454902e-03   1.64508425e-14   5.10256292e-15  -3.73392975e-15
  3.71200000e-05   2.17258184e-04  -4.17277766e-03  -4.56646260e-03   1.74171169e-14   5.39344401e-15  -4.09981054e-15
  3.72000000e-05   2.27136830e-04  -4.27437784e-03  -4.49471341e-03   1.83318806e-14   5.69854289e-15  -4.49280708e-15
  3.72800000e-05   2.37592361e-04  -4.37166905e-03  -4.39842519e-03   1.92881783e-14   5.99011318e-15  -4.91177356e-15
  3.73600000e-05   2.48732070e-04  -4.46422881e-03  -4.30506009e-03   2.01856340e-14   6.29084824e-15  -5.35717759e-15
  3.74400000e-05   2.61184044e-04  -4.55664944e-03  -4.21579453e-03   2.10557520e-14   6.60592624e-15  -5.83554617e-15
  3.75200000e-05   2.73266628e-04  -4.64239897e-03  -4.13621861e-03   2.18253915e-14   6.92736098e-15  -6.33318128e-15
  3.76000000e-05   2.85748080e-04  -4.72965940e-03  -4.03364259e-03   2.26781023e-14   7.22213810e-15  -6.86179516e-15
  3.76800000e-05   2.98790523e-04  -4.81600124e-03  -3.92746603e-03   2.35245400e-14   7.51099103e-15  -7.42056895e-15
  3.77600000e-05   3.13004321e-04  -4.90194004e-03  -3.82936348e-03   2.43249077e-14   7.81266750e-15  -8.01267014e-15
  3.78400000e-05   3.26994704e-04  -4.98517575e-03  -3.71494579e-03   2.51512195e-14   8.08133694e-15  -8.63069642e-15
  3.79200000e-05   3.43269938e-04  -5.06969252e-03  -3.61095186e-03   2.59346078e-14   8.37241728e-15  -9.28924321e-15
  3.80000000e-05   3.60357139e-04  -5.15015193e-03  -3.50005862e-03   2.66975764e-14   8.64711420e-15  -9.97505855e-15
  3.80800000e-05   3.77264110e-04  -5.22556144e-03  -3.40889795e-03   2.73306590e-14   8.94085654e-15  -1.06809060e-14
  3.81600000e-05   3.95970616e-04  -5.29714557e-03  -3.28545687e-03   2.80424995e-14   9.17635649e-15  -1.14153044e-14
  3.82400000e-05   4.15670753e-04  -5.36463835e-03  -3.18851364e-03   2.86047141e-14   9.45154612e-15  -1.21730650e-14
  3.83200000e-05   4.36970141e-04  -5.42720752e-03  -3.09060302e-03   2.91161435e-14   9.72019143e-15  -1.29523625e-14
  3.84000000e-05   4.57602128e-04  -5.49800179e-03  -2.99515205e-03   2.96629841e-14   9.97179975e-15  -1.37726324e-14
  3.84800000e-05   4.80514724e-04  -5.55822681e-03  -2.92122090e-03   3.00250598e-14   1.02710713e-14  -1.46039830e-14
  3.85600000e-05   5.03400482e-04  -5.61815394e-03  -2.80171290e-03   3.05491107e-14   1.04461859e-14  -1.54583447e-14
  3.86400000e-05   5.28075701e-04  -5.67761947e-03  -2.69941900e-03   3.09820254e-14   1.06520358e-14  -1.63432765e-14
  3.87200000e-05   5.55264431e-04  -5.73529060e-03  -2.59334010e-03   3.13983540e-14   1.08437238e-14  -1.72586379e-14
  3.88000000e-05   5.82105579e-04  -5.79527960e-03  -2.50574061e-03   3.17348897e-14   1.10575560e-14  -1.82016336e-14
  3.88800000e-05   6.11131422e-04  -5.84900041e-03  -2.38971906e-03   3.21230661e-14   1.11839245e-14  -1.91584713e-14
  3.89600000e-05   6.41083614e-04  -5.90350299e-03  -2.30137414e-03   3.23799612e-14   1.13686969e-14  -2.01431278e-14
  3.90400000e-05   6.71960288e-04  -5.95517006e-03  -2.21000430e-03   3.26069868e-14   1.15260562e-14  -2.11443140e-14
  3.91200000e-05   7.03517813e-04  -6.00418451e-03  -2.11885766e-03   3.27918135e-14   1.16624939e-14  -2.21601202e-14
  3.92000000e-05   7.37564230e-04  -6.05098594e-03  -2.03135464e-03   3.29221652e-14   1.18000501e-14  -2.31962086e-14
  3.92800000e-05   7.73344036e-04  -6.09652523e-03  -1.94265657e-03   3.30251912e-14   1.19172448e-14  -2.42523302e-14
  3.93600000e-05   8.07416799e-04  -6.13988981e-03  -1.85997377e-03   3.30628126e-14   1.20147452e-14  -2.53088199e-14
  3.94400000e-05   8.46565750e-04  -6.18119536e-03  -1.78045749e-03   3.30476696e-14   1.21289859e-14  -2.63946804e-14
  3.95200000e-05   8.86181925e-04  -6.21967554e-03  -1.68985574e-03   3.30388037e-14   1.21748076e-14  -2.74845724e-14
  3.96000000e-05   9.27035058e-04  -6.25874128e-03  -1.60870778e-03   3.29663878e-14   1.22328413e-14  -2.85951196e-14
  3.96800000e-05   9.70536689e-04  -6.29616022e-03  -1.52500955e-03   3.28691442e-14   1.22658075e-14  -2.97222918e-14
  3.97600000e-05   1.01514967e-03  -6.33179567e-03  -1.42985037e-03   3.27879882e-14   1.22249373e-14  -3.08571378e-14
  3.98400000e-05   1.06208436e-03  -6.36533998e-03  -1.35459811e-03   3.25750905e-14   1.22455441e-14  -3.20017847e-14
  3.99200000e-05   1.10916811e-03  -6.39819528e-03  -1.30859239e-03   3.21915575e-14   1.23606919e-14  -3.31503317e-14
  4.00000000e-05   1.15993138e-03  -6.42960700e-03  -1.22612751e-03   3.19442123e-14   1.23067569e-14  -3.43149599e-14
  4.00800000e-05   1.21162278e-03  -6.46077347e-03  -1.15532425e-03   3.16119608e-14   1.22742637e-14  -3.54874101e-14
  4.01600000e-05   1.26683913e-03  -6.48980986e-03  -1.09395030e-03   3.11929313e-14   1.22702778e-14  -3.66701707e-14
  4.02400000e-05   1.32068486e-03  -6.51878008e-03  -1.04500980e-03   3.06828159e-14   1.22833497e-14  -3.78466547e-14
  4.03200000e-05   1.37746931e-03  -6.54285203e-03  -9.76831098e-04   3.02112700e-14   1.21848796e-14  -3.90126473e-14
  4.04000000e-05   1.43643264e-03  -6.56937692e-03  -9.22509323e-04   2.96551768e-14   1.21294147e-14  -4.02001718e-14
  4.04800000e-05   1.49633466e-03  -6.59291975e-03  -8.56988527e-04   2.91104631e-14   1.19851308e-14  -4.13751284e-14
  4.05600000e-05   1.55998804e-03  -6.61484694e-03  -7.95421197e-04   2.85088824e-14   1.18404561e-14  -4.25551765e-14
  4.06400000e-05   1.62547815e-03  -6.63580692e-03  -7.58140355e-04   2.77489047e-14   1.17937526e-14  -4.37330984e-14
  4.07200000e-05   1.69117414e-03  -6.65597607e-03  -6.93052846e-04   2.70985761e-14   1.15604784e-14  -4.48996876e-14
  4.08000000e-05   1.75889817e-03  -6.67258277e-03  -6.61678143e-04   2.62279938e-14   1.14799887e-14  -4.60477718e-14
  4.08800000e-05   1.82886983e-03  -6.69055801e-03  -6.18198075e-04   2.53970849e-14   1.13038105e-14  -4.72030547e-14
  4.09600000e-05   1.89969505e-03  -6.70712615e-03  -5.72232724e-04   2.45441622e-14   1.10762008e-14  -4.83423116e-14
  4.10400000e-05   1.97374476e-03  -6.72188130e-03  -5.37848187e-04   2.35933659e-14   1.08863712e-14  -4.94742070e-14
  4.11200000e-05   2.05036433e-03  -6.73305186e-03  -4.69106294e-04   2.27850913e-14   1.04628100e-14  -5.05832138e-14
  4.12000000e-05   2.12673369e-03  -6.74350294e-03  -4.40245925e-04   2.17334872e-14   1.02273547e-14  -5.16685235e-14
  4.12800000e-05   2.20561052e-03  -6.75150828e-03  -4.20741204e-04   2.05953356e-14   1.00144249e-14  -5.27335656e-14
  4.13600000e-05   2.28692992e-03  -6.76090428e-03  -3.80110733e-04   1.95508246e-14   9.63785889e-15  -5.37982064e-14
  4.14400000e-05   2.36924290e-03  -6.76675945e-03  -3.50325063e-04   1.84101850e-14   9.28425325e-15  -5.48236774e-14
  4.15200000e-05   2.45485653e-03  -6.77051407e-03  -3.21930622e-04   1.72315080e-14   8.90245830e-15  -5.58298529e-14
  4.16000000e-05   2.53927111e-03  -6.77257076e-03  -3.02558614e-04   1.59751823e-14   8.52675618e-15  -5.67914444e-14
  4.16800000e-05   2.62559865e-03  -6.77313772e-03  -2.72940463e-04   1.47506171e-14   8.04426658e-15  -5.77258680e-14
  4.17600000e-05   2.71205812e-03  -6.77114718e-03  -2.39374041e-04   1.35227159e-14   7.48844921e-15  -5.86153794e-14
  4.18400000e-05   2.80293521e-03  -6.76963021e-03  -2.31848777e-04   1.21295142e-14   7.05999327e-15  -5.95012894e-14
  4.19200000e-05   2.89213584e-03  -6.76204110e-03  -1.98634206e-04   1.08532778e-14   6.41340922e-15  -6.03047342e-14
  4.20000000e-05   2.98312266e-03  -6.75460679e-03  -1.87686859e-04   9.43581303e-15   5.86457338e-15  -6.10841887e-14
  4.20800000e-05   3.07508020e-03  -6.74512730e-03  -1.64678289e-04   8.07058758e-15   5.18863331e-15  -6.18192486e-14
  4.21600000e-05   3.16880702e-03  -6.73420854e-03  -1.56658421e-04   6.60567216e-15   4.56266269e-15  -6.25170459e-14
  4.22400000e-05   3.26356473e-03  -6.72047174e-03  -1.43509302e-04   5.15716594e-15   3.85316752e-15  -6.31621674e-14
  4.23200000e-05   3.35904707e-03  -6.70531998e-03  -1.27072555e-04   3.71866960e-15   3.07120871e-15  -6.37608249e-14
  4.24000000e-05   3.45560193e-03  -6.68869074e-03  -1.11567053e-04   2.26830542e-15   2.24462530e-15  -6.43132868e-14
  4.24800000e-05   3.55158677e-03  -6.67102527e-03  -9.92318221e-05   7.94902053e-16   1.38727246e-15  -6.48115277e-14
  4.25600000e-05   3.64852120e-03  -6.64875728e-03  -7.84336447e-05  -6.31891082e-16   4.22862991e-16  -6.52396229e-14
  4.26400000e-05   3.74528935e-03  -6.62556975e-03  -7.44484446e-05  -2.15478248e-15  -4.80778046e-16  -6.56139350e-14
  4.27200000e-05   3.84185874e-03  -6.60046197e-03  -6.03775607e-05  -3.61523191e-15  -1.50121911e-15  -6.59263245e-14
  4.28000000e-05   3.93876157e-03  -6.57397100e-03  -5.41188399e-05  -5.11462200e-15  -2.51956980e-15  -6.61820874e-14
  4.28800000e-05   4.03599349e-03  -6.54609859e-03  -5.24478297e-05  -6.63184221e-15  -3.55701542e-15  -6.63802175e-14
  4.29600000e-05   4.13357567e-03  -6.51626106e-03  -4.75535728e-05  -8.11878814e-15  -4.66472388e-15  -6.65158546e-14
  4.30400000e-05   4.23161336e-03  -6.48680898e-03  -4.46022750e-05  -9.60584302e-15  -5.80832981e-15  -6.66039508e-14
  4.31200000e-05   4.32732008e-03  -6.45409740e-03  -3.09051181e-05  -1.10128825e-14  -7.06494893e-15  -6.66038176e-14
  4.32000000e-05   4.42440056e-03  -6.42047023e-03  -2.68084458e-05  -1.24573641e-14  -8.30659354e-15  -6.65511272e-14
  4.32800000e-05   4.52047012e-03  -6.38727414e-03  -1.57443387e-05  -1.38454506e-14  -9.63507892e-15  -6.64401045e-14
  4.33600000e-05   4.61825901e-03  -6.35087849e-03  -1.31784803e-05  -1.52554807e-14  -1.09560481e-14  -6.62619067e-14
  4.34400000e-05   4.71391978e-03  -6.31555276e-03  -1.51572125e-05  -1.66718987e-14  -1.22854328e-14  -6.60209540e-14
  4.35200000e-05   4.81097142e-03  -6.28102181e-03  -1.19025039e-05  -1.80385708e-14  -1.36921427e-14  -6.57342299e-14
  4.36000000e-05   4.90511929e-03  -6.24395983e-03  -4.51973951e-06  -1.93514971e-14  -1.51548074e-14  -6.53562220e-14
  4.36800000e-05   4.99921876e-03  -6.20728774e-03  -8.67810681e-06  -2.07028206e-14  -1.65828536e-14  -6.49203371e-14
  4.37600000e-05   5.09393069e-03  -6.16935479e-03  -6.32807073e-06  -2.19869134e-14  -1.80881419e-14  -6.44189995e-14
  4.38400000e-05   5.18610451e-03  -6.13132366e-03  -2.10445585e-05  -2.33320480e-14  -1.95160008e-14  -6.38417716e-14
  4.39200000e-05   5.27885274e-03  -6.09388779e-03  -1.36645708e-05  -2.45313137e-14  -2.11086054e-14  -6.32087056e-14
  4.40000000e-05   5.37415295e-03  -6.05850344e-03  -2.66279694e-05  -2.58140577e-14  -2.26233200e-14  -6.25369651e-14
  4.40800000e-05   5.46609505e-03  -6.02323051e-03  -2.91471888e-05  -2.70110104e-14  -2.42135743e-14  -6.17833319e-14
  4.41600000e-05   5.55861041e-03  -5.98791401e-03  -2.03427964e-05  -2.81181847e-14  -2.58951281e-14  -6.09667152e-14
  4.42400000e-05   5.65293377e-03  -5.95549307e-03  -3.45319864e-05  -2.93200279e-14  -2.74819455e-14  -6.01077509e-14
  4.43200000e-05   5.74469646e-03  -5.92283871e-03  -6.48392073e-05  -3.05619321e-14  -2.89950040e-14  -5.91662168e-14
  4.44000000e-05   5.83550940e-03  -5.89018217e-03  -7.90075720e-05  -3.16872044e-14  -3.06130744e-14  -5.81513144e-14
  4.44800000e-05   5.92942261e-03  -5.86180466e-03  -1.03125533e-04  -3.28425566e-14  -3.22168089e-14  -5.71028066e-14
  4.45600000e-05   6.02232306e-03  -5.83377212e-03  -1.17436624e-04  -3.39160033e-14  -3.38853156e-14  -5.59784383e-14
  4.46400000e-05   6.11379942e-03  -5.80758296e-03  -1.30826046e-04  -3.49568908e-14  -3.55659723e-14  -5.47833084e-14
  4.47200000e-05   6.20593017e-03  -5.78286709e-03  -1.57817726e-04  -3.60239547e-14  -3.71987155e-14  -5.35232644e-14
  4.48000000e-05   6.29872454e-03  -5.76276631e-03  -2.07202911e-04  -3.71670210e-14  -3.87464255e-14  -5.22108075e-14
  4.48800000e-05   6.39063571e-03  -5.74341374e-03  -2.46158542e-04  -3.82239027e-14  -4.03532231e-14  -5.08200174e-14
  4.49600000e-05   6.48419869e-03  -5.72474746e-03  -2.74023054e-04  -3.91945852e-14  -4.20315303e-14  -4.93592837e-14
  4.50400000e-05   6.57676193e-03  -5.71002883e-03  -3.12133977e-04  -4.01823825e-14  -4.36671192e-14  -4.78302762e-14
  4.51200000e-05   6.66970946e-03  -5.69684951e-03  -3.64457120e-04  -4.11795904e-14  -4.52545708e-14  -4.62260811e-14
  4.52000000e-05   6.76469904e-03  -5.68815082e-03  -4.30837233e-04  -4.21985382e-14  -4.68098222e-14  -4.45622628e-14
  4.52800000e-05   6.85768519e-03  -5.68329896e-03  -4.87857348e-04  -4.31546024e-14  -4.83963197e-14  -4.28197399e-14
  4.53600000e-05   6.95011993e-03  -5.68008033e-03  -5.43727571e-04  -4.40593375e-14  -4.99867344e-14  -4.09929778e-14
  4.54400000e-05   7.04500550e-03  -5.68007192e-03  -6.12711969e-04  -4.49631639e-14  -5.15507312e-14  -3.90948395e-14
  4.55200000e-05   7.13914427e-03  -5.68164789e-03  -6.86943493e-04  -4.58247270e-14  -5.30934552e-14  -3.71078841e-14
  4.56000000e-05   7.23049316e-03  -5.68709251e-03  -7.50256455e-04  -4.66180492e-14  -5.46477648e-14  -3.50341433e-14
  4.56800000e-05   7.32412625e-03  -5.69625415e-03  -8.32688543e-04  -4.74127468e-14  -5.61554630e-14  -3.28828273e-14
  4.57600000e-05   7.41400779e-03  -5.70661991e-03  -9.22029672e-04  -4.81509340e-14  -5.76079431e-14  -3.06332492e-14
  4.58400000e-05   7.50433509e-03  -5.71987340e-03  -1.02189223e-03  -4.88456626e-14  -5.90285150e-14  -2.82990569e-14
  4.59200000e-05   7.59290761e-03  -5.73727043e-03  -1.11890209e-03  -4.94774082e-14  -6.04334083e-14  -2.58776738e-14
  4.60000000e-05   7.68079389e-03  -5.75713251e-03  -1.24933557e-03  -5.00805165e-14  -6.17431877e-14  -2.33679510e-14
  4.60800000e-05   7.76718713e-03  -5.78148612e-03  -1.36865114e-03  -5.05967346e-14  -6.30573274e-14  -2.07717233e-14
  4.61600000e-05   7.85596176e-03  -5.81247691e-03  -1.48334172e-03  -5.10547342e-14  -6.43858304e-14  -1.80962260e-14
  4.62400000e-05   7.93996791e-03  -5.84441313e-03  -1.62628797e-03  -5.14278115e-14  -6.56037051e-14  -1.53232502e-14
  4.63200000e-05   8.02195852e-03  -5.88003374e-03  -1.77194094e-03  -5.17047380e-14  -6.67838678e-14  -1.24619657e-14
  4.64000000e-05   8.10012217e-03  -5.91864453e-03  -1.91058683e-03  -5.18719389e-14  -6.79193365e-14  -9.51468538e-15
  4.64800000e-05   8.17212260e-03  -5.95457563e-03  -2.07499670e-03  -5.18792928e-14  -6.89417193e-14  -6.47965309e-15
  4.65600000e-05   8.24175935e-03  -5.99438242e-03  -2.23361449e-03  -5.17706512e-14  -6.99232856e-14  -3.37315799e-15
  4.66400000e-05   8.29678511e-03  -6.03048175e-03  -2.42206152e-03  -5.14605427e-14  -7.07195092e-14  -1.99976019e-16
  4.67200000e-05   8.35062803e-03  -6.07219559e-03  -2.60860676e-03  -5.10303195e-14  -7.14780426e-14   3.02592126e-15
  4.68000000e-05   8.40465685e-03  -6.11765794e-03  -2.80377622e-03  -5.04504656e-14  -7.21995633e-14   6.30342069e-15
  4.68800000e-05   8.44614916e-03  -6.16349880e-03  -2.99363435e-03  -4.97000567e-14  -7.27755822e-14   9.61310500e-15
  4.69600000e-05   8.48567048e-03  -6.21206733e-03  -3.20085671e-03  -4.87648917e-14  -7.32884693e-14   1.29559387e-14
  4.70400000e-05   8.51824059e-03  -6.26042340e-03  -3.42167931e-03  -4.76104407e-14  -7.36977822e-14   1.63142498e-14
  4.71200000e-05   8.53455059e-03  -6.30599866e-03  -3.63589627e-03  -4.62459071e-14  -7.39203467e-14   1.96522586e-14
  4.72000000e-05   8.53650795e-03  -6.34439338e-03  -3.86302346e-03  -4.45942873e-14  -7.39745167e-14   2.29467792e-14
  4.72800000e-05   8.52852217e-03  -6.38259630e-03  -4.09706477e-03  -4.27222403e-14  -7.38974192e-14   2.61894373e-14
  4.73600000e-05   8.51631002e-03  -6.42361306e-03  -4.33670504e-03  -4.06558987e-14  -7.37356048e-14   2.93796224e-14
  4.74400000e-05   8.48880639e-03  -6.45879635e-03  -4.58187852e-03  -3.83218708e-14  -7.33962476e-14   3.24636443e-14
  4.75200000e-05   8.45396829e-03  -6.49214082e-03  -4.82840707e-03  -3.57680654e-14  -7.29403766e-14   3.54479445e-14
  4.76000000e-05   8.39882917e-03  -6.51682227e-03  -5.06302057e-03  -3.29950793e-14  -7.22483722e-14   3.82597234e-14
  4.76800000e-05   8.33389149e-03  -6.53665544e-03  -5.32784517e-03  -2.98871656e-14  -7.14520062e-14   4.09134920e-14
  4.77600000e-05   8.24927227e-03  -6.54500939e-03  -5.57753368e-03  -2.65733056e-14  -7.04249352e-14   4.33384078e-14
  4.78400000e-05   8.15026569e-03  -6.54710992e-03  -5.83331790e-03  -2.30257284e-14  -6.92360104e-14   4.55366861e-14
  4.79200000e-05   8.04395618e-03  -6.54644389e-03  -6.08386344e-03  -1.93327333e-14  -6.79235103e-14   4.75266732e-14
  4.80000000e-05   7.92211421e-03  -6.53411276e-03  -6.33678611e-03  -1.54113239e-14  -6.64392173e-14   4.92412185e-14
  4.80800000e-05   7.78257927e-03  -6.50833205e-03  -6.56621193e-03  -1.14019695e-14  -6.47313447e-14   5.06466068e-14
  4.81600000e-05   7.63023337e-03  -6.47424955e-03  -6.76433472e-03  -7.42069787e-15  -6.28241201e-14   5.17593214e-14
  4.82400000e-05   7.46216117e-03  -6.42555291e-03  -6.98896122e-03  -3.14373847e-15  -6.07984057e-14   5.25406106e-14
  4.83200000e-05   7.27811998e-03  -6.36277043e-03  -7.19918050e-03   1.17968671e-15  -5.85908375e-14   5.29763005e-14
  4.84000000e-05   7.08661787e-03  -6.29269894e-03  -7.40828733e-03   5.55444049e-15  -5.62832129e-14   5.31209838e-14
  4.84800000e-05   6.88620922e-03  -6.21191552e-03  -7.61157304e-03   9.95197375e-15  -5.38618815e-14   5.29610409e-14
  4.85600000e-05   6.67107380e-03  -6.11455461e-03  -7.77951913e-03   1.41913533e-14  -5.12511743e-14   5.24517855e-14
  4.86400000e-05   6.44774992e-03  -6.00597907e-03  -7.93498385e-03   1.83491789e-14  -4.85366080e-14   5.16473350e-14
  4.87200000e-05   6.22161799e-03  -5.89013980e-03  -8.09143499e-03   2.24697629e-14  -4.57753979e-14   5.05994022e-14
  4.88000000e-05   5.98544082e-03  -5.75891314e-03  -8.22017564e-03   2.63825570e-14  -4.28898729e-14   4.92581064e-14
  4.88800000e-05   5.74426115e-03  -5.61639705e-03  -8.32829657e-03   3.00852176e-14  -3.99304645e-14   4.76787403e-14
  4.89600000e-05   5.50274239e-03  -5.46688609e-03  -8.42200029e-03   3.35788116e-14  -3.69389586e-14   4.59174324e-14
  4.90400000e-05   5.25793424e-03  -5.30671592e-03  -8.48100903e-03   3.67183480e-14  -3.38887829e-14   4.39689194e-14
  4.91200000e-05   5.01098436e-03  -5.14002314e-03  -8.54849627e-03   3.97845556e-14  -3.08431342e-14   4.18663351e-14
  4.92000000e-05   4.76646918e-03  -4.96452769e-03  -8.57464771e-03   4.24107189e-14  -2.77825665e-14   3.96607204e-14
  4.92800000e-05   4.52455233e-03  -4.78725019e-03  -8.59705694e-03   4.48386362e-14  -2.47530372e-14   3.73818319e-14
  4.93600000e-05   4.28798859e-03  -4.60135545e-03  -8.57754095e-03   4.68040565e-14  -2.17564713e-14   3.50688524e-14
  4.94400000e-05   4.05297516e-03  -4.41102506e-03  -8.55364052e-03   4.85746494e-14  -1.88068559e-14   3.27146505e-14
  4.95200000e-05   3.82507517e-03  -4.22126793e-03  -8.51978147e-03   5.00914826e-14  -1.59336147e-14   3.03838477e-14
  4.96000000e-05   3.60065566e-03  -4.02995345e-03  -8.45592155e-03   5.12107689e-14  -1.31288189e-14   2.80632776e-14
  4.96800000e-05   3.38713133e-03  -3.83980392e-03  -8.39072953e-03   5.21549441e-14  -1.04323178e-14   2.58277542e-14
  4.97600000e-05   3.18251721e-03  -3.65391237e-03  -8.29207258e-03   5.26670263e-14  -7.85294302e-15   2.36741395e-14
  4.98400000e-05   2.98418240e-03  -3.46758683e-03  -8.20734522e-03   5.31528710e-14  -5.36746972e-15   2.15940752e-14
  4.99200000e-05   2.79536462e-03  -3.28779714e-03  -8.11491455e-03   5.34257079e-14  -2.99790009e-15   1.96182991e-14
  5.00000000e-05   2.61367464e-03  -3.10895834e-03  -8.00064055e-03   5.34032659e-14  -7.52419079e-16   1.77383299e-14
  5.00800000e-05   2.44296729e-03  -2.93815180e-03  -7.88729087e-03   5.32550968e-14   1.37064859e-15   1.59843586e-14
  5.01600000e-05   2.27899189e-03  -2.77224164e-03  -7.76480445e-03   5.29231066e-14   3.37328262e-15   1.43287287e-14
  5.02400000e-05   2.12797544e-03  -2.61347002e-03  -7.61814053e-03   5.22912290e-14   5.20378744e-15   1.28213057e-14
  5.03200000e-05   1.98482187e-03  -2.46200711e-03  -7.48419901e-03   5.16656531e-14   6.93638250e-15   1.14200190e-14
  5.04000000e-05   1.84988854e-03  -2.31499803e-03  -7.33833404e-03   5.08687496e-14   8.52970731e-15   1.01324444e-14
  5.04800000e-05   1.72231360e-03  -2.17431511e-03  -7.17663800e-03   4.98747446e-14   9.97012519e-15   8.94872459e-15
  5.05600000e-05   1.60434032e-03  -2.04462529e-03  -7.04598495e-03   4.90481643e-14   1.13567625e-14   7.87251519e-15
  5.06400000e-05   1.49299102e-03  -1.91692675e-03  -6.86852561e-03   4.78119555e-14   1.25214908e-14   6.89813833e-15
  5.07200000e-05   1.39216894e-03  -1.79854593e-03  -6.70549465e-03   4.66352692e-14   1.35905635e-14   6.03697756e-15
  5.08000000e-05   1.29807457e-03  -1.69323268e-03  -6.55064716e-03   4.54620672e-14   1.45721565e-14   5.24209301e-15
  5.08800000e-05   1.21189063e-03  -1.59023462e-03  -6.38125588e-03   4.41568854e-14   1.53988321e-14   4.54856540e-15
  5.09600000e-05   1.13448641e-03  -1.49563356e-03  -6.23364947e-03   4.29853814e-14   1.61799654e-14   3.94103514e-15
  5.10400000e-05   1.05925773e-03  -1.40711062e-03  -6.08784101e-03   4.18028402e-14   1.68860677e-14   3.37055718e-15
  5.11200000e-05   9.93750224e-04  -1.32689346e-03  -5.92692631e-03   4.04812357e-14   1.74348835e-14   2.88412631e-15
  5.12000000e-05   9.34573283e-04  -1.25458333e-03  -5.79122662e-03   3.93284160e-14   1.79788619e-14   2.45186508e-15
  5.12800000e-05   8.80012809e-04  -1.18671070e-03  -5.63336878e-03   3.80035680e-14   1.83595230e-14   2.06913212e-15
  5.13600000e-05   8.31206259e-04  -1.13077653e-03  -5.47727854e-03   3.66661249e-14   1.86599702e-14   1.71195532e-15
  5.14400000e-05   7.86788648e-04  -1.07432748e-03  -5.34376481e-03   3.55063197e-14   1.89711222e-14   1.41375448e-15
  5.15200000e-05   7.47458599e-04  -1.02294548e-03  -5.20578515e-03   3.43111100e-14   1.91900168e-14   1.15559767e-15
  5.16000000e-05   7.10916391e-04  -9.80683270e-04  -5.07614869e-03   3.31622115e-14   1.93781431e-14   9.00631411e-16
  5.16800000e-05   6.78932919e-04  -9.40354670e-04  -4.93767910e-03   3.19596718e-14   1.94615290e-14   6.88123621e-16
  5.17600000e-05   6.51212898e-04  -9.08118797e-04  -4.79066916e-03   3.06899915e-14   1.94417285e-14   4.86428758e-16
  5.18400000e-05   6.25493487e-04  -8.74418203e-04  -4.69110231e-03   2.97710950e-14   1.95812490e-14   3.19631794e-16
  5.19200000e-05   6.04502866e-04  -8.51405583e-04  -4.55518243e-03   2.85843274e-14   1.94976363e-14   1.49041547e-16
  5.20000000e-05   5.85942464e-04  -8.26012605e-04  -4.44637799e-03   2.76075549e-14   1.94903449e-14   1.73552883e-17
  5.20800000e-05   5.71882155e-04  -8.10113958e-04  -4.33456600e-03   2.65977711e-14   1.94170799e-14  -1.19794407e-16
  5.21600000e-05   5.60233341e-04  -7.93822039e-04  -4.22184584e-03   2.55993880e-14   1.92955955e-14  -2.31092827e-16
  5.22400000e-05   5.51484390e-04  -7.81014172e-04  -4.12037360e-03   2.46816812e-14   1.91866047e-14  -3.33331017e-16
  5.23200000e-05   5.43442297e-04  -7.75633820e-04  -4.02793662e-03   2.38147749e-14   1.90916359e-14  -4.63304833e-16
  5.24000000e-05   5.38202182e-04  -7.68473984e-04  -3.91435039e-03   2.28323366e-14   1.88482335e-14  -5.61003363e-16
  5.24800000e-05   5.36415264e-04  -7.68590992e-04  -3.81760402e-03   2.19533070e-14   1.86518874e-14  -6.70468623e-16
  5.25600000e-05   5.37037685e-04  -7.68079304e-04  -3.73427646e-03   2.11755789e-14   1.84939471e-14  -7.58576442e-16
  5.26400000e-05   5.38158539e-04  -7.71043657e-04  -3.63860760e-03   2.03243849e-14   1.82431140e-14  -8.59805839e-16
  5.27200000e-05   5.40735161e-04  -7.75291967e-04  -3.55561750e-03   1.95619417e-14   1.80341711e-14  -9.57335335e-16
  5.28000000e-05   5.46842690e-04  -7.80025452e-04  -3.47115288e-03   1.88018622e-14   1.77853739e-14  -1.03463707e-15
  5.28800000e-05   5.50714494e-04  -7.88721053e-04  -3.40633690e-03   1.81621687e-14   1.76333824e-14  -1.14658370e-15
  5.29600000e-05   5.59707409e-04  -7.97843560e-04  -3.34129744e-03   1.75296882e-14   1.74482931e-14  -1.22991502e-15
  5.30400000e-05   5.67477191e-04  -8.10144329e-04  -3.26289299e-03   1.68193777e-14   1.71728397e-14  -1.33864809e-15
  5.31200000e-05   5.78104012e-04  -8.21994359e-04  -3.18285487e-03   1.61135556e-14   1.68611504e-14  -1.42779346e-15
  5.32000000e-05   5.89731056e-04  -8.38125062e-04  -3.13094471e-03   1.55685708e-14   1.66968209e-14  -1.53715725e-15
  5.32800000e-05   6.03115300e-04  -8.53435697e-04  -3.05115862e-03   1.48753727e-14   1.63475856e-14  -1.63218267e-15
  5.33600000e-05   6.15740439e-04  -8.70924353e-04  -3.01180549e-03   1.44167444e-14   1.62280239e-14  -1.74526829e-15
  5.34400000e-05   6.33782802e-04  -8.88637912e-04  -2.95290544e-03   1.38539483e-14   1.59633215e-14  -1.83047464e-15
  5.35200000e-05   6.49495020e-04  -9.08932989e-04  -2.89147394e-03   1.32777824e-14   1.56784149e-14  -1.94598846e-15
  5.36000000e-05   6.65590908e-04  -9.30377397e-04  -2.83219657e-03   1.27193854e-14   1.53931897e-14  -2.06750074e-15
  5.36800000e-05   6.83882608e-04  -9.51901626e-04  -2.77708208e-03   1.21917254e-14   1.51158989e-14  -2.17895605e-15
  5.37600000e-05   7.02125692e-04  -9.75061241e-04  -2.73018539e-03   1.17112434e-14   1.48796404e-14  -2.30233293e-15
  5.38400000e-05   7.20786058e-04  -9.96924593e-04  -2.68659930e-03   1.12584911e-14   1.46541403e-14  -2.41722294e-15
  5.39200000e-05   7.41266363e-04  -1.02184374e-03  -2.64642740e-03   1.08204720e-14   1.44359281e-14  -2.54320631e-15
  5.40000000e-05   7.61108072e-04  -1.04518623e-03  -2.60249213e-03   1.03732447e-14   1.41876670e-14  -2.66421321e-15
  5.40800000e-05   7.84870994e-04  -1.07123742e-03  -2.54788365e-03   9.86826492e-15   1.38506455e-14  -2.78349244e-15
  5.41600000e-05   8.07296950e-04  -1.09593166e-03  -2.51899376e-03   9.50682394e-15   1.36743398e-14  -2.90247322e-15
  5.42400000e-05   8.29188100e-04  -1.12283315e-03  -2.51031326e-03   9.24396352e-15   1.36249684e-14  -3.04088810e-15
  5.43200000e-05   8.53236588e-04  -1.15108255e-03  -2.45301186e-03   8.73328423e-15   1.32479594e-14  -3.17892360e-15
  5.44000000e-05   8.78361939e-04  -1.17760970e-03  -2.43847025e-03   8.44780468e-15   1.31388200e-14  -3.30214068e-15
  5.44800000e-05   9.04243135e-04  -1.20635141e-03  -2.39604007e-03   8.01928141e-15   1.28393820e-14  -3.43793348e-15
  5.45600000e-05   9.30414405e-04  -1.23603670e-03  -2.37735974e-03   7.70878410e-15   1.26886800e-14  -3.58015250e-15
  5.46400000e-05   9.59167260e-04  -1.26716526e-03  -2.35110602e-03   7.35878102e-15   1.24746381e-14  -3.72128099e-15
  5.47200000e-05   9.85002511e-04  -1.29743115e-03  -2.30034059e-03   6.89724441e-15   1.21009195e-14  -3.87173398e-15
  5.48000000e-05   1.01390950e-03  -1.32916413e-03  -2.27776640e-03   6.56980268e-15   1.18988473e-14  -4.01899672e-15
  5.48800000e-05   1.04461201e-03  -1.36189625e-03  -2.27208641e-03   6.32088512e-15   1.17988882e-14  -4.16620998e-15
  5.49600000e-05   1.07480992e-03  -1.39456480e-03  -2.24482392e-03   5.97141177e-15   1.15514734e-14  -4.31710724e-15
  5.50400000e-05   1.10536707e-03  -1.42805397e-03  -2.22316368e-03   5.64759643e-15   1.13351946e-14  -4.47317608e-15
  5.51200000e-05   1.13466532e-03  -1.46140275e-03  -2.19956286e-03   5.31672721e-15   1.11050914e-14  -4.63560525e-15
  5.52000000e-05   1.16552710e-03  -1.49243521e-03  -2.18238081e-03   5.02477753e-15   1.09081321e-14  -4.77605287e-15
  5.52800000e-05   1.19880548e-03  -1.52891552e-03  -2.17422327e-03   4.75632718e-15   1.07597818e-14  -4.94378219e-15
  5.53600000e-05   1.23323431e-03  -1.56691859e-03  -2.14273897e-03   4.37802243e-15   1.04444759e-14  -5.11798969e-15
  5.54400000e-05   1.26772569e-03  -1.60373909e-03  -2.13345243e-03   4.10460378e-15   1.02746028e-14  -5.28451925e-15
  5.55200000e-05   1.30230703e-03  -1.64214224e-03  -2.10849978e-03   3.75605692e-15   9.99307698e-15  -5.46289574e-15
  5.56000000e-05   1.34359215e-03  -1.68394801e-03  -2.11414611e-03   3.53121574e-15   9.89283684e-15  -5.63561293e-15
  5.56800000e-05   1.38086404e-03  -1.72351610e-03  -2.09069825e-03   3.18612792e-15   9.60233925e-15  -5.81154013e-15
  5.57600000e-05   1.42051358e-03  -1.76537435e-03  -2.09407034e-03   2.94903483e-15   9.48266532e-15  -5.99373857e-15
  5.58400000e-05   1.46113665e-03  -1.80807118e-03  -2.08380125e-03   2.64862999e-15   9.26138167e-15  -6.17872120e-15
  5.59200000e-05   1.50257670e-03  -1.85006526e-03  -2.08197590e-03   2.38614140e-15   9.09000209e-15  -6.35537452e-15
  5.60000000e-05   1.54673093e-03  -1.89745300e-03  -2.08149884e-03   2.10847476e-15   8.91356481e-15  -6.55865230e-15
  5.60800000e-05   1.59295061e-03  -1.94447681e-03  -2.06700141e-03   1.77159191e-15   8.62785214e-15  -6.75113232e-15
  5.61600000e-05   1.63992555e-03  -1.99120388e-03  -2.06571613e-03   1.48960499e-15   8.42491077e-15  -6.93845275e-15
  5.62400000e-05   1.68861780e-03  -2.04207328e-03  -2.05704483e-03   1.16019523e-15   8.15906775e-15  -7.14728608e-15
  5.63200000e-05   1.73939977e-03  -2.09430105e-03  -2.05807832e-03   8.63996504e-16   7.94650863e-15  -7.35615645e-15
  5.64000000e-05   1.79174367e-03  -2.14773629e-03  -2.06836142e-03   5.97960113e-16   7.78631012e-15  -7.56712507e-15
  5.64800000e-05   1.84573263e-03  -2.20354321e-03  -2.05344913e-03   2.18107618e-16   7.43936585e-15  -7.78709127e-15
  5.65600000e-05   1.90366363e-03  -2.26292140e-03  -2.06295386e-03  -7.90908008e-17   7.23975387e-15  -8.01450605e-15
  5.66400000e-05   1.96412854e-03  -2.32563029e-03  -2.07202163e-03  -3.93989539e-16   7.02015888e-15  -8.25287726e-15
  5.67200000e-05   2.02701188e-03  -2.38688306e-03  -2.06273258e-03  -7.80651382e-16   6.65711310e-15  -8.47038547e-15
  5.68000000e-05   2.09240762e-03  -2.45509648e-03  -2.07744467e-03  -1.10215025e-15   6.44232907e-15  -8.72354740e-15
  5.68800000e-05   2.16092780e-03  -2.52505062e-03  -2.07352553e-03  -1.50816561e-15   6.07816207e-15  -8.97346268e-15
  5.69600000e-05   2.23339281e-03  -2.59972198e-03  -2.07384087e-03  -1.91987307e-15   5.71878105e-15  -9.23651945e-15
  5.70400000e-05   2.30624182e-03  -2.67461545e-03  -2.07740141e-03  -2.32479335e-15   5.37042086e-15  -9.49520212e-15
  5.71200000e-05   2.39087736e-03  -2.76028975e-03  -2.08601348e-03  -2.75736811e-15   5.00025880e-15  -9.77687453e-15
  5.72000000e-05   2.47604081e-03  -2.84769372e-03  -2.09712186e-03  -3.19324679e-15   4.63338182e-15  -1.00619149e-14
  5.72800000e-05   2.56631003e-03  -2.93929847e-03  -2.10254930e-03  -3.67440451e-15   4.19499918e-15  -1.03493487e-14
  5.73600000e-05   2.66378114e-03  -3.04010642e-03  -2.09902870e-03  -4.23293751e-15   3.65280347e-15  -1.06623270e-14
  5.74400000e-05   2.76369589e-03  -3.14167803e-03  -2.10954572e-03  -4.74873854e-15   3.18264650e-15  -1.09610897e-14
  5.75200000e-05   2.87294751e-03  -3.25417078e-03  -2.11818289e-03  -5.32421515e-15   2.64584349e-15  -1.12861912e-14
  5.76000000e-05   2.98597388e-03  -3.36997028e-03  -2.12435862e-03  -5.93124132e-15   2.05975340e-15  -1.16043681e-14
  5.76800000e-05   3.11184039e-03  -3.49930896e-03  -2.12737207e-03  -6.61587264e-15   1.38059237e-15  -1.19483842e-14
  5.77600000e-05   3.24395768e-03  -3.63596010e-03  -2.13176827e-03  -7.33614325e-15   6.64207145e-16  -1.22964439e-14
  5.78400000e-05   3.38641684e-03  -3.78230046e-03  -2.13532502e-03  -8.11191438e-15  -1.23761544e-16  -1.26454848e-14
  5.79200000e-05   3.54390480e-03  -3.94397140e-03  -2.12804838e-03  -9.00609663e-15  -1.07279966e-15  -1.30098818e-14
  5.80000000e-05   3.70908138e-03  -4.11533921e-03  -2.12376533e-03  -9.94413395e-15  -2.06069877e-15  -1.33739483e-14
  5.80800000e-05   3.88763882e-03  -4.30051860e-03  -2.11372323e-03  -1.09785998e-14  -3.17352317e-15  -1.37354953e-14
  5.81600000e-05   4.08185901e-03  -4.49995856e-03  -2.09790332e-03  -1.21136854e-14  -4.42434384e-15  -1.40792913e-14
  5.82400000e-05   4.30007206e-03  -4.72747095e-03  -2.07178167e-03  -1.34311011e-14  -5.88328185e-15  -1.44521302e-14
  5.83200000e-05   4.52954120e-03  -4.96569019e-03  -2.03246768e-03  -1.48669645e-14  -7.51431569e-15  -1.47735508e-14
  5.84000000e-05   4.77714446e-03  -5.22182933e-03  -1.98919828e-03  -1.64210576e-14  -9.29065881e-15  -1.50470317e-14
  5.84800000e-05   5.05778652e-03  -5.51522071e-03  -1.91639569e-03  -1.82862391e-14  -1.14474199e-14  -1.53166939e-14
  5.85600000e-05   5.35791077e-03  -5.82820748e-03  -1.82305104e-03  -2.03520877e-14  -1.38635691e-14  -1.54932099e-14
  5.86400000e-05   5.68620061e-03  -6.17070163e-03  -1.70232757e-03  -2.26986253e-14  -1.66207128e-14  -1.55713142e-14
  5.87200000e-05   6.04358418e-03  -6.54244027e-03  -1.55011682e-03  -2.53495065e-14  -1.97439380e-14  -1.55009876e-14
  5.88000000e-05   6.42653407e-03  -6.94197299e-03  -1.34917416e-03  -2.83788713e-14  -2.33108993e-14  -1.52346158e-14
  5.88800000e-05   6.83708553e-03  -7.37029200e-03  -1.08769419e-03  -3.18562639e-14  -2.73813253e-14  -1.47060070e-14
  5.89600000e-05   7.28580381e-03  -7.83962037e-03  -7.27164893e-04  -3.60304274e-14  -3.21991416e-14  -1.38642260e-14
  5.90400000e-05   3.97176249e-03  -4.28444547e-03  -2.88078948e-04  -2.03163900e-14  -1.83844461e-14  -6.68122024e-15
  5.91200000e-05  -3.63640297e-03   3.87362650e-03  -2.77426401e-04   2.07728222e-14   1.99169454e-14   5.81219005e-15
  5.92000000e-05  -8.52199269e-03   9.12357184e-03  -9.77392995e-04   4.98251147e-14   4.82956846e-14   1.63904225e-14
  5.92800000e-05  -8.87084901e-03   9.46790418e-03  -1.80115922e-03   5.41534036e-14   5.45962132e-14   2.02786342e-14
  5.93600000e-05  -9.08675545e-03   9.66408067e-03  -2.72218034e-03   5.75992196e-14   6.10231407e-14   2.43711008e-14
  5.94400000e-05  -9.03318658e-03   9.56472048e-03  -3.75001061e-03   5.94007548e-14   6.70902547e-14   2.80323023e-14
  5.95200000e-05  -8.86064890e-03   9.33810665e-03  -4.70783483e-03   5.97012512e-14   7.24822574e-14   3.14062046e-14
  5.96000000e-05  -8.49359345e-03   8.90910237e-03  -5.57423422e-03   5.81840581e-14   7.67048968e-14   3.39383019e-14
  5.96800000e-05  -7.83293141e-03   8.15618875e-03  -6.17825772e-03   5.39828130e-14   7.81175740e-14   3.46858315e-14
  5.97600000e-05  -7.17352829e-03   7.42419923e-03  -6.62921664e-03   4.92760102e-14   7.87144661e-14   3.48320229e-14
  5.98400000e-05  -6.43559590e-03   6.61590726e-03  -6.86529512e-03   4.36976421e-14   7.76049269e-14   3.38232557e-14
  5.99200000e-05  -5.66500108e-03   5.79272737e-03  -6.94265032e-03   3.78723372e-14   7.53090773e-14   3.19327795e-14
  6.00000000e-05  -4.86617024e-03   4.94588478e-03  -6.77234550e-03   3.17800492e-14   7.10980825e-14   2.90882671e-14
  6.00800000e-05  -4.11309386e-03   4.15530193e-03  -6.46860046e-03   2.61178616e-14   6.60649104e-14   2.58316207e-14
  6.01600000e-05  -3.35256205e-03   3.37290852e-03  -6.00930356e-03   2.07503193e-14   5.97887629e-14   2.19817976e-14
  6.02400000e-05  -2.57390621e-03   2.58123585e-03  -5.45717196e-03   1.57541988e-14   5.26997244e-14   1.74963494e-14
  6.03200000e-05  -1.85522235e-03   1.85418314e-03  -4.75582278e-03   1.13431127e-14   4.46245107e-14   1.29731535e-14
  6.04000000e-05  -1.18287171e-03   1.17920720e-03  -4.00154682e-03   7.53660742e-15   3.62619821e-14   8.45811684e-15
  6.04800000e-05  -5.88467654e-04   5.85609217e-04  -3.17802775e-03   4.34829802e-15   2.75909679e-14   4.27897218e-15
  6.05600000e-05  -1.32346165e-04   1.32495464e-04  -1.20724729e-03   1.23659328e-15   1.01666417e-14   9.80226287e-16
