       time             b_x              b_y              b_z              F_x              F_y              F_z
  0.00000000e+00   4.77524156e-05   3.35529926e-05  -2.67081613e-04   2.04777728e-16  -3.05239867e-16  -1.73385143e-18
  8.00000000e-08   4.84385617e-05   3.36329566e-05  -2.38029692e-04   2.06457291e-16  -3.09224099e-16  -1.67889338e-18
  1.60000000e-07   4.80469622e-05   3.33603048e-05  -2.08117407e-04   2.05861231e-16  -3.06396135e-16  -1.58786180e-18
  2.40000000e-07   4.83203992e-05   3.39257012e-05  -1.78204465e-04   2.10523196e-16  -3.07835752e-16  -1.52060662e-18
  3.20000000e-07   4.83315473e-05   3.42085196e-05  -1.49272229e-04   2.13297629e-16  -3.07655711e-16  -1.44328216e-18
  4.00000000e-07   4.79464041e-05   3.34989460e-05  -1.18857857e-04   2.09739591e-16  -3.04998150e-16  -1.35335923e-18
  4.80000000e-07   4.89316224e-05   3.39118187e-05  -8.96539353e-05   2.13218426e-16  -3.11094507e-16  -1.30119241e-18
  5.60000000e-07   4.80576350e-05   3.34816037e-05  -5.96229871e-05   2.11297204e-16  -3.05421253e-16  -1.20003082e-18
  6.40000000e-07   4.77054602e-05   3.34660290e-05  -2.95041137e-05   2.11945585e-16  -3.03108672e-16  -1.11448708e-18
