       time             b_x              b_y              b_z              F_x              F_y              F_z
  0.00000000e+00   8.66497244e-05   2.73228040e-05  -2.48411979e-03  -1.44178924e-14   6.08513924e-15  -4.35986760e-16
  8.00000000e-08   1.07861592e-04   3.37204767e-05  -2.45985009e-03  -1.43013767e-14   5.80759123e-15  -5.47486417e-16
  1.60000000e-07   1.28070024e-04   3.92652289e-05  -2.43629102e-03  -1.41891549e-14   5.53933928e-15  -6.56613669e-16
  2.40000000e-07   1.50114750e-04   4.48568363e-05  -2.41122727e-03  -1.40644907e-14   5.26304037e-15  -7.77696979e-16
  3.20000000e-07   1.73366403e-04   5.12198002e-05  -2.38541979e-03  -1.39288745e-14   4.98332394e-15  -9.05314040e-16
  4.00000000e-07   1.93953479e-04   5.63255067e-05  -2.36011231e-03  -1.37981687e-14   4.71942902e-15  -1.02129826e-15
  4.80000000e-07   2.16674542e-04   6.16123391e-05  -2.33383087e-03  -1.36577405e-14   4.44775827e-15  -1.15057518e-15
  5.60000000e-07   2.34981192e-04   6.52616773e-05  -2.30712761e-03  -1.35185495e-14   4.19707319e-15  -1.25814317e-15
  6.40000000e-07   2.58678818e-04   6.99044102e-05  -2.27929348e-03  -1.33653959e-14   3.92482057e-15  -1.39647772e-15
  7.20000000e-07   2.81067790e-04   7.48095221e-05  -2.25134394e-03  -1.32074388e-14   3.66137228e-15  -1.52721228e-15
  8.00000000e-07   3.01888936e-04   7.86815160e-05  -2.22256473e-03  -1.30458845e-14   3.40630278e-15  -1.65142327e-15
  8.80000000e-07   3.21000911e-04   8.20727154e-05  -2.19355866e-03  -1.28822221e-14   3.16155718e-15  -1.76686748e-15
  9.60000000e-07   3.39980477e-04   8.53238747e-05  -2.16449930e-03  -1.27162161e-14   2.92084362e-15  -1.88221245e-15
  1.04000000e-06   3.57316863e-04   8.79500246e-05  -2.13467212e-03  -1.25456957e-14   2.68910592e-15  -1.98919621e-15
  1.12000000e-06   3.77629691e-04   9.05997002e-05  -2.10363456e-03  -1.23652861e-14   2.44605761e-15  -2.11438202e-15
  1.20000000e-06   3.98717103e-04   9.35362334e-05  -2.07255878e-03  -1.21810013e-14   2.20328984e-15  -2.24393449e-15
  1.28000000e-06   4.20210668e-04   9.61717898e-05  -2.04119098e-03  -1.19938398e-14   1.96180490e-15  -2.37668556e-15
  1.36000000e-06   4.41483318e-04   9.80721412e-05  -2.00872674e-03  -1.18008302e-14   1.72279981e-15  -2.50950559e-15
  1.44000000e-06   4.60280854e-04   9.91151596e-05  -1.97623501e-03  -1.16092096e-14   1.49783979e-15  -2.62875531e-15
  1.52000000e-06   4.74740179e-04   9.96260572e-05  -1.94371605e-03  -1.14177666e-14   1.29487919e-15  -2.72234663e-15
  1.60000000e-06   4.93141585e-04   1.00213812e-04  -1.90937761e-03  -1.12130831e-14   1.07555860e-15  -2.83959114e-15
  1.68000000e-06   5.11203592e-04   1.01393091e-04  -1.87472179e-03  -1.10021488e-14   8.60766358e-16  -2.95353809e-15
  1.76000000e-06   5.29663021e-04   1.01638587e-04  -1.83971355e-03  -1.07914048e-14   6.47230930e-16  -3.07114358e-15
  1.84000000e-06   5.47735064e-04   1.01186521e-04  -1.80505952e-03  -1.05841913e-14   4.39383751e-16  -3.18708215e-15
  1.92000000e-06   5.66046611e-04   1.00628463e-04  -1.76976808e-03  -1.03720861e-14   2.32845039e-16  -3.30419191e-15
  2.00000000e-06   5.82123132e-04   9.96557863e-05  -1.73418638e-03  -1.01586464e-14   3.88813980e-17  -3.40777000e-15
  2.08000000e-06   5.96631076e-04   9.85241500e-05  -1.69722627e-03  -9.93626987e-15  -1.46917428e-16  -3.50145552e-15
  2.16000000e-06   6.15169493e-04   9.87386976e-05  -1.66018579e-03  -9.70639566e-15  -3.47008982e-16  -3.61727088e-15
  2.24000000e-06   6.29876148e-04   9.70862987e-05  -1.62227684e-03  -9.47833963e-15  -5.28314674e-16  -3.71174144e-15
  2.32000000e-06   6.46159011e-04   9.54249467e-05  -1.58441405e-03  -9.24969334e-15  -7.13201510e-16  -3.81518323e-15
  2.40000000e-06   6.61654246e-04   9.32910019e-05  -1.54685926e-03  -9.02418072e-15  -8.91111480e-16  -3.91374982e-15
  2.48000000e-06   6.76681526e-04   9.17019335e-05  -1.50800361e-03  -8.78762675e-15  -1.06557860e-15  -4.00804099e-15
  2.56000000e-06   6.90928446e-04   8.98000239e-05  -1.46916954e-03  -8.55196572e-15  -1.23350986e-15  -4.09725729e-15
  2.64000000e-06   7.04315560e-04   8.75453157e-05  -1.42946635e-03  -8.31209352e-15  -1.39569175e-15  -4.18094703e-15
  2.72000000e-06   7.18744418e-04   8.57456610e-05  -1.39019828e-03  -8.07243598e-15  -1.55903152e-15  -4.26967763e-15
  2.80000000e-06   7.32095659e-04   8.30166617e-05  -1.34967834e-03  -7.82902337e-15  -1.71620313e-15  -4.35219809e-15
  2.88000000e-06   7.46141786e-04   8.05605675e-05  -1.30881839e-03  -7.58210497e-15  -1.87407196e-15  -4.43782094e-15
  2.96000000e-06   7.59148000e-04   7.74046038e-05  -1.26884295e-03  -7.34358692e-15  -2.02359351e-15  -4.51711127e-15
  3.04000000e-06   7.72728917e-04   7.30863631e-05  -1.22646232e-03  -7.09574283e-15  -2.17575622e-15  -4.60030749e-15
  3.12000000e-06   7.85045818e-04   6.93444092e-05  -1.18511278e-03  -6.85165089e-15  -2.31853696e-15  -4.67435468e-15
  3.20000000e-06   7.96448392e-04   6.58137746e-05  -1.14381618e-03  -6.60711610e-15  -2.45465752e-15  -4.74182598e-15
  3.28000000e-06   8.08154166e-04   6.20882142e-05  -1.10167898e-03  -6.35867296e-15  -2.59062979e-15  -4.81050808e-15
  3.36000000e-06   8.20246395e-04   5.80918080e-05  -1.05870973e-03  -6.10682162e-15  -2.72690102e-15  -4.88094980e-15
  3.44000000e-06   8.33470645e-04   5.35696050e-05  -1.01530111e-03  -5.85519639e-15  -2.86661857e-15  -4.95783752e-15
  3.52000000e-06   8.45319449e-04   4.90969178e-05  -9.71818833e-04  -5.60344157e-15  -2.99799402e-15  -5.02551529e-15
  3.60000000e-06   8.55135559e-04   4.61286292e-05  -9.28397860e-04  -5.34570433e-15  -3.11786512e-15  -5.07877593e-15
  3.68000000e-06   8.63881981e-04   4.06198507e-05  -8.85285327e-04  -5.10234282e-15  -3.23049056e-15  -5.12721032e-15
  3.76000000e-06   8.72358085e-04   3.65546718e-05  -8.40734189e-04  -4.84447070e-15  -3.34123188e-15  -5.17196859e-15
  3.84000000e-06   8.83009027e-04   3.16551513e-05  -7.96419389e-04  -4.59280097e-15  -3.46015218e-15  -5.22967724e-15
  3.92000000e-06   8.93689743e-04   2.63407586e-05  -7.51734742e-04  -4.34182603e-15  -3.57793338e-15  -5.28709217e-15
  4.00000000e-06   9.02894199e-04   2.05744509e-05  -7.06843658e-04  -4.09279213e-15  -3.68741044e-15  -5.33530248e-15
  4.08000000e-06   9.12720229e-04   1.57226324e-05  -6.62639006e-04  -3.84458277e-15  -3.79786015e-15  -5.38564858e-15
  4.16000000e-06   9.20739701e-04   1.02737678e-05  -6.17973968e-04  -3.59764386e-15  -3.89877242e-15  -5.42506447e-15
  4.24000000e-06   9.28811002e-04   4.91206121e-06  -5.72251143e-04  -3.34529347e-15  -3.99951569e-15  -5.46401923e-15
  4.32000000e-06   9.36462509e-04  -3.67599094e-07  -5.26191854e-04  -3.09188699e-15  -4.09731951e-15  -5.49976221e-15
  4.40000000e-06   9.45155309e-04  -5.56031783e-06  -4.79992027e-04  -2.83859049e-15  -4.19922684e-15  -5.54084170e-15
  4.48000000e-06   9.53354316e-04  -1.09966312e-05  -4.34179029e-04  -2.59015837e-15  -4.29754363e-15  -5.57852866e-15
  4.56000000e-06   9.61542952e-04  -1.65615984e-05  -3.88140408e-04  -2.34251179e-15  -4.39520432e-15  -5.61558149e-15
  4.64000000e-06   9.68571257e-04  -2.27330939e-05  -3.42656441e-04  -2.10259606e-15  -4.48610130e-15  -5.64568738e-15
  4.72000000e-06   9.74475210e-04  -2.90188714e-05  -2.96754090e-04  -1.86241464e-15  -4.57118540e-15  -5.66875508e-15
  4.80000000e-06   9.82168399e-04  -3.47375857e-05  -2.49869219e-04  -1.61541711e-15  -4.66529238e-15  -5.70118501e-15
  4.88000000e-06   9.90561979e-04  -4.03661422e-05  -2.02676617e-04  -1.36791274e-15  -4.76276508e-15  -5.73696126e-15
  4.96000000e-06   9.96948315e-04  -4.63770047e-05  -1.56240570e-04  -1.12842924e-15  -4.84949489e-15  -5.76086341e-15
  5.04000000e-06   1.00352035e-03  -5.20231498e-05  -1.09795021e-04  -8.88875549e-16  -4.93701749e-15  -5.78501192e-15
  5.12000000e-06   1.00961459e-03  -5.80051120e-05  -6.29537035e-05  -6.50587322e-16  -5.02239690e-15  -5.80613588e-15
