       time             b_x              b_y              b_z              F_x              F_y              F_z
  0.00000000e+00   1.94238065e-03   1.14339813e-03  -1.20504164e-02   4.46060167e-16   5.79367300e-14   5.56919906e-15
  8.00000000e-08   2.94852659e-03   1.73602457e-03  -1.26496445e-02  -4.97573906e-15   6.52408369e-14   7.79378401e-15
  1.60000000e-07   4.35759663e-03   2.56495460e-03  -1.30435483e-02  -1.22639434e-14   7.34898910e-14   1.03543079e-14
  2.40000000e-07   6.00678682e-03   3.53397920e-03  -1.31776358e-02  -2.08557941e-14   8.16584063e-14   1.23924202e-14
  3.20000000e-07   7.82341272e-03   4.60051859e-03  -1.29399072e-02  -3.02879620e-14   8.89797731e-14   1.33229606e-14
  4.00000000e-07   9.71580366e-03   5.70818500e-03  -1.25392882e-02  -4.00464223e-14   9.58663722e-14   1.26115460e-14
  4.80000000e-07   1.14887326e-02   6.73987013e-03  -1.13824540e-02  -4.85008353e-14   9.92683111e-14   9.82585977e-15
  5.60000000e-07   1.29589284e-02   7.58920199e-03  -9.78993996e-03  -5.45960313e-14   9.96970150e-14   5.01685661e-15
  6.40000000e-07   1.43160185e-02   8.36070076e-03  -8.00145306e-03  -5.86391419e-14   9.91599773e-14  -1.30378066e-15
  7.20000000e-07   1.48610249e-02   8.65558948e-03  -5.95749040e-03  -5.81027161e-14   9.40205539e-14  -8.33615962e-15
  8.00000000e-07   1.52155054e-02   8.83127994e-03  -3.79884454e-03  -5.49459940e-14   8.80616929e-14  -1.53556184e-14
  8.80000000e-07   1.49123571e-02   8.62522438e-03  -2.02911802e-03  -4.93307344e-14   8.02986817e-14  -2.12128518e-14
  9.60000000e-07   3.49501085e-03   2.02107776e-03  -2.58094206e-04  -1.08589360e-14   1.80209837e-14  -5.92919089e-15
  1.04000000e-06  -8.99255510e-03  -5.16185860e-03  -9.80992581e-04   2.27619526e-14  -4.24740490e-14   1.48389729e-14
  1.12000000e-06  -1.26132471e-02  -7.18217811e-03  -2.17775660e-03   3.01164337e-14  -5.82089011e-14   1.75412976e-14
  1.20000000e-06  -1.17186510e-02  -6.64556015e-03  -2.97454890e-03   2.60771794e-14  -5.19799443e-14   1.33958071e-14
  1.28000000e-06  -1.07266672e-02  -6.06052197e-03  -3.64954932e-03   2.21755151e-14  -4.52338128e-14   9.93852756e-15
  1.36000000e-06  -9.86062784e-03  -5.55105268e-03  -4.08796333e-03   1.92483512e-14  -3.95588679e-14   7.28786659e-15
  1.44000000e-06  -8.97289837e-03  -5.03489857e-03  -4.40651673e-03   1.65171770e-14  -3.39703215e-14   5.18100208e-15
  1.52000000e-06  -8.23248378e-03  -4.60396235e-03  -4.61019089e-03   1.44189525e-14  -2.93972806e-14   3.60943414e-15
  1.60000000e-06  -7.55061884e-03  -4.20848576e-03  -4.72155930e-03   1.26244062e-14  -2.53603618e-14   2.41586340e-15
  1.68000000e-06  -6.89839708e-03  -3.83371837e-03  -4.78932701e-03   1.09545085e-14  -2.15896744e-14   1.50338072e-15
  1.76000000e-06  -6.34873753e-03  -3.51802478e-03  -4.80712035e-03   9.62333315e-15  -1.85047269e-14   8.32945945e-16
  1.84000000e-06  -5.82812900e-03  -3.21980743e-03  -4.80074566e-03   8.36930402e-15  -1.56515897e-14   3.36972958e-16
  1.92000000e-06  -5.38563639e-03  -2.96712699e-03  -4.76353523e-03   7.35736375e-15  -1.33143067e-14  -2.49493596e-17
  2.00000000e-06  -4.98564783e-03  -2.73888312e-03  -4.71988269e-03   6.43900337e-15  -1.12336435e-14  -2.82838929e-16
  2.08000000e-06  -4.60936569e-03  -2.52508454e-03  -4.67105726e-03   5.56657275e-15  -9.30748627e-15  -4.61604220e-16
  2.16000000e-06  -4.28202668e-03  -2.33898243e-03  -4.62003021e-03   4.80929035e-15  -7.65931996e-15  -5.79756982e-16
  2.24000000e-06  -3.97398777e-03  -2.16576526e-03  -4.55888692e-03   4.10690612e-15  -6.15854595e-15  -6.54289069e-16
  2.32000000e-06  -3.70334886e-03  -2.01095849e-03  -4.50277890e-03   3.46809614e-15  -4.85075251e-15  -6.86000357e-16
  2.40000000e-06  -3.45575021e-03  -1.87215143e-03  -4.44646446e-03   2.89194333e-15  -3.67654731e-15  -6.99607630e-16
  2.48000000e-06  -3.21891812e-03  -1.73930739e-03  -4.39058760e-03   2.32751050e-15  -2.56866587e-15  -6.88829486e-16
  2.56000000e-06  -3.00951875e-03  -1.62074412e-03  -4.33527927e-03   1.82063429e-15  -1.61310681e-15  -6.60810867e-16
  2.64000000e-06  -2.80808982e-03  -1.50860596e-03  -4.28042183e-03   1.33239389e-15  -7.07563958e-16  -6.24715651e-16
  2.72000000e-06  -2.62883802e-03  -1.40718690e-03  -4.24385558e-03   8.59376673e-16   1.32752674e-16  -5.76355592e-16
  2.80000000e-06  -2.45934828e-03  -1.31274722e-03  -4.20035743e-03   4.21916992e-16   8.90980019e-16  -5.25496320e-16
  2.88000000e-06  -2.29615839e-03  -1.22423658e-03  -4.15559938e-03   7.18722469e-18   1.60457336e-15  -4.76677424e-16
  2.96000000e-06  -2.14945690e-03  -1.14116524e-03  -4.11381081e-03  -3.92586585e-16   2.23474262e-15  -4.14788800e-16
  3.04000000e-06  -2.00944950e-03  -1.06443153e-03  -4.08060284e-03  -7.80443032e-16   2.85155948e-15  -3.59512805e-16
  3.12000000e-06  -1.87616684e-03  -9.90570507e-04  -4.03860448e-03  -1.14707840e-15   3.39839771e-15  -3.00658830e-16
  3.20000000e-06  -1.75068721e-03  -9.20088719e-04  -4.01011124e-03  -1.52398975e-15   3.94284244e-15  -2.39328892e-16
  3.28000000e-06  -1.63329259e-03  -8.55865885e-04  -3.97703322e-03  -1.86742339e-15   4.42462856e-15  -1.85273752e-16
  3.36000000e-06  -1.51919556e-03  -7.91327165e-04  -3.95526368e-03  -2.23589380e-15   4.92106014e-15  -1.25758657e-16
  3.44000000e-06  -1.41173446e-03  -7.34812825e-04  -3.93090688e-03  -2.56379991e-15   5.36965548e-15  -8.30055319e-17
  3.52000000e-06  -1.30885101e-03  -6.78310818e-04  -3.91274130e-03  -2.90728115e-15   5.80960899e-15  -3.46362680e-17
  3.60000000e-06  -1.21084809e-03  -6.24530696e-04  -3.90351470e-03  -3.25653146e-15   6.24826920e-15   1.04851612e-17
  3.68000000e-06  -1.11664774e-03  -5.74883527e-04  -3.86098500e-03  -3.53236220e-15   6.55614970e-15   4.54241133e-17
  3.76000000e-06  -1.02458671e-03  -5.24472063e-04  -3.83762899e-03  -3.84790893e-15   6.91079784e-15   8.28626122e-17
  3.84000000e-06  -9.38955377e-04  -4.77986115e-04  -3.80653262e-03  -4.13294854e-15   7.20363140e-15   1.14912576e-16
  3.92000000e-06  -8.54874388e-04  -4.34186907e-04  -3.80083823e-03  -4.45207431e-15   7.56541028e-15   1.37117705e-16
  4.00000000e-06  -7.75106265e-04  -3.91525922e-04  -3.78646538e-03  -4.75330270e-15   7.87358699e-15   1.58882028e-16
  4.08000000e-06  -6.99359946e-04  -3.51602598e-04  -3.76330278e-03  -5.02701707e-15   8.13005739e-15   1.74619245e-16
  4.16000000e-06  -6.25109707e-04  -3.11718424e-04  -3.74721625e-03  -5.31637229e-15   8.39750243e-15   1.88315713e-16
  4.24000000e-06  -5.53579578e-04  -2.74505363e-04  -3.74236180e-03  -5.61551207e-15   8.68238652e-15   1.93800380e-16
  4.32000000e-06  -4.81851709e-04  -2.38017764e-04  -3.74016954e-03  -5.91949302e-15   8.97275823e-15   1.91606815e-16
  4.40000000e-06  -4.17306297e-04  -2.04983644e-04  -3.71649701e-03  -6.16657739e-15   9.15672554e-15   1.87373382e-16
  4.48000000e-06  -3.52862944e-04  -1.72200021e-04  -3.68996298e-03  -6.40768330e-15   9.32931164e-15   1.77380189e-16
  4.56000000e-06  -2.87517355e-04  -1.39379555e-04  -3.68085768e-03  -6.68503235e-15   9.55685914e-15   1.60297434e-16
  4.64000000e-06  -2.31165958e-04  -1.11527739e-04  -3.66608719e-03  -6.92676780e-15   9.71761135e-15   1.41144950e-16
  4.72000000e-06  -1.71651699e-04  -8.21251600e-05  -3.67396656e-03  -7.22538571e-15   9.95917602e-15   1.14957717e-16
  4.80000000e-06  -1.19331605e-04  -5.60215141e-05  -3.64664955e-03  -7.43441588e-15   1.00568041e-14   8.87837960e-17
  4.88000000e-06  -6.23937614e-05  -2.95898466e-05  -3.59356670e-03  -7.58936311e-15   1.01023818e-14   4.85870998e-17
  4.96000000e-06  -1.18159683e-05  -5.04617874e-06  -3.63367123e-03  -7.93722174e-15   1.03820483e-14   1.13924146e-17
  5.04000000e-06   3.65887979e-05   1.70057119e-05  -3.58980431e-03  -8.08933139e-15   1.04063231e-14  -3.31527759e-17
  5.12000000e-06   8.56475521e-05   4.00804934e-05  -3.57170847e-03  -8.30282541e-15   1.05066829e-14  -8.11946553e-17
  5.20000000e-06   1.29867038e-04   5.94922206e-05  -3.52930456e-03  -8.44047401e-15   1.05127954e-14  -1.33371834e-16
  5.28000000e-06   1.70674352e-04   7.77127403e-05  -3.52372246e-03  -8.65546122e-15   1.06028976e-14  -1.85396272e-16
  5.36000000e-06   2.13567730e-04   9.66546144e-05  -3.48965228e-03  -8.80643024e-15   1.06244017e-14  -2.44686805e-16
  5.44000000e-06   2.52571339e-04   1.11198097e-04  -3.46612639e-03  -8.95786598e-15   1.06539136e-14  -3.10953835e-16
  5.52000000e-06   2.88513438e-04   1.27556351e-04  -3.44664214e-03  -9.12716754e-15   1.06775620e-14  -3.68857452e-16
  5.60000000e-06   3.22848381e-04   1.38985050e-04  -3.40035565e-03  -9.20220656e-15   1.06219848e-14  -4.39548257e-16
  5.68000000e-06   3.55276371e-04   1.54075303e-04  -3.38411024e-03  -9.36874077e-15   1.06356621e-14  -4.99333428e-16
  5.76000000e-06   3.84528233e-04   1.60085296e-04  -3.38807400e-03  -9.53865727e-15   1.06835549e-14  -5.77792275e-16
  5.84000000e-06   4.12026704e-04   1.72243415e-04  -3.33384073e-03  -9.58866852e-15   1.05735396e-14  -6.38772239e-16
  5.92000000e-06   4.37607874e-04   1.79384022e-04  -3.24777559e-03  -9.52247316e-15   1.03776141e-14  -7.09880044e-16
  6.00000000e-06   4.61375516e-04   1.85974074e-04  -3.22198639e-03  -9.60726363e-15   1.03257857e-14  -7.79713964e-16
  6.08000000e-06   4.79850784e-04   1.89029812e-04  -3.22027612e-03  -9.73651934e-15   1.03053551e-14  -8.45907927e-16
  6.16000000e-06   4.98555966e-04   1.94301223e-04  -3.15011208e-03  -9.68724220e-15   1.01221527e-14  -9.08820276e-16
  6.24000000e-06   5.16368780e-04   1.95734178e-04  -3.07257519e-03  -9.59036329e-15   9.92206256e-15  -9.79659485e-16
  6.32000000e-06   5.29103706e-04   1.97352156e-04  -3.04423795e-03  -9.62635737e-15   9.81504382e-15  -1.03681820e-15
  6.40000000e-06   5.38169188e-04   1.95836903e-04  -3.00961489e-03  -9.62455747e-15   9.67638127e-15  -1.09138473e-15
  6.48000000e-06   5.49157373e-04   1.94787821e-04  -2.95572802e-03  -9.56535695e-15   9.50679801e-15  -1.15067347e-15
  6.56000000e-06   5.52072733e-04   1.91254390e-04  -2.90960388e-03  -9.51036204e-15   9.31674982e-15  -1.19210119e-15
  6.64000000e-06   5.57499325e-04   1.85164284e-04  -2.85790285e-03  -9.42052199e-15   9.13138262e-15  -1.24606360e-15
  6.72000000e-06   5.56013177e-04   1.79350434e-04  -2.77421364e-03  -9.23075236e-15   8.84605055e-15  -1.27815569e-15
  6.80000000e-06   5.55763639e-04   1.72905840e-04  -2.71712414e-03  -9.11057304e-15   8.63029115e-15  -1.31429310e-15
  6.88000000e-06   5.49551240e-04   1.62114047e-04  -2.66094449e-03  -8.96495134e-15   8.39076506e-15  -1.34029073e-15
  6.96000000e-06   5.43033534e-04   1.53811044e-04  -2.58395884e-03  -8.76223386e-15   8.11213920e-15  -1.35855501e-15
  7.04000000e-06   5.33363666e-04   1.39242377e-04  -2.49023097e-03  -8.46800285e-15   7.79039988e-15  -1.37809355e-15
  7.12000000e-06   5.21790185e-04   1.29907847e-04  -2.42864665e-03  -8.29392183e-15   7.53091338e-15  -1.37910645e-15
  7.20000000e-06   5.04974033e-04   1.13848886e-04  -2.36279487e-03  -8.06609723e-15   7.24165830e-15  -1.37494582e-15
  7.28000000e-06   4.91145441e-04   1.00416634e-04  -2.26523025e-03  -7.74482436e-15   6.91243499e-15  -1.37280161e-15
  7.36000000e-06   4.69182787e-04   8.30095250e-05  -2.18233658e-03  -7.44296771e-15   6.57750342e-15  -1.34998283e-15
  7.44000000e-06   4.47806419e-04   6.55696063e-05  -2.11018529e-03  -7.16944556e-15   6.27283060e-15  -1.32652650e-15
  7.52000000e-06   4.22366365e-04   4.74511494e-05  -2.01863613e-03  -6.82371532e-15   5.91749060e-15  -1.28865033e-15
  7.60000000e-06   3.95211369e-04   2.83430571e-05  -1.93305681e-03  -6.48626547e-15   5.57151483e-15  -1.24441873e-15
  7.68000000e-06   3.65645565e-04   6.46591656e-06  -1.84069375e-03  -6.10662930e-15   5.20759735e-15  -1.19476150e-15
  7.76000000e-06   3.32010736e-04  -1.50226298e-05  -1.74790564e-03  -5.72191157e-15   4.82898546e-15  -1.12836762e-15
  7.84000000e-06   3.00681123e-04  -3.58991191e-05  -1.65595844e-03  -5.33774234e-15   4.47023059e-15  -1.06611112e-15
  7.92000000e-06   2.63770110e-04  -5.81906055e-05  -1.55759862e-03  -4.91988455e-15   4.07790772e-15  -9.85500625e-16
  8.00000000e-06   2.24893055e-04  -8.18866588e-05  -1.45722314e-03  -4.48314141e-15   3.67820468e-15  -8.98574298e-16
  8.08000000e-06   1.83673713e-04  -1.06397218e-04  -1.34958108e-03  -4.01310742e-15   3.25990250e-15  -8.03172863e-16
  8.16000000e-06   1.42934748e-04  -1.31316791e-04  -1.25211729e-03  -3.57103567e-15   2.86709446e-15  -7.08338376e-16
  8.24000000e-06   9.88296596e-05  -1.56140833e-04  -1.14594715e-03  -3.09619653e-15   2.44712309e-15  -6.00456910e-16
  8.32000000e-06   5.15345035e-05  -1.83183663e-04  -1.03219630e-03  -2.58069737e-15   2.00265646e-15  -4.84257600e-16
  8.40000000e-06   3.94986387e-06  -2.09423720e-04  -9.23192826e-04  -2.08222091e-15   1.56888462e-15  -3.64805849e-16
  8.48000000e-06  -4.62648444e-05  -2.35807020e-04  -8.11761900e-04  -1.57203457e-15   1.12105927e-15  -2.36059011e-16
  8.56000000e-06  -9.81595545e-05  -2.62383335e-04  -6.97584978e-04  -1.04921457e-15   6.62921489e-16  -1.01706771e-16
  8.64000000e-06  -1.50498506e-04  -2.90166074e-04  -5.77270586e-04  -4.97473652e-16   1.94448544e-16   3.19549815e-17
  8.72000000e-06  -2.05217760e-04  -3.16418920e-04  -4.58743441e-04   4.16504844e-17  -2.81653866e-16   1.75638899e-16
  8.80000000e-06  -2.60098267e-04  -3.44071959e-04  -3.39331943e-04   5.91677542e-16  -7.59380765e-16   3.16466888e-16
  8.88000000e-06  -3.16311523e-04  -3.71595521e-04  -2.18448815e-04   1.14624401e-15  -1.24643163e-15   4.60511637e-16
  8.96000000e-06  -4.71033417e-04  -3.93125484e-04  -9.41105648e-05   1.68173541e-15  -2.24202215e-15   9.48272542e-16
  9.04000000e-06  -6.88723997e-04  -3.00426676e-04  -2.65438405e-05   1.44163623e-15  -3.46718383e-15   1.83639767e-15
  9.12000000e-06  -7.86495774e-04  -1.94607912e-04  -1.33459113e-04   5.42131363e-16  -3.79208712e-15   2.33469355e-15
  9.20000000e-06  -7.39903189e-04  -1.70975744e-04  -2.42380834e-04   5.72724287e-17  -3.37670949e-15   2.20710257e-15
  9.28000000e-06  -6.95084874e-04  -1.48351411e-04  -3.49083775e-04  -4.13139569e-16  -2.97345538e-15   2.08627102e-15
  9.36000000e-06  -6.47622087e-04  -1.24309195e-04  -4.57118728e-04  -8.93925202e-16  -2.55434165e-15   1.96109633e-15
  9.44000000e-06  -6.01870341e-04  -1.01691431e-04  -5.64455064e-04  -1.36417595e-15  -2.14569907e-15   1.84116738e-15
  9.52000000e-06  -5.54275153e-04  -7.81329842e-05  -6.74973051e-04  -1.84942130e-15  -1.72341975e-15   1.71820816e-15
  9.60000000e-06  -5.08590048e-04  -5.66564974e-05  -7.84873231e-04  -2.32184705e-15  -1.31379495e-15   1.59937079e-15
  9.68000000e-06  -4.63642078e-04  -3.57917674e-05  -8.95681168e-04  -2.79450646e-15  -9.08889364e-16   1.48287313e-15
  9.76000000e-06  -4.17854709e-04  -1.37732247e-05  -1.01057561e-03  -3.28752514e-15  -4.96025666e-16   1.36609247e-15
  9.84000000e-06  -3.71257233e-04   8.94540960e-06  -1.12454135e-03  -3.78237887e-15  -8.43161339e-17   1.24804773e-15
  9.92000000e-06  -3.27568553e-04   2.76080368e-05  -1.23955962e-03  -4.26153733e-15   3.09579642e-16   1.13305765e-15
  1.00000000e-05  -2.84724818e-04   4.53159731e-05  -1.34976754e-03  -4.72184240e-15   6.86322242e-16   1.01908442e-15
  1.00800000e-05  -2.43627949e-04   6.15247013e-05  -1.46105194e-03  -5.18039888e-15   1.05023854e-15   9.08048186e-16
  1.01600000e-05  -2.03028302e-04   7.79132738e-05  -1.57259962e-03  -5.64356074e-15   1.40584565e-15   7.98255685e-16
  1.02400000e-05  -1.61709639e-04   9.65514336e-05  -1.68869115e-03  -6.13668467e-15   1.76537885e-15   6.88587092e-16
  1.03200000e-05  -1.22540743e-04   1.12332302e-04  -1.79965255e-03  -6.60145382e-15   2.09825467e-15   5.80472513e-16
  1.04000000e-05  -8.74383683e-05   1.26333212e-04  -1.91161601e-03  -7.06413214e-15   2.40349245e-15   4.81957206e-16
  1.04800000e-05  -5.46016566e-05   1.39763737e-04  -2.03293005e-03  -7.55924543e-15   2.70198802e-15   3.88792161e-16
  1.05600000e-05  -2.08402786e-05   1.51621162e-04  -2.13839782e-03  -7.99717161e-15   2.97259899e-15   2.88707831e-16
  1.06400000e-05   1.03126045e-05   1.62617380e-04  -2.25146641e-03  -8.46055509e-15   3.23105151e-15   1.94617504e-16
  1.07200000e-05   3.62840763e-05   1.70802522e-04  -2.37143216e-03  -8.93726732e-15   3.46166312e-15   1.12581885e-16
  1.08000000e-05   6.27889418e-05   1.79809288e-04  -2.47849400e-03  -9.37908827e-15   3.66607926e-15   2.83608002e-17
  1.08800000e-05   8.75991220e-05   1.87240723e-04  -2.58552189e-03  -9.81707366e-15   3.85052029e-15  -5.37581339e-17
  1.09600000e-05   1.07901397e-04   1.93474904e-04  -2.70164564e-03  -1.02845925e-14   4.01140640e-15  -1.23486006e-16
  1.10400000e-05   1.27084613e-04   1.98033488e-04  -2.81245445e-03  -1.07297316e-14   4.14714399e-15  -1.92824598e-16
  1.11200000e-05   1.41940443e-04   1.99402521e-04  -2.92089326e-03  -1.11545786e-14   4.24438717e-15  -2.52301013e-16
  1.12000000e-05   1.55356005e-04   2.01382669e-04  -3.03028616e-03  -1.15899720e-14   4.32228037e-15  -3.06947712e-16
  1.12800000e-05   1.67417996e-04   2.02310520e-04  -3.13718072e-03  -1.20152405e-14   4.37655808e-15  -3.58966807e-16
  1.13600000e-05   1.74453644e-04   2.01546628e-04  -3.24663539e-03  -1.24444910e-14   4.39357265e-15  -3.95941306e-16
  1.14400000e-05   1.79317898e-04   1.99511660e-04  -3.35349260e-03  -1.28612576e-14   4.38238305e-15  -4.26992792e-16
  1.15200000e-05   1.78604933e-04   1.94710304e-04  -3.46139467e-03  -1.32703530e-14   4.32832202e-15  -4.41261908e-16
  1.16000000e-05   1.77749255e-04   1.90107884e-04  -3.56687115e-03  -1.36744604e-14   4.25591308e-15  -4.54612023e-16
  1.16800000e-05   1.74610336e-04   1.84623462e-04  -3.66668229e-03  -1.40559470e-14   4.15133981e-15  -4.60328647e-16
  1.17600000e-05   1.70399795e-04   1.80392325e-04  -3.77013320e-03  -1.44583662e-14   4.02914654e-15  -4.60693409e-16
  1.18400000e-05   1.56528307e-04   1.72027862e-04  -3.87506062e-03  -1.48455710e-14   3.84236222e-15  -4.29092316e-16
  1.19200000e-05   1.41338890e-04   1.61140850e-04  -3.96626549e-03  -1.51702432e-14   3.62267837e-15  -3.93413870e-16
  1.20000000e-05   1.24760052e-04   1.49696534e-04  -4.07182597e-03  -1.55433152e-14   3.39036670e-15  -3.51601143e-16
  1.20800000e-05   1.04373824e-04   1.37247353e-04  -4.16111878e-03  -1.58507642e-14   3.11225104e-15  -2.94934299e-16
  1.21600000e-05   8.33456482e-05   1.22321426e-04  -4.25621524e-03  -1.61645298e-14   2.81918067e-15  -2.35513704e-16
  1.22400000e-05   5.74268366e-05   1.08388641e-04  -4.33897104e-03  -1.64353553e-14   2.47929636e-15  -1.55590552e-16
  1.23200000e-05   2.58231731e-05   9.34037796e-05  -4.41283424e-03  -1.66639401e-14   2.09248338e-15  -5.32242863e-17
  1.24000000e-05  -7.55085145e-06   7.76736279e-05  -4.49902434e-03  -1.69292072e-14   1.68774476e-15   5.75509640e-17
  1.24800000e-05  -3.70320934e-05   6.24909013e-05  -4.60127674e-03  -1.72509050e-14   1.29388199e-15   1.56411583e-16
  1.25600000e-05  -7.76223630e-05   4.40939193e-05  -4.66546012e-03  -1.74093582e-14   8.16551453e-16   2.97368413e-16
  1.26400000e-05  -1.18120446e-04   2.70516945e-05  -4.74479657e-03  -1.76232541e-14   3.30849848e-16   4.40612501e-16
  1.27200000e-05  -1.58893939e-04   1.03616404e-05  -4.82714303e-03  -1.78417498e-14  -1.69332387e-16   5.86929230e-16
  1.28000000e-05  -2.03956677e-04  -8.84489255e-06  -4.90444794e-03  -1.80195604e-14  -7.06182813e-16   7.50636119e-16
  1.28800000e-05  -2.51082838e-04  -2.94010363e-05  -4.96029255e-03  -1.81014214e-14  -1.26608281e-15   9.23772208e-16
  1.29600000e-05  -3.01048508e-04  -4.80214678e-05  -5.01216477e-03  -1.81679215e-14  -1.84901028e-15   1.10894556e-15
  1.30400000e-05  -3.52891648e-04  -6.69535334e-05  -5.08061014e-03  -1.82819950e-14  -2.45359650e-15   1.30217437e-15
  1.31200000e-05  -4.03472282e-04  -8.64256865e-05  -5.13466277e-03  -1.83282408e-14  -3.06001902e-15   1.49170486e-15
  1.32000000e-05  -4.56600130e-04  -1.06071175e-04  -5.18781388e-03  -1.83575120e-14  -3.68862866e-15   1.69113614e-15
  1.32800000e-05  -5.12411755e-04  -1.23391656e-04  -5.25859923e-03  -1.84493383e-14  -4.34531551e-15   1.89971379e-15
  1.33600000e-05  -5.72051467e-04  -1.45957972e-04  -5.29793610e-03  -1.83851264e-14  -5.02003238e-15   2.12345941e-15
  1.34400000e-05  -6.33621324e-04  -1.67816109e-04  -5.33933396e-03  -1.83172921e-14  -5.71169551e-15   2.35324134e-15
  1.35200000e-05  -6.89221219e-04  -1.85840220e-04  -5.36848429e-03  -1.82106641e-14  -6.37091743e-15   2.55847797e-15
  1.36000000e-05  -7.51462193e-04  -2.07093996e-04  -5.38988829e-03  -1.80447011e-14  -7.06323284e-15   2.78719390e-15
  1.36800000e-05  -8.13477071e-04  -2.27258891e-04  -5.43776919e-03  -1.79627055e-14  -7.77370851e-15   3.01206117e-15
  1.37600000e-05  -8.76408776e-04  -2.45119047e-04  -5.44895353e-03  -1.77477938e-14  -8.46831440e-15   3.23549601e-15
  1.38400000e-05  -9.33382410e-04  -2.60529006e-04  -5.52218712e-03  -1.77455913e-14  -9.18144256e-15   3.43259917e-15
  1.39200000e-05  -9.96843487e-04  -2.78689948e-04  -5.49887597e-03  -1.73787317e-14  -9.85527137e-15   3.64991695e-15
  1.40000000e-05  -1.06232257e-03  -2.95887183e-04  -5.55542600e-03  -1.72746997e-14  -1.06069382e-14   3.86824708e-15
  1.40800000e-05  -1.12833833e-03  -3.14532488e-04  -5.55790999e-03  -1.69626796e-14  -1.13135477e-14   4.08393081e-15
  1.41600000e-05  -1.19125944e-03  -3.30765869e-04  -5.55638925e-03  -1.66354517e-14  -1.19967998e-14   4.28070636e-15
  1.42400000e-05  -1.25048028e-03  -3.43934389e-04  -5.57200983e-03  -1.63667054e-14  -1.26748430e-14   4.45540431e-15
  1.43200000e-05  -1.31237525e-03  -3.58934504e-04  -5.56213427e-03  -1.59905862e-14  -1.33367495e-14   4.63359350e-15
  1.44000000e-05  -1.37337012e-03  -3.74350263e-04  -5.56688832e-03  -1.56455571e-14  -1.40063927e-14   4.80168377e-15
  1.44800000e-05  -1.43426887e-03  -3.88679161e-04  -5.56803371e-03  -1.52808111e-14  -1.46673261e-14   4.96004102e-15
  1.45600000e-05  -1.49180669e-03  -4.02050801e-04  -5.56767781e-03  -1.49027017e-14  -1.53037421e-14   5.09814552e-15
  1.46400000e-05  -1.54843005e-03  -4.14047578e-04  -5.55611060e-03  -1.44853477e-14  -1.59150265e-14   5.22292083e-15
  1.47200000e-05  -1.60567203e-03  -4.25225906e-04  -5.55196007e-03  -1.40825415e-14  -1.65336877e-14   5.33910457e-15
  1.48000000e-05  -1.66116270e-03  -4.36539103e-04  -5.54039687e-03  -1.36457371e-14  -1.71257140e-14   5.44073541e-15
  1.48800000e-05  -1.71231276e-03  -4.46403101e-04  -5.52129738e-03  -1.31850931e-14  -1.76753331e-14   5.51814629e-15
  1.49600000e-05  -1.76459073e-03  -4.55862164e-04  -5.50282152e-03  -1.27195701e-14  -1.82236312e-14   5.58846029e-15
  1.50400000e-05  -1.81619626e-03  -4.64824172e-04  -5.47485876e-03  -1.22223809e-14  -1.87445813e-14   5.64602272e-15
  1.51200000e-05  -1.86771898e-03  -4.74069395e-04  -5.45869770e-03  -1.17477878e-14  -1.92747516e-14   5.69350743e-15
  1.52000000e-05  -1.91282362e-03  -4.81294216e-04  -5.42937697e-03  -1.12428030e-14  -1.97385190e-14   5.71069835e-15
  1.52800000e-05  -1.95998337e-03  -4.89182876e-04  -5.39687090e-03  -1.07211294e-14  -2.01979318e-14   5.72437588e-15
  1.53600000e-05  -2.00081048e-03  -4.94874811e-04  -5.35045827e-03  -1.01742116e-14  -2.05867537e-14   5.70876991e-15
  1.54400000e-05  -2.04281548e-03  -5.00716484e-04  -5.32669176e-03  -9.67870809e-15  -2.10106367e-14   5.68686685e-15
  1.55200000e-05  -2.08216026e-03  -5.05775649e-04  -5.27989094e-03  -9.13114306e-15  -2.13676054e-14   5.64779046e-15
  1.56000000e-05  -2.12101191e-03  -5.07567358e-04  -5.24853796e-03  -8.63605082e-15  -2.17389422e-14   5.59225146e-15
  1.56800000e-05  -2.16003241e-03  -5.12886343e-04  -5.20466162e-03  -8.09251268e-15  -2.20772347e-14   5.53411614e-15
  1.57600000e-05  -2.19406248e-03  -5.16973385e-04  -5.16621754e-03  -7.56823948e-15  -2.23855597e-14   5.45426681e-15
  1.58400000e-05  -2.22219437e-03  -5.19331514e-04  -5.12072375e-03  -7.04081764e-15  -2.26355750e-14   5.35108593e-15
  1.59200000e-05  -2.24882465e-03  -5.21614238e-04  -5.07170215e-03  -6.51041520e-15  -2.28583285e-14   5.23769160e-15
  1.60000000e-05  -2.27768130e-03  -5.22533719e-04  -5.02551173e-03  -5.99707895e-15  -2.30877639e-14   5.11859710e-15
  1.60800000e-05  -2.30073289e-03  -5.24568876e-04  -4.96981768e-03  -5.46520662e-15  -2.32533587e-14   4.98448241e-15
  1.61600000e-05  -2.32464964e-03  -5.26925062e-04  -4.92871258e-03  -4.96154458e-15  -2.34417402e-14   4.84627433e-15
  1.62400000e-05  -2.35073713e-03  -5.29247622e-04  -4.87065326e-03  -4.43584591e-15  -2.35974272e-14   4.70499308e-15
  1.63200000e-05  -2.37162445e-03  -5.29516499e-04  -4.82804715e-03  -3.95191198e-15  -2.37435533e-14   4.54532726e-15
  1.64000000e-05  -2.39345207e-03  -5.31209363e-04  -4.77550667e-03  -3.45130864e-15  -2.38641680e-14   4.38433296e-15
  1.64800000e-05  -2.40751549e-03  -5.30921649e-04  -4.74023938e-03  -2.99235855e-15  -2.39647278e-14   4.20391055e-15
  1.65600000e-05  -2.42245888e-03  -5.30612890e-04  -4.66712929e-03  -2.49263216e-15  -2.39819216e-14   4.02033338e-15
  1.66400000e-05  -2.43731070e-03  -5.30693025e-04  -4.62598862e-03  -2.03906714e-15  -2.40548148e-14   3.83389673e-15
  1.67200000e-05  -2.44834219e-03  -5.30683970e-04  -4.57306034e-03  -1.58026108e-15  -2.40711013e-14   3.63939381e-15
  1.68000000e-05  -2.45958868e-03  -5.30063781e-04  -4.53143598e-03  -1.14490266e-15  -2.41031300e-14   3.44089289e-15
  1.68800000e-05  -2.46829098e-03  -5.28080941e-04  -4.48005444e-03  -7.16703775e-16  -2.40906260e-14   3.23452184e-15
  1.69600000e-05  -2.47765259e-03  -5.28577569e-04  -4.41209741e-03  -2.70767577e-16  -2.40381719e-14   3.03187016e-15
  1.70400000e-05  -2.48209544e-03  -5.26496427e-04  -4.35594298e-03   1.39159601e-16  -2.39731183e-14   2.81829991e-15
  1.71200000e-05  -2.48553445e-03  -5.27743366e-04  -4.31522748e-03   5.48283195e-16  -2.39263469e-14   2.61033610e-15
  1.72000000e-05  -2.49022512e-03  -5.26364529e-04  -4.25746855e-03   9.42345672e-16  -2.38433312e-14   2.39664271e-15
  1.72800000e-05  -2.49349825e-03  -5.25479469e-04  -4.20370833e-03   1.32601591e-15  -2.37529014e-14   2.18265469e-15
  1.73600000e-05  -2.49584350e-03  -5.24467444e-04  -4.15213042e-03   1.69725051e-15  -2.36544987e-14   1.96765082e-15
  1.74400000e-05  -2.49640562e-03  -5.24138652e-04  -4.10795205e-03   2.05997124e-15  -2.35541505e-14   1.75345691e-15
  1.75200000e-05  -2.49713991e-03  -5.23921105e-04  -4.03499284e-03   2.41880437e-15  -2.33883363e-14   1.53991601e-15
  1.76000000e-05  -2.49332235e-03  -5.21507745e-04  -3.98668011e-03   2.74731986e-15  -2.32408082e-14   1.32197902e-15
  1.76800000e-05  -2.48664663e-03  -5.20327060e-04  -3.92266666e-03   3.07265109e-15  -2.30379745e-14   1.10809417e-15
  1.77600000e-05  -2.48306178e-03  -5.18983417e-04  -3.88551460e-03   3.38521331e-15  -2.29038592e-14   8.95899177e-16
  1.78400000e-05  -2.47542303e-03  -5.18911608e-04  -3.83188999e-03   3.69420146e-15  -2.27065079e-14   6.88422463e-16
  1.79200000e-05  -2.46692094e-03  -5.16554638e-04  -3.76009082e-03   3.97322126e-15  -2.24626277e-14   4.79124533e-16
  1.80000000e-05  -2.46165609e-03  -5.15128292e-04  -3.71926513e-03   4.25298109e-15  -2.22969324e-14   2.73280847e-16
  1.80800000e-05  -2.45627430e-03  -5.15439273e-04  -3.65538323e-03   4.52462787e-15  -2.20803278e-14   7.31362331e-17
  1.81600000e-05  -2.44900920e-03  -5.13268070e-04  -3.60553695e-03   4.77485775e-15  -2.18770500e-14  -1.28934849e-16
  1.82400000e-05  -2.44241909e-03  -5.12957460e-04  -3.55383842e-03   5.02446026e-15  -2.16709501e-14  -3.25158882e-16
  1.83200000e-05  -2.43294984e-03  -5.12989225e-04  -3.49325317e-03   5.25947920e-15  -2.14273190e-14  -5.16442766e-16
  1.84000000e-05  -2.42112270e-03  -5.12116365e-04  -3.43304829e-03   5.47648812e-15  -2.11680775e-14  -7.04543181e-16
  1.84800000e-05  -2.40837355e-03  -5.11477922e-04  -3.36334172e-03   5.67498171e-15  -2.08834483e-14  -8.87823296e-16
  1.85600000e-05  -2.39664228e-03  -5.09559815e-04  -3.31651343e-03   5.87162610e-15  -2.06468476e-14  -1.07081837e-15
  1.86400000e-05  -2.38400287e-03  -5.09131183e-04  -3.26381202e-03   6.06108580e-15  -2.03923784e-14  -1.24616557e-15
  1.87200000e-05  -2.37005728e-03  -5.07856438e-04  -3.20976189e-03   6.23327341e-15  -2.01262986e-14  -1.41815651e-15
  1.88000000e-05  -2.35469534e-03  -5.07385839e-04  -3.15170728e-03   6.39476566e-15  -1.98436981e-14  -1.58305103e-15
  1.88800000e-05  -2.34149288e-03  -5.06985273e-04  -3.10124826e-03   6.55389849e-15  -1.95872074e-14  -1.74622618e-15
  1.89600000e-05  -2.32814860e-03  -5.08303926e-04  -3.04577739e-03   6.70695202e-15  -1.93205356e-14  -1.90233104e-15
  1.90400000e-05  -2.31528235e-03  -5.06816099e-04  -2.99680548e-03   6.84076726e-15  -1.90680392e-14  -2.06030005e-15
  1.91200000e-05  -2.30482121e-03  -5.07906256e-04  -2.93849844e-03   6.96775977e-15  -1.88137307e-14  -2.21331716e-15
  1.92000000e-05  -2.29330540e-03  -5.08244043e-04  -2.88941451e-03   7.09237653e-15  -1.85693252e-14  -2.36284426e-15
  1.92800000e-05  -2.27756429e-03  -5.08061574e-04  -2.83063008e-03   7.19033107e-15  -1.82838139e-14  -2.50373161e-15
  1.93600000e-05  -2.26617209e-03  -5.07763083e-04  -2.78970539e-03   7.30445912e-15  -1.80546448e-14  -2.64747644e-15
  1.94400000e-05  -2.25145201e-03  -5.10223079e-04  -2.74336259e-03   7.41831289e-15  -1.77971656e-14  -2.77814202e-15
  1.95200000e-05  -2.24043545e-03  -5.08541369e-04  -2.67797280e-03   7.46720290e-15  -1.75320806e-14  -2.91787797e-15
  1.96000000e-05  -2.22400752e-03  -5.10553451e-04  -2.63057400e-03   7.55809624e-15  -1.72651057e-14  -3.03907190e-15
  1.96800000e-05  -2.20909775e-03  -5.09660436e-04  -2.57652539e-03   7.61133546e-15  -1.69981801e-14  -3.16351790e-15
  1.97600000e-05  -2.19510137e-03  -5.10296787e-04  -2.51776258e-03   7.65588548e-15  -1.67311813e-14  -3.28369986e-15
  1.98400000e-05  -2.18055261e-03  -5.09951354e-04  -2.46871204e-03   7.70333147e-15  -1.64777451e-14  -3.40042539e-15
  1.99200000e-05  -2.16508340e-03  -5.10890401e-04  -2.40828888e-03   7.72774074e-15  -1.62041528e-14  -3.50981860e-15
  2.00000000e-05  -2.15085353e-03  -5.11674580e-04  -2.35164995e-03   7.74940212e-15  -1.59458913e-14  -3.61819226e-15
  2.00800000e-05  -2.13523642e-03  -5.12229886e-04  -2.31320960e-03   7.79880599e-15  -1.57074633e-14  -3.72057179e-15
  2.01600000e-05  -2.12121806e-03  -5.13128067e-04  -2.26787102e-03   7.82902220e-15  -1.54702703e-14  -3.82245432e-15
  2.02400000e-05  -2.10790766e-03  -5.12972156e-04  -2.20408104e-03   7.80547408e-15  -1.52145493e-14  -3.92389312e-15
  2.03200000e-05  -2.09140788e-03  -5.15336664e-04  -2.15495051e-03   7.82039029e-15  -1.49628554e-14  -4.01156214e-15
  2.04000000e-05  -2.07776426e-03  -5.16275935e-04  -2.09427137e-03   7.79309068e-15  -1.47153787e-14  -4.10405715e-15
  2.04800000e-05  -2.06277668e-03  -5.17724606e-04  -2.04620596e-03   7.79002763e-15  -1.44792862e-14  -4.18960983e-15
  2.05600000e-05  -2.04811755e-03  -5.19023148e-04  -1.99774778e-03   7.77822431e-15  -1.42472545e-14  -4.27284310e-15
  2.06400000e-05  -2.03304143e-03  -5.20075294e-04  -1.95847560e-03   7.78076816e-15  -1.40264977e-14  -4.35225700e-15
  2.07200000e-05  -2.01809732e-03  -5.21818299e-04  -1.90896150e-03   7.75601686e-15  -1.37965065e-14  -4.42812872e-15
  2.08000000e-05  -2.00439087e-03  -5.23501470e-04  -1.85563935e-03   7.71461298e-15  -1.35720783e-14  -4.50416018e-15
  2.08800000e-05  -1.99090421e-03  -5.25060434e-04  -1.80838349e-03   7.68146532e-15  -1.33587762e-14  -4.57806481e-15
  2.09600000e-05  -1.97631922e-03  -5.26554965e-04  -1.76650734e-03   7.65609294e-15  -1.31479044e-14  -4.64633750e-15
  2.10400000e-05  -1.96056299e-03  -5.27118760e-04  -1.71752977e-03   7.60088005e-15  -1.29253848e-14  -4.70954939e-15
  2.11200000e-05  -1.94922590e-03  -5.30003085e-04  -1.65505297e-03   7.51580419e-15  -1.27169981e-14  -4.77927422e-15
  2.12000000e-05  -1.93491916e-03  -5.31614331e-04  -1.60952411e-03   7.46359864e-15  -1.25128157e-14  -4.83960930e-15
  2.12800000e-05  -1.92131874e-03  -5.33273860e-04  -1.56867462e-03   7.41957739e-15  -1.23197732e-14  -4.89939720e-15
  2.13600000e-05  -1.90777844e-03  -5.35547783e-04  -1.51214506e-03   7.32914111e-15  -1.21145404e-14  -4.95617935e-15
  2.14400000e-05  -1.89504222e-03  -5.37566590e-04  -1.46985702e-03   7.27261243e-15  -1.19306494e-14  -5.01299718e-15
  2.15200000e-05  -1.88250023e-03  -5.38143006e-04  -1.42402474e-03   7.19285365e-15  -1.17472427e-14  -5.06933055e-15
  2.16000000e-05  -1.86992354e-03  -5.40376941e-04  -1.37905390e-03   7.11995513e-15  -1.15672323e-14  -5.12170420e-15
  2.16800000e-05  -1.85668466e-03  -5.41550011e-04  -1.32703983e-03   7.01503567e-15  -1.13803389e-14  -5.17067108e-15
  2.17600000e-05  -1.84448331e-03  -5.43821734e-04  -1.28240247e-03   6.93362025e-15  -1.12085752e-14  -5.21948467e-15
  2.18400000e-05  -1.83137151e-03  -5.45864477e-04  -1.23839178e-03   6.84839155e-15  -1.10350062e-14  -5.26354537e-15
  2.19200000e-05  -1.81782427e-03  -5.47778576e-04  -1.19190021e-03   6.75022525e-15  -1.08598876e-14  -5.30405940e-15
  2.20000000e-05  -1.80596864e-03  -5.50535738e-04  -1.14246217e-03   6.64276480e-15  -1.06946372e-14  -5.34708725e-15
  2.20800000e-05  -1.79408295e-03  -5.51445105e-04  -1.09878633e-03   6.53928749e-15  -1.05364436e-14  -5.38935894e-15
  2.21600000e-05  -1.78035214e-03  -5.53434683e-04  -1.05317815e-03   6.43128803e-15  -1.03695921e-14  -5.42269654e-15
  2.22400000e-05  -1.76897562e-03  -5.54989732e-04  -1.00539863e-03   6.30965693e-15  -1.02167267e-14  -5.46196373e-15
  2.23200000e-05  -1.75879453e-03  -5.58983862e-04  -9.53538012e-04   6.18329918e-15  -1.00703276e-14  -5.50161825e-15
  2.24000000e-05  -1.74588795e-03  -5.61322594e-04  -9.03579113e-04   6.05005732e-15  -9.91349885e-15  -5.53139309e-15
  2.24800000e-05  -1.73476864e-03  -5.64027460e-04  -8.71906786e-04   5.97701794e-15  -9.78042830e-15  -5.56517418e-15
  2.25600000e-05  -1.72530994e-03  -5.65990252e-04  -8.31610117e-04   5.86751146e-15  -9.65282040e-15  -5.60343544e-15
  2.26400000e-05  -1.71265125e-03  -5.67467351e-04  -7.83695438e-04   5.72559121e-15  -9.50609535e-15  -5.62915387e-15
  2.27200000e-05  -1.70218124e-03  -5.70509448e-04  -7.36849270e-04   5.59190758e-15  -9.37415903e-15  -5.65976527e-15
  2.28000000e-05  -1.69033796e-03  -5.72836288e-04  -6.97411877e-04   5.47710145e-15  -9.24151537e-15  -5.68426958e-15
  2.28800000e-05  -1.68018100e-03  -5.75109682e-04  -6.51112683e-04   5.33437147e-15  -9.11626384e-15  -5.71307872e-15
  2.29600000e-05  -1.66912900e-03  -5.76534185e-04  -6.06574963e-04   5.19013896e-15  -8.98960380e-15  -5.73745661e-15
  2.30400000e-05  -1.65617119e-03  -5.80057126e-04  -5.68571738e-04   5.07736461e-15  -8.85853060e-15  -5.75218738e-15
  2.31200000e-05  -1.64566419e-03  -5.82002875e-04  -5.28759082e-04   4.94696344e-15  -8.74128574e-15  -5.77500653e-15
  2.32000000e-05  -1.63781571e-03  -5.85429326e-04  -4.90904254e-04   4.82860325e-15  -8.64054374e-15  -5.80547943e-15
  2.32800000e-05  -1.62406062e-03  -5.86589454e-04  -4.45001470e-04   4.66584381e-15  -8.50780863e-15  -5.81351420e-15
  2.33600000e-05  -1.61495775e-03  -5.88912313e-04  -4.04245368e-04   4.52534925e-15  -8.40316806e-15  -5.83684785e-15
  2.34400000e-05  -1.60397166e-03  -5.91445779e-04  -3.64200691e-04   4.38589080e-15  -8.29105427e-15  -5.85154154e-15
  2.35200000e-05  -1.59188709e-03  -5.93291571e-04  -3.23789538e-04   4.23890211e-15  -8.17503866e-15  -5.86081951e-15
  2.36000000e-05  -1.58327828e-03  -5.96535083e-04  -2.84710088e-04   4.10149599e-15  -8.07884222e-15  -5.88140978e-15
  2.36800000e-05  -1.57217656e-03  -5.99468150e-04  -2.43631589e-04   3.95224500e-15  -7.97100855e-15  -5.89111294e-15
  2.37600000e-05  -1.56244307e-03  -6.00927068e-04  -2.04872107e-04   3.80213337e-15  -7.87249723e-15  -5.90524623e-15
  2.38400000e-05  -1.55303556e-03  -6.04260340e-04  -1.67841196e-04   3.66581286e-15  -7.77767182e-15  -5.91868460e-15
  2.39200000e-05  -1.54436960e-03  -6.05651429e-04  -1.30621320e-04   3.51684312e-15  -7.68782345e-15  -5.93443965e-15
  2.40000000e-05  -1.53345002e-03  -6.07191050e-04  -9.23562592e-05   3.36226378e-15  -7.58786160e-15  -5.93984450e-15
  2.40800000e-05  -1.52244696e-03  -6.09250294e-04  -5.48042239e-05   3.21092445e-15  -7.48911054e-15  -5.94332584e-15
  2.41600000e-05  -7.46559069e-04  -2.98198184e-04  -1.81130579e-05   1.53151088e-15  -3.65598814e-15  -2.93458508e-15
  2.42400000e-05   0.00000000e+00   0.00000000e+00   0.00000000e+00   0.00000000e+00   0.00000000e+00   0.00000000e+00
