       time             b_x              b_y              b_z              F_x              F_y              F_z
  0.00000000e+00   3.41968092e-04   2.56955492e-04  -4.80651266e-03   8.99287752e-15   1.67773214e-14   1.53672789e-15
  8.00000000e-08   4.64106681e-04   3.49058172e-04  -4.88047272e-03   8.56261693e-15   1.75461873e-14   2.06918641e-15
  1.60000000e-07   6.03240281e-04   4.54408344e-04  -4.94796212e-03   8.05466596e-15   1.83445720e-14   2.66671919e-15
  2.40000000e-07   7.42777952e-04   5.60199378e-04  -5.01864348e-03   7.52517469e-15   1.91534248e-14   3.25172939e-15
  3.20000000e-07   9.04906862e-04   6.82596331e-04  -5.07362555e-03   6.88881380e-15   1.99767033e-14   3.91628414e-15
  4.00000000e-07   1.07065485e-03   8.08789076e-04  -5.12695588e-03   6.21007313e-15   2.08031918e-14   4.57859200e-15
  4.80000000e-07   1.24724433e-03   9.42618935e-04  -5.17369191e-03   5.46786614e-15   2.16379580e-14   5.26048216e-15
  5.60000000e-07   1.43710738e-03   1.08734783e-03  -5.20193527e-03   4.63307816e-15   2.24475140e-14   5.97210167e-15
  6.40000000e-07   1.63596983e-03   1.23879360e-03  -5.22884029e-03   3.74644879e-15   2.32775023e-14   6.68696998e-15
  7.20000000e-07   1.84144013e-03   1.39666445e-03  -5.24189563e-03   2.79054747e-15   2.40774772e-14   7.39556552e-15
  8.00000000e-07   2.05294935e-03   1.55699891e-03  -5.24175440e-03   1.78081061e-15   2.48479341e-14   8.07823433e-15
  8.80000000e-07   2.27799124e-03   1.72944615e-03  -5.21736280e-03   6.75788601e-16   2.55750088e-14   8.77263914e-15
  9.60000000e-07   2.50218862e-03   1.90167793e-03  -5.18192108e-03  -4.64525340e-16   2.62593897e-14   9.41244975e-15
  1.04000000e-06   2.73065337e-03   2.07661677e-03  -5.13770623e-03  -1.64414911e-15   2.69263053e-14   1.00095283e-14
  1.12000000e-06   2.96354957e-03   2.25445629e-03  -5.05939674e-03  -2.88432692e-15   2.74896991e-14   1.05598517e-14
  1.20000000e-06   3.19323119e-03   2.43076365e-03  -4.98999122e-03  -4.12438362e-15   2.80752338e-14   1.10369227e-14
  1.28000000e-06   3.42118653e-03   2.60596564e-03  -4.86804818e-03  -5.41028022e-15   2.84761346e-14   1.14415981e-14
  1.36000000e-06   3.64266796e-03   2.77642805e-03  -4.73318299e-03  -6.68808473e-15   2.88159675e-14   1.17559343e-14
  1.44000000e-06   3.86446095e-03   2.94824984e-03  -4.60721000e-03  -7.96107284e-15   2.91942079e-14   1.20043504e-14
  1.52000000e-06   4.06537649e-03   3.10205410e-03  -4.43099840e-03  -9.18452150e-15   2.93370667e-14   1.21116338e-14
  1.60000000e-06   4.25461034e-03   3.24818987e-03  -4.24382647e-03  -1.03638857e-14   2.94122904e-14   1.21217041e-14
  1.68000000e-06   4.43153818e-03   3.38540684e-03  -4.05159124e-03  -1.14859519e-14   2.94383479e-14   1.20348642e-14
  1.76000000e-06   4.60353050e-03   3.51932456e-03  -3.84572809e-03  -1.25662593e-14   2.94149671e-14   1.18759458e-14
  1.84000000e-06   4.74744581e-03   3.63063056e-03  -3.61950900e-03  -1.35267330e-14   2.92373052e-14   1.15851133e-14
  1.92000000e-06   4.88001686e-03   3.73265903e-03  -3.39561199e-03  -1.44079180e-14   2.90406205e-14   1.12167857e-14
  2.00000000e-06   4.99524162e-03   3.82309127e-03  -3.15989695e-03  -1.51957347e-14   2.87578363e-14   1.07717013e-14
  2.08000000e-06   5.09896156e-03   3.90329293e-03  -2.91706383e-03  -1.58903638e-14   2.84267332e-14   1.02615213e-14
  2.16000000e-06   5.16661222e-03   3.95668181e-03  -2.67463734e-03  -1.64263514e-14   2.79758690e-14   9.65477594e-15
  2.24000000e-06   5.22606655e-03   4.00178144e-03  -2.42925197e-03  -1.68711253e-14   2.75012671e-14   9.00871428e-15
  2.32000000e-06   5.27484396e-03   4.04083141e-03  -2.18385014e-03  -1.72326123e-14   2.70021700e-14   8.33934310e-15
  2.40000000e-06   5.28988037e-03   4.05370056e-03  -1.94376599e-03  -1.74351261e-14   2.64021057e-14   7.61228440e-15
  2.48000000e-06   5.30395381e-03   4.06489620e-03  -1.70687243e-03  -1.75744788e-14   2.58227309e-14   6.88539855e-15
  2.56000000e-06   5.29571145e-03   4.05909773e-03  -1.47896546e-03  -1.75963763e-14   2.51940086e-14   6.13916444e-15
  2.64000000e-06   5.28611496e-03   4.05205713e-03  -1.24781208e-03  -1.75546537e-14   2.45655819e-14   5.40564036e-15
  2.72000000e-06   5.24741546e-03   4.02323767e-03  -1.03663984e-03  -1.73918874e-14   2.38855924e-14   4.66406560e-15
  2.80000000e-06   5.20842921e-03   3.99335981e-03  -8.25054586e-04  -1.71744937e-14   2.32153600e-14   3.94537627e-15
  2.88000000e-06   5.15502363e-03   3.95195150e-03  -6.29545269e-04  -1.68820358e-14   2.25379395e-14   3.24289695e-15
  2.96000000e-06   5.09850873e-03   3.90821105e-03  -4.39627208e-04  -1.65437795e-14   2.18714494e-14   2.56953206e-15
  3.04000000e-06   5.02849564e-03   3.85410766e-03  -2.58253217e-04  -1.61343301e-14   2.11794614e-14   1.92259227e-15
  3.12000000e-06   2.10181930e-03   1.62813281e-03  -8.21904727e-05  -6.79081329e-15   8.79917779e-15   6.46882371e-16
  3.20000000e-06  -1.61319963e-03  -1.20089074e-03  -8.72069619e-05   4.79410813e-15  -6.41280358e-15  -3.75853122e-16
  3.28000000e-06  -4.37141369e-03  -3.30029315e-03  -2.47995106e-04   1.31632892e-14  -1.73269112e-14  -1.44477105e-15
  3.36000000e-06  -4.27220366e-03  -3.22339962e-03  -4.12262877e-04   1.26227979e-14  -1.64979722e-14  -1.81342040e-15
  3.44000000e-06  -4.16601203e-03  -3.14443919e-03  -5.46250833e-04   1.21281348e-14  -1.56949663e-14  -2.14935728e-15
  3.52000000e-06  -4.05702759e-03  -3.06183341e-03  -6.83588864e-04   1.16255307e-14  -1.48587211e-14  -2.44323775e-15
  3.60000000e-06  -3.94590617e-03  -2.97781594e-03  -8.05577894e-04   1.11463634e-14  -1.40396054e-14  -2.70010356e-15
  3.68000000e-06  -3.83346037e-03  -2.89285414e-03  -9.20062986e-04   1.06808273e-14  -1.32243945e-14  -2.92184764e-15
  3.76000000e-06  -3.71615136e-03  -2.80707884e-03  -1.02129117e-03   1.02342789e-14  -1.24157613e-14  -3.11381213e-15
  3.84000000e-06  -3.60074480e-03  -2.72051020e-03  -1.11839483e-03   9.79508793e-15  -1.16199326e-14  -3.27028214e-15
  3.92000000e-06  -3.48692726e-03  -2.63586889e-03  -1.20580338e-03   9.37899018e-15  -1.08517569e-14  -3.40026255e-15
  4.00000000e-06  -3.37387731e-03  -2.55228906e-03  -1.28923625e-03   8.97542495e-15  -1.00944412e-14  -3.50443984e-15
  4.08000000e-06  -3.26139656e-03  -2.46935617e-03  -1.36206830e-03   8.58823647e-15  -9.36612817e-15  -3.58376926e-15
  4.16000000e-06  -3.14958110e-03  -2.38707677e-03  -1.43347980e-03   8.20785097e-15  -8.64377017e-15  -3.64005776e-15
  4.24000000e-06  -3.04268078e-03  -2.30861280e-03  -1.49284969e-03   7.85569738e-15  -7.97407982e-15  -3.67975201e-15
  4.32000000e-06  -2.93642971e-03  -2.23088732e-03  -1.54594285e-03   7.51346321e-15  -7.32540280e-15  -3.70040094e-15
  4.40000000e-06  -2.83204974e-03  -2.15684675e-03  -1.60197674e-03   7.18449661e-15  -6.67750103e-15  -3.71073139e-15
  4.48000000e-06  -2.72796026e-03  -2.07864131e-03  -1.65405159e-03   6.84333884e-15  -6.04377653e-15  -3.69124692e-15
  4.56000000e-06  -2.63296573e-03  -2.00813322e-03  -1.69312902e-03   6.54340355e-15  -5.48498173e-15  -3.67011798e-15
  4.64000000e-06  -2.53695103e-03  -1.93891916e-03  -1.73429351e-03   6.24709872e-15  -4.91897401e-15  -3.63899800e-15
  4.72000000e-06  -2.44449819e-03  -1.87167754e-03  -1.76798057e-03   5.96412983e-15  -4.39124097e-15  -3.59750418e-15
  4.80000000e-06  -2.35295768e-03  -1.80523236e-03  -1.79894475e-03   5.68605700e-15  -3.87807964e-15  -3.54553225e-15
  4.88000000e-06  -2.26490606e-03  -1.74097397e-03  -1.83008723e-03   5.41597389e-15  -3.38115927e-15  -3.48626105e-15
  4.96000000e-06  -2.18068708e-03  -1.67806856e-03  -1.86078284e-03   5.15097431e-15  -2.90358641e-15  -3.41804855e-15
  5.04000000e-06  -2.09541561e-03  -1.61549106e-03  -1.89357324e-03   4.88519427e-15  -2.41897799e-15  -3.34218654e-15
  5.12000000e-06  -2.01636626e-03  -1.55679046e-03  -1.91593908e-03   4.64098480e-15  -1.99250789e-15  -3.26524364e-15
  5.20000000e-06  -1.93653558e-03  -1.49706744e-03  -1.93697376e-03   4.39288487e-15  -1.57046655e-15  -3.17809339e-15
  5.28000000e-06  -1.86075228e-03  -1.44296545e-03  -1.95364752e-03   4.16836749e-15  -1.18037255e-15  -3.09833911e-15
  5.36000000e-06  -1.78708537e-03  -1.38834105e-03  -1.96987970e-03   3.94133444e-15  -8.02940668e-16  -3.00969934e-15
  5.44000000e-06  -1.71415454e-03  -1.33529011e-03  -1.99505690e-03   3.71316454e-15  -4.04331498e-16  -2.91973528e-15
  5.52000000e-06  -1.64468885e-03  -1.28425831e-03  -2.00955602e-03   3.49874675e-15  -5.44944234e-17  -2.82866702e-15
  5.60000000e-06  -1.57714142e-03  -1.23457209e-03  -2.01770371e-03   3.29252546e-15   2.65474246e-16  -2.73604362e-15
  5.68000000e-06  -1.50973519e-03  -1.18168206e-03  -2.03781844e-03   3.06539025e-15   6.18648549e-16  -2.62976000e-15
  5.76000000e-06  -1.44626427e-03  -1.13662693e-03  -2.04719400e-03   2.87375045e-15   9.20965037e-16  -2.54152575e-15
  5.84000000e-06  -1.38318335e-03  -1.08967117e-03  -2.06323272e-03   2.66959654e-15   1.23961679e-15  -2.44437582e-15
  5.92000000e-06  -1.32074462e-03  -1.04355663e-03  -2.07344434e-03   2.47115487e-15   1.53497228e-15  -2.34662436e-15
  6.00000000e-06  -1.26088127e-03  -9.98583977e-04  -2.10066890e-03   2.26385843e-15   1.87105931e-15  -2.24826794e-15
  6.08000000e-06  -1.20411161e-03  -9.55260605e-04  -2.10448936e-03   2.07760848e-15   2.11994805e-15  -2.15100890e-15
  6.16000000e-06  -1.14846595e-03  -9.13494714e-04  -2.10587261e-03   1.89774003e-15   2.35435171e-15  -2.05623912e-15
  6.24000000e-06  -1.09008801e-03  -8.67752190e-04  -2.10902057e-03   1.70120120e-15   2.60183151e-15  -1.94981693e-15
  6.32000000e-06  -1.03862941e-03  -8.29648000e-04  -2.10637498e-03   1.53621445e-15   2.80303587e-15  -1.86153494e-15
  6.40000000e-06  -9.87175067e-04  -7.89363248e-04  -2.10769748e-03   1.35961480e-15   3.01439987e-15  -1.76573457e-15
  6.48000000e-06  -9.35874493e-04  -7.52812505e-04  -2.13984042e-03   1.17239024e-15   3.32026427e-15  -1.68084804e-15
  6.56000000e-06  -8.87214030e-04  -7.14124226e-04  -2.16279338e-03   9.82080212e-16   3.58524982e-15  -1.58666525e-15
  6.64000000e-06  -8.37784870e-04  -6.75981989e-04  -2.14651876e-03   8.22545152e-16   3.72678133e-15  -1.49467733e-15
  6.72000000e-06  -7.91051888e-04  -6.40034535e-04  -2.15742883e-03   6.49562977e-16   3.94247243e-15  -1.40776673e-15
  6.80000000e-06  -7.44981867e-04  -6.04075938e-04  -2.14671883e-03   4.92616776e-16   4.08522385e-15  -1.32051574e-15
  6.88000000e-06  -7.01761907e-04  -5.68726390e-04  -2.18932839e-03   2.93566084e-16   4.38469951e-15  -1.23312146e-15
  6.96000000e-06  -6.57383913e-04  -5.33516216e-04  -2.18706104e-03   1.29545759e-16   4.54399986e-15  -1.14741146e-15
  7.04000000e-06  -6.14013152e-04  -5.00972889e-04  -2.19298454e-03  -3.23211778e-17   4.72384687e-15  -1.07008214e-15
  7.12000000e-06  -5.72780324e-04  -4.68465165e-04  -2.17838417e-03  -1.77123948e-16   4.82910727e-15  -9.91934964e-16
  7.20000000e-06  -5.34776920e-04  -4.37949960e-04  -2.17783349e-03  -3.27312897e-16   4.96555332e-15  -9.18171434e-16
  7.28000000e-06  -4.95343698e-04  -4.05841458e-04  -2.18048141e-03  -4.86890146e-16   5.11577603e-15  -8.41564633e-16
  7.36000000e-06  -4.57247439e-04  -3.76289214e-04  -2.20217650e-03  -6.56423319e-16   5.31967953e-15  -7.72685636e-16
  7.44000000e-06  -4.21715790e-04  -3.47642416e-04  -2.20200957e-03  -8.03488019e-16   5.44354855e-15  -7.05521361e-16
  7.52000000e-06  -3.86602880e-04  -3.19129037e-04  -2.19715882e-03  -9.46330871e-16   5.54964489e-15  -6.39552579e-16
  7.60000000e-06  -3.53735738e-04  -2.90355944e-04  -2.18402536e-03  -1.08223388e-15   5.62013521e-15  -5.71886610e-16
  7.68000000e-06  -3.18100760e-04  -2.64237131e-04  -2.19077628e-03  -1.22862247e-15   5.76216441e-15  -5.16598641e-16
  7.76000000e-06  -2.86208194e-04  -2.38446864e-04  -2.20709769e-03  -1.38459312e-15   5.91944474e-15  -4.59966563e-16
  7.84000000e-06  -2.54157669e-04  -2.11696961e-04  -2.22190650e-03  -1.54436431e-15   6.07093072e-15  -4.01765579e-16
  7.92000000e-06  -2.25431087e-04  -1.88469561e-04  -2.20782929e-03  -1.66206587e-15   6.11826969e-15  -3.52575396e-16
  8.00000000e-06  -1.96943913e-04  -1.64551058e-04  -2.20713805e-03  -1.79648261e-15   6.20578845e-15  -3.02365655e-16
  8.08000000e-06  -1.69242230e-04  -1.40290590e-04  -2.18914629e-03  -1.91342228e-15   6.23525829e-15  -2.51658015e-16
  8.16000000e-06  -1.44007037e-04  -1.19366189e-04  -2.18928823e-03  -2.03829066e-15   6.31165125e-15  -2.10054369e-16
  8.24000000e-06  -1.16512252e-04  -9.93974193e-05  -2.17328783e-03  -2.14161347e-15   6.34493015e-15  -1.75377357e-16
  8.32000000e-06  -9.26827955e-05  -7.94003361e-05  -2.18289296e-03  -2.27501076e-15   6.44370998e-15  -1.37788883e-16
  8.40000000e-06  -6.99122618e-05  -5.70652348e-05  -2.17177287e-03  -2.39267342e-15   6.47341123e-15  -9.30712064e-17
  8.48000000e-06  -4.65635102e-05  -4.04990099e-05  -2.17008111e-03  -2.50093205e-15   6.53358545e-15  -6.82700597e-17
  8.56000000e-06  -2.61636187e-05  -2.19382066e-05  -2.16684178e-03  -2.61469971e-15   6.57751636e-15  -3.50228187e-17
  8.64000000e-06  -5.35736493e-06  -5.40560124e-06  -2.16573386e-03  -2.72405385e-15   6.62864459e-15  -9.80640293e-18
  8.72000000e-06   1.24001797e-05   1.08852846e-05  -2.16367088e-03  -2.83179456e-15   6.66493051e-15   1.73015702e-17
  8.80000000e-06   3.00954038e-05   2.52219254e-05  -2.14677461e-03  -2.91267047e-15   6.65519314e-15   3.73578066e-17
  8.88000000e-06   4.69884644e-05   3.99695781e-05  -2.12170356e-03  -2.98316895e-15   6.61747985e-15   5.85960037e-17
  8.96000000e-06   6.14875920e-05   5.23806400e-05  -2.12584746e-03  -3.08396880e-15   6.65944404e-15   7.48878406e-17
  9.04000000e-06   7.66442469e-05   6.50673819e-05  -2.12789471e-03  -3.18324560e-15   6.69664778e-15   9.01153030e-17
  9.12000000e-06   9.00770348e-05   7.64488775e-05  -2.11686720e-03  -3.25974238e-15   6.68757313e-15   1.02807361e-16
  9.20000000e-06   1.03244907e-04   8.57443509e-05  -2.12657090e-03  -3.35807414e-15   6.73921057e-15   1.08693853e-16
  9.28000000e-06   1.11787937e-04   9.55289878e-05  -2.11193975e-03  -3.42302762e-15   6.70082157e-15   1.21911388e-16
  9.36000000e-06   1.19986436e-04   1.01564648e-04  -2.09979281e-03  -3.47724952e-15   6.66840984e-15   1.23846469e-16
  9.44000000e-06   1.32822008e-04   1.13126539e-04  -2.09996718e-03  -3.56950793e-15   6.68891836e-15   1.34566376e-16
  9.52000000e-06   1.35611834e-04   1.15278074e-04  -2.06517124e-03  -3.57385684e-15   6.56985550e-15   1.32048617e-16
  9.60000000e-06   1.41159751e-04   1.21293411e-04  -2.05793819e-03  -3.63265649e-15   6.54226778e-15   1.36422509e-16
  9.68000000e-06   1.45841271e-04   1.26906017e-04  -2.04393633e-03  -3.67879314e-15   6.49157803e-15   1.40562326e-16
  9.76000000e-06   1.50001476e-04   1.29397068e-04  -2.04518089e-03  -3.73729937e-15   6.48320254e-15   1.36079395e-16
  9.84000000e-06   1.52469159e-04   1.30343772e-04  -2.02704422e-03  -3.75834624e-15   6.41245698e-15   1.29642926e-16
  9.92000000e-06   1.55313248e-04   1.32272241e-04  -2.03608283e-03  -3.82664830e-15   6.42140354e-15   1.25262223e-16
  1.00000000e-05   1.55236306e-04   1.31660453e-04  -2.01594619e-03  -3.83707244e-15   6.33579235e-15   1.18316817e-16
  1.00800000e-05   1.54112263e-04   1.28499137e-04  -1.99831318e-03  -3.84118536e-15   6.25389630e-15   1.05912582e-16
  1.01600000e-05   1.50051212e-04   1.28027942e-04  -1.96553233e-03  -3.82748734e-15   6.11893996e-15   1.06371273e-16
  1.02400000e-05   1.44823057e-04   1.22697183e-04  -1.93859264e-03  -3.80432992e-15   5.99710540e-15   9.53646701e-17
  1.03200000e-05   1.41882930e-04   1.18404221e-04  -1.94902509e-03  -3.84858127e-15   5.98937547e-15   8.36927914e-17
  1.04000000e-05   1.35796982e-04   1.11511923e-04  -1.93030225e-03  -3.83185606e-15   5.88822340e-15   7.05861608e-17
  1.04800000e-05   1.30131171e-04   1.06387007e-04  -1.92374804e-03  -3.84187399e-15   5.82308753e-15   6.21460237e-17
  1.05600000e-05   1.19962173e-04   9.61946867e-05  -1.88527585e-03  -3.77431389e-15   5.65375772e-15   4.83147107e-17
  1.06400000e-05   1.10793540e-04   8.75857596e-05  -1.87679571e-03  -3.76542113e-15   5.57179169e-15   3.77373350e-17
  1.07200000e-05   9.96878112e-05   7.67046866e-05  -1.86540239e-03  -3.74175337e-15   5.47528869e-15   2.51812157e-17
  1.08000000e-05   8.81875319e-05   6.39327999e-05  -1.84739025e-03  -3.69776785e-15   5.35975310e-15   8.96778710e-18
  1.08800000e-05   7.22588386e-05   4.93067095e-05  -1.82030342e-03  -3.62827459e-15   5.20439696e-15  -3.05620407e-18
  1.09600000e-05   6.00559545e-05   3.85874289e-05  -1.79141691e-03  -3.56749452e-15   5.05879829e-15  -1.06302833e-17
  1.10400000e-05   4.19312158e-05   2.11467430e-05  -1.77958507e-03  -3.51336024e-15   4.93878681e-15  -2.40956230e-17
  1.11200000e-05   2.63475563e-05   4.08563730e-06  -1.73878096e-03  -3.40292575e-15   4.75107099e-15  -4.04005028e-17
  1.12000000e-05   5.63149266e-06  -1.45915145e-05  -1.72633547e-03  -3.33992912e-15   4.62196576e-15  -4.99614753e-17
  1.12800000e-05  -1.34085404e-05  -3.15535653e-05  -1.70169940e-03  -3.25765859e-15   4.46736258e-15  -5.71668359e-17
  1.13600000e-05  -3.33640328e-05  -5.20063019e-05  -1.66557550e-03  -3.13808893e-15   4.28021557e-15  -7.07856722e-17
  1.14400000e-05  -5.68108499e-05  -7.32113112e-05  -1.67228434e-03  -3.10012868e-15   4.19439045e-15  -7.83095772e-17
  1.15200000e-05  -8.00027466e-05  -9.64978837e-05  -1.64960992e-03  -2.99444186e-15   4.03286955e-15  -9.06879873e-17
  1.16000000e-05  -1.05389317e-04  -1.19284708e-04  -1.62479233e-03  -2.88454220e-15   3.85897350e-15  -9.62071223e-17
  1.16800000e-05  -1.30703558e-04  -1.44446381e-04  -1.58868227e-03  -2.74107417e-15   3.65725526e-15  -1.07012675e-16
  1.17600000e-05  -1.54090110e-04  -1.69120630e-04  -1.56254098e-03  -2.61806412e-15   3.48978587e-15  -1.19534142e-16
  1.18400000e-05  -1.84165191e-04  -1.95877558e-04  -1.53930578e-03  -2.49193002e-15   3.30684315e-15  -1.22658925e-16
  1.19200000e-05  -2.12122798e-04  -2.22530146e-04  -1.50780115e-03  -2.34739385e-15   3.11141970e-15  -1.28961917e-16
  1.20000000e-05  -2.41554415e-04  -2.50971808e-04  -1.47144064e-03  -2.18430857e-15   2.89971511e-15  -1.36000975e-16
  1.20800000e-05  -2.72865896e-04  -2.80774278e-04  -1.44854202e-03  -2.04304792e-15   2.71694928e-15  -1.41777986e-16
  1.21600000e-05  -3.06107622e-04  -3.12094922e-04  -1.42330408e-03  -1.88990924e-15   2.52239009e-15  -1.46637333e-16
  1.22400000e-05  -3.38793633e-04  -3.44326008e-04  -1.38073122e-03  -1.69513388e-15   2.28696770e-15  -1.54383336e-16
  1.23200000e-05  -3.72872546e-04  -3.76534105e-04  -1.36012551e-03  -1.54566790e-15   2.10368934e-15  -1.58642461e-16
  1.24000000e-05  -4.09113323e-04  -4.10561031e-04  -1.32251481e-03  -1.35185639e-15   1.87065802e-15  -1.62536424e-16
  1.24800000e-05  -4.44968250e-04  -4.46170070e-04  -1.29110694e-03  -1.16422066e-15   1.65597271e-15  -1.71019320e-16
  1.25600000e-05  -4.82823819e-04  -4.82472577e-04  -1.25972316e-03  -9.72782772e-16   1.43532687e-15  -1.76882643e-16
  1.26400000e-05  -5.20668198e-04  -5.19864218e-04  -1.21159676e-03  -7.39893244e-16   1.17375327e-15  -1.85666924e-16
  1.27200000e-05  -5.58672694e-04  -5.59055604e-04  -1.17527258e-03  -5.24603212e-16   9.42623306e-16  -1.99015408e-16
  1.28000000e-05  -5.98856571e-04  -5.96747763e-04  -1.13504309e-03  -3.05154359e-16   6.94886370e-16  -2.04334263e-16
  1.28800000e-05  -6.38962594e-04  -6.37655701e-04  -1.10099811e-03  -8.64030111e-17   4.64066524e-16  -2.18625600e-16
  1.29600000e-05  -6.83576598e-04  -6.77895601e-04  -1.04950797e-03   1.68834211e-16   1.74078425e-16  -2.22407185e-16
  1.30400000e-05  -7.25404202e-04  -7.18210722e-04  -1.00134532e-03   4.18176403e-16  -9.64851529e-17  -2.33735799e-16
  1.31200000e-05  -7.69960050e-04  -7.61480970e-04  -9.58908191e-04   6.66564334e-16  -3.61601713e-16  -2.48068675e-16
  1.32000000e-05  -8.13503039e-04  -8.04382749e-04  -9.13794560e-04   9.20103549e-16  -6.29060238e-16  -2.65378938e-16
  1.32800000e-05  -8.60312752e-04  -8.48368310e-04  -8.62888201e-04   1.19068881e-15  -9.22236574e-16  -2.80416959e-16
  1.33600000e-05  -9.03797939e-04  -8.92420824e-04  -8.17632220e-04   1.44969414e-15  -1.18858907e-15  -3.05160365e-16
  1.34400000e-05  -9.49965537e-04  -9.37778956e-04  -7.69354140e-04   1.72016399e-15  -1.47179323e-15  -3.29990795e-16
  1.35200000e-05  -9.97910585e-04  -9.83163727e-04  -7.21961066e-04   1.98889240e-15  -1.75881701e-15  -3.53941097e-16
  1.36000000e-05  -1.04725872e-03  -1.03107696e-03  -6.64180058e-04   2.28903513e-15  -2.07709316e-15  -3.84788874e-16
  1.36800000e-05  -1.09105218e-03  -1.07476880e-03  -6.08779809e-04   2.56846058e-15  -2.36930332e-15  -4.20301760e-16
  1.37600000e-05  -1.14336492e-03  -1.12571290e-03  -5.52834036e-04   2.87459038e-15  -2.69366693e-15  -4.60192681e-16
  1.38400000e-05  -1.19227067e-03  -1.17490919e-03  -4.90218638e-04   3.18778998e-15  -3.02317740e-15  -5.07425875e-16
  1.39200000e-05  -1.24167774e-03  -1.22377908e-03  -4.31571567e-04   3.49029972e-15  -3.34472185e-15  -5.57559568e-16
  1.40000000e-05  -1.29166736e-03  -1.27243314e-03  -3.69232565e-04   3.79843533e-15  -3.67852627e-15  -6.11095123e-16
  1.40800000e-05  -1.34496374e-03  -1.32470971e-03  -3.07648996e-04   4.11635506e-15  -4.02302540e-15  -6.72869071e-16
  1.41600000e-05  -1.39373136e-03  -1.37441761e-03  -2.44610097e-04   4.42610819e-15  -4.35599400e-15  -7.43431696e-16
  1.42400000e-05  -1.44602248e-03  -1.42535795e-03  -1.74565198e-04   4.75235453e-15  -4.72126896e-15  -8.16389743e-16
  1.43200000e-05  -1.47740503e-03  -1.45443082e-03  -1.01956475e-04   5.00263679e-15  -5.01993601e-15  -8.80484545e-16
  1.44000000e-05  -8.93436299e-04  -8.76648490e-04  -3.11311624e-05   3.07507566e-15  -3.11441139e-15  -5.50579174e-16
  1.44800000e-05  -2.39503091e-04  -2.28838154e-04  -3.51184799e-05   7.48251786e-16  -7.62506754e-16  -1.34344599e-16
  1.45600000e-05   4.25522276e-04   4.26362915e-04  -9.78400429e-05  -1.72249061e-15   1.78570223e-15   2.90260343e-16
  1.46400000e-05   4.63912575e-04   4.64155055e-04  -1.60177994e-04  -1.98470511e-15   2.09008185e-15   3.08359456e-16
  1.47200000e-05   5.01888169e-04   5.01966202e-04  -2.24086798e-04  -2.25138344e-15   2.39625622e-15   3.25306637e-16
  1.48000000e-05   5.40791404e-04   5.40507941e-04  -2.89127989e-04  -2.52444645e-15   2.70764002e-15   3.39994729e-16
  1.48800000e-05   5.84299858e-04   5.80784443e-04  -3.53866684e-04  -2.80480148e-15   3.03338676e-15   3.47302359e-16
  1.49600000e-05   6.22956288e-04   6.20720760e-04  -4.24740486e-04  -3.09848576e-15   3.35644482e-15   3.60676212e-16
  1.50400000e-05   6.64026587e-04   6.60717278e-04  -4.93357282e-04  -3.39002972e-15   3.68031952e-15   3.66024460e-16
  1.51200000e-05   7.03944082e-04   6.99335469e-04  -5.67314065e-04  -3.69024456e-15   4.01198797e-15   3.66639367e-16
  1.52000000e-05   7.42040159e-04   7.38616167e-04  -6.37334988e-04  -3.98744702e-15   4.32441993e-15   3.69100475e-16
  1.52800000e-05   7.81433214e-04   7.77016684e-04  -7.00385931e-04  -4.26971537e-15   4.62087237e-15   3.62653664e-16
  1.53600000e-05   8.19390534e-04   8.15968270e-04  -7.89684804e-04  -4.61284692e-15   4.97720902e-15   3.56498601e-16
  1.54400000e-05   8.57492079e-04   8.51168981e-04  -8.62114144e-04  -4.91042327e-15   5.28709040e-15   3.35870017e-16
  1.55200000e-05   8.97874462e-04   8.92079093e-04  -9.45895508e-04  -5.25691828e-15   5.63051416e-15   3.20131870e-16
  1.56000000e-05   9.36459603e-04   9.30933718e-04  -1.02079127e-03  -5.58099588e-15   5.94088740e-15   2.97999422e-16
  1.56800000e-05   9.73759254e-04   9.68382745e-04  -1.10865795e-03  -5.93311850e-15   6.27481570e-15   2.69690218e-16
  1.57600000e-05   1.01311068e-03   1.00659164e-03  -1.19555403e-03  -6.29100681e-15   6.60856070e-15   2.33059953e-16
  1.58400000e-05   1.05118671e-03   1.04445170e-03  -1.27648255e-03  -6.63959213e-15   6.91753860e-15   1.92391149e-16
  1.59200000e-05   1.08884322e-03   1.07998656e-03  -1.36254594e-03  -6.99680020e-15   7.23196845e-15   1.40920220e-16
  1.60000000e-05   1.12461937e-03   1.11725487e-03  -1.45257492e-03  -7.37521156e-15   7.54292918e-15   9.16087731e-17
  1.60800000e-05   1.15997039e-03   1.14997790e-03  -1.55743436e-03  -7.77822366e-15   7.88071698e-15   2.57739527e-17
  1.61600000e-05   1.19357605e-03   1.18720604e-03  -1.63883325e-03  -8.14925281e-15   8.14884566e-15  -3.19704420e-17
  1.62400000e-05   1.22917256e-03   1.22018284e-03  -1.74030663e-03  -8.55923887e-15   8.46341076e-15  -1.11401615e-16
  1.63200000e-05   1.26358234e-03   1.25369479e-03  -1.82845807e-03  -8.94633947e-15   8.73418708e-15  -1.93841852e-16
  1.64000000e-05   1.29724187e-03   1.28679749e-03  -1.92349614e-03  -9.35579880e-15   9.00909331e-15  -2.82743129e-16
  1.64800000e-05   1.32960669e-03   1.31914177e-03  -2.02747013e-03  -9.79235189e-15   9.28943246e-15  -3.77760548e-16
  1.65600000e-05   1.36251295e-03   1.35045130e-03  -2.13031905e-03  -1.02306208e-14   9.55830516e-15  -4.84118855e-16
  1.66400000e-05   1.39218263e-03   1.37910614e-03  -2.23431436e-03  -1.06706344e-14   9.80652564e-15  -5.95812324e-16
  1.67200000e-05   1.41985369e-03   1.40546341e-03  -2.33054014e-03  -1.10906618e-14   1.00191228e-14  -7.14686923e-16
  1.68000000e-05   1.44712244e-03   1.43182499e-03  -2.44666579e-03  -1.15711535e-14   1.02592675e-14  -8.40082189e-16
  1.68800000e-05   1.47606445e-03   1.46026192e-03  -2.56879310e-03  -1.20845850e-14   1.05032279e-14  -9.73282927e-16
  1.69600000e-05   1.50309351e-03   1.48448259e-03  -2.66244586e-03  -1.25162325e-14   1.06676846e-14  -1.11817328e-15
  1.70400000e-05   1.52656504e-03   1.50625887e-03  -2.77984932e-03  -1.30120807e-14   1.08517804e-14  -1.26560708e-15
  1.71200000e-05   1.55165180e-03   1.53018341e-03  -2.89460598e-03  -1.35180706e-14   1.10197121e-14  -1.42097335e-15
  1.72000000e-05   1.57571282e-03   1.54973936e-03  -3.01983903e-03  -1.40476649e-14   1.11857405e-14  -1.58952290e-15
  1.72800000e-05   1.59396314e-03   1.56760210e-03  -3.12253167e-03  -1.45169074e-14   1.12715550e-14  -1.75181638e-15
  1.73600000e-05   1.61316876e-03   1.58290958e-03  -3.24979129e-03  -1.50564969e-14   1.13862157e-14  -1.92791474e-15
  1.74400000e-05   1.63135630e-03   1.59909938e-03  -3.36668164e-03  -1.55789657e-14   1.14585689e-14  -2.10636295e-15
  1.75200000e-05   1.64804212e-03   1.61209469e-03  -3.49043636e-03  -1.61197153e-14   1.15159996e-14  -2.29228875e-15
  1.76000000e-05   1.66079049e-03   1.62103163e-03  -3.61077087e-03  -1.66451542e-14   1.15318984e-14  -2.47884513e-15
  1.76800000e-05   1.67450874e-03   1.63106773e-03  -3.74078573e-03  -1.72129482e-14   1.15431887e-14  -2.67203476e-15
  1.77600000e-05   1.68610647e-03   1.63645531e-03  -3.86621049e-03  -1.77594144e-14   1.15155392e-14  -2.87092444e-15
  1.78400000e-05   1.69293314e-03   1.64045885e-03  -3.99288606e-03  -1.83133315e-14   1.14481391e-14  -3.06120548e-15
  1.79200000e-05   1.69883058e-03   1.64303436e-03  -4.12420271e-03  -1.88850721e-14   1.13577478e-14  -3.25429401e-15
  1.80000000e-05   1.70717683e-03   1.64494735e-03  -4.24876981e-03  -1.94406229e-14   1.12400266e-14  -3.45966706e-15
  1.80800000e-05   1.70727636e-03   1.64183186e-03  -4.37799990e-03  -2.00006612e-14   1.10719981e-14  -3.64739540e-15
  1.81600000e-05   1.71182868e-03   1.63935655e-03  -4.49309447e-03  -2.05223902e-14   1.08757189e-14  -3.85071699e-15
  1.82400000e-05   1.70507928e-03   1.62799218e-03  -4.63369113e-03  -2.11033566e-14   1.06397356e-14  -4.02734862e-15
  1.83200000e-05   1.70008211e-03   1.61892175e-03  -4.76718460e-03  -2.16739896e-14   1.03713557e-14  -4.20733628e-15
  1.84000000e-05   1.69591877e-03   1.61053362e-03  -4.89182239e-03  -2.22208091e-14   1.00671658e-14  -4.38919825e-15
  1.84800000e-05   1.68692131e-03   1.59265447e-03  -5.02071608e-03  -2.27526618e-14   9.71977836e-15  -4.56144131e-15
  1.85600000e-05   1.67374722e-03   1.57630670e-03  -5.15272285e-03  -2.33025547e-14   9.32940516e-15  -4.71528996e-15
  1.86400000e-05   1.66308314e-03   1.55834026e-03  -5.28059594e-03  -2.38334562e-14   8.91237644e-15  -4.87606030e-15
  1.87200000e-05   1.64224692e-03   1.53259512e-03  -5.42282127e-03  -2.43889177e-14   8.43655826e-15  -5.00160258e-15
  1.88000000e-05   1.61992456e-03   1.50656182e-03  -5.55388699e-03  -2.49026685e-14   7.91589343e-15  -5.11617567e-15
  1.88800000e-05   1.59964854e-03   1.47897257e-03  -5.66043197e-03  -2.53197935e-14   7.36015744e-15  -5.23233914e-15
  1.89600000e-05   1.57186174e-03   1.44803420e-03  -5.80042165e-03  -2.58418741e-14   6.76047253e-15  -5.31520976e-15
  1.90400000e-05   1.54195323e-03   1.41450359e-03  -5.92394904e-03  -2.62899920e-14   6.11603506e-15  -5.38269057e-15
  1.91200000e-05   1.51090093e-03   1.37945609e-03  -6.05050410e-03  -2.67367137e-14   5.43605104e-15  -5.43718860e-15
  1.92000000e-05   1.47570305e-03   1.33891894e-03  -6.16967467e-03  -2.71292873e-14   4.71063665e-15  -5.46667581e-15
  1.92800000e-05   1.44101655e-03   1.30039729e-03  -6.29243426e-03  -2.75307883e-14   3.95610426e-15  -5.48719508e-15
  1.93600000e-05   1.39939279e-03   1.25665405e-03  -6.40852754e-03  -2.78782084e-14   3.14975540e-15  -5.46996339e-15
  1.94400000e-05   1.35528791e-03   1.21076645e-03  -6.51556584e-03  -2.81707370e-14   2.30910993e-15  -5.43063600e-15
  1.95200000e-05   1.31236054e-03   1.16349596e-03  -6.63400664e-03  -2.84853748e-14   1.44130582e-15  -5.38228710e-15
  1.96000000e-05   1.26475940e-03   1.11434325e-03  -6.73397194e-03  -2.87073034e-14   5.39938329e-16  -5.30239143e-15
  1.96800000e-05   1.21260321e-03   1.06583856e-03  -6.83970234e-03  -2.89334693e-14  -4.02803378e-16  -5.19235186e-15
  1.97600000e-05   1.16111474e-03   1.01196885e-03  -6.91766468e-03  -2.90178294e-14  -1.34679894e-15  -5.06759862e-15
  1.98400000e-05   1.10000318e-03   9.55463397e-04  -7.02328514e-03  -2.91750568e-14  -2.35973858e-15  -4.89048904e-15
  1.99200000e-05   1.04141407e-03   8.98761274e-04  -7.11241370e-03  -2.92456358e-14  -3.37199980e-15  -4.70830871e-15
  2.00000000e-05   9.79556503e-04   8.40311334e-04  -7.19756919e-03  -2.92705774e-14  -4.40695135e-15  -4.49810133e-15
  2.00800000e-05   9.18174667e-04   7.84964483e-04  -7.31214803e-03  -2.93866977e-14  -5.48880204e-15  -4.27926731e-15
  2.01600000e-05   8.52816995e-04   7.22512450e-04  -7.34633718e-03  -2.91566044e-14  -6.50352204e-15  -4.02433522e-15
  2.02400000e-05   7.84957082e-04   6.62712668e-04  -7.41739961e-03  -2.90422520e-14  -7.57669485e-15  -3.75038350e-15
  2.03200000e-05   7.17537272e-04   6.03049307e-04  -7.49659925e-03  -2.89273943e-14  -8.66921181e-15  -3.46616444e-15
  2.04000000e-05   6.46146518e-04   5.43317197e-04  -7.54209901e-03  -2.86598937e-14  -9.73026139e-15  -3.15629758e-15
  2.04800000e-05   5.73386763e-04   4.83790388e-04  -7.61213870e-03  -2.84499721e-14  -1.08360033e-14  -2.83168666e-15
  2.05600000e-05   4.96910950e-04   4.19046094e-04  -7.64775710e-03  -2.80705042e-14  -1.18970793e-14  -2.47575404e-15
  2.06400000e-05   4.23331783e-04   3.60925300e-04  -7.69123720e-03  -2.77079524e-14  -1.29579758e-14  -2.13314422e-15
  2.07200000e-05   3.43193171e-04   2.94138748e-04  -7.71544737e-03  -2.72221685e-14  -1.39970090e-14  -1.74449055e-15
  2.08000000e-05   2.64554659e-04   2.32072806e-04  -7.72739564e-03  -2.66797059e-14  -1.49959052e-14  -1.36376895e-15
  2.08800000e-05   1.87090399e-04   1.72573221e-04  -7.75485330e-03  -2.61680023e-14  -1.60108891e-14  -9.87617998e-16
  2.09600000e-05   1.05058125e-04   1.09172525e-04  -7.77190860e-03  -2.55807748e-14  -1.70054822e-14  -5.84669726e-16
  2.10400000e-05   2.97190562e-05   5.38878500e-05  -7.79634961e-03  -2.50115762e-14  -1.79839948e-14  -2.19646288e-16
  2.11200000e-05  -5.25436389e-05  -6.98851237e-06  -7.80180336e-03  -2.43372757e-14  -1.89240467e-14   1.80858181e-16
  2.12000000e-05  -1.29138873e-04  -6.33157307e-05  -7.81035295e-03  -2.36592255e-14  -1.98373642e-14   5.52003600e-16
  2.12800000e-05  -2.09988446e-04  -1.21838363e-04  -7.80601694e-03  -2.29096664e-14  -2.07121446e-14   9.39569960e-16
  2.13600000e-05  -2.90509326e-04  -1.77432251e-04  -7.78875876e-03  -2.21083075e-14  -2.15297043e-14   1.31506620e-15
  2.14400000e-05  -3.68190504e-04  -2.30638424e-04  -7.75928265e-03  -2.12591112e-14  -2.22812858e-14   1.67107245e-15
  2.15200000e-05  -4.49431804e-04  -2.83304355e-04  -7.72059670e-03  -2.03696911e-14  -2.29905139e-14   2.02938974e-15
  2.16000000e-05  -5.24645428e-04  -3.31960988e-04  -7.70239064e-03  -1.95323483e-14  -2.37130001e-14   2.35243173e-15
  2.16800000e-05  -6.06214436e-04  -3.84124960e-04  -7.67516242e-03  -1.86435702e-14  -2.44036178e-14   2.69388959e-15
  2.17600000e-05  -6.83246192e-04  -4.32555821e-04  -7.63122860e-03  -1.77100297e-14  -2.50039597e-14   3.00291340e-15
  2.18400000e-05  -7.58168657e-04  -4.78372053e-04  -7.58272172e-03  -1.67637282e-14  -2.55553288e-14   3.28835599e-15
  2.19200000e-05  -8.31321418e-04  -5.22870389e-04  -7.53470375e-03  -1.58155781e-14  -2.60738679e-14   3.55436433e-15
  2.20000000e-05  -9.03565527e-04  -5.66226130e-04  -7.46538040e-03  -1.48186590e-14  -2.64925870e-14   3.80294411e-15
  2.20800000e-05  -9.72972104e-04  -6.07516135e-04  -7.45505955e-03  -1.39496388e-14  -2.70654281e-14   4.02616418e-15
  2.21600000e-05  -1.03848551e-03  -6.46233457e-04  -7.42210125e-03  -1.30305969e-14  -2.75290912e-14   4.22013993e-15
  2.22400000e-05  -1.10587836e-03  -6.83544471e-04  -7.35715675e-03  -1.20486542e-14  -2.78664348e-14   4.40010924e-15
  2.23200000e-05  -1.17132423e-03  -7.18628609e-04  -7.29559948e-03  -1.10824874e-14  -2.81808275e-14   4.55517535e-15
  2.24000000e-05  -1.23377311e-03  -7.52250010e-04  -7.21058615e-03  -1.00847507e-14  -2.83783084e-14   4.68614844e-15
  2.24800000e-05  -1.29871917e-03  -7.86821642e-04  -7.16177344e-03  -9.15258429e-15  -2.86796470e-14   4.81059669e-15
  2.25600000e-05  -1.35915782e-03  -8.17807086e-04  -7.10513961e-03  -8.22072917e-15  -2.89157241e-14   4.90078371e-15
  2.26400000e-05  -1.41772479e-03  -8.47566230e-04  -7.03567965e-03  -7.28004495e-15  -2.90764365e-14   4.96971261e-15
  2.27200000e-05  -1.47146601e-03  -8.74720000e-04  -6.95438190e-03  -6.34166461e-15  -2.91556230e-14   5.00900741e-15
  2.28000000e-05  -1.52388296e-03  -9.01507609e-04  -6.88018350e-03  -5.42736829e-15  -2.92309478e-14   5.03221984e-15
  2.28800000e-05  -1.57534276e-03  -9.26325986e-04  -6.80817480e-03  -4.53497829e-15  -2.92879642e-14   5.03429311e-15
  2.29600000e-05  -1.62002285e-03  -9.48090850e-04  -6.75017535e-03  -3.67879958e-15  -2.93515471e-14   5.00545110e-15
  2.30400000e-05  -1.66569664e-03  -9.69876785e-04  -6.67633779e-03  -2.81966699e-15  -2.93405132e-14   4.96580513e-15
  2.31200000e-05  -1.71461713e-03  -9.91771601e-04  -6.57545992e-03  -1.95407647e-15  -2.92224187e-14   4.91714015e-15
  2.32000000e-05  -1.75739548e-03  -1.01124054e-03  -6.50726078e-03  -1.14190059e-15  -2.91821026e-14   4.84334302e-15
  2.32800000e-05  -1.79809835e-03  -1.02997938e-03  -6.43349865e-03  -3.43842523e-16  -2.90966959e-14   4.75437414e-15
  2.33600000e-05  -1.83818800e-03  -1.04781998e-03  -6.37043417e-03   4.29154781e-16  -2.90303841e-14   4.65113502e-15
  2.34400000e-05  -1.87644999e-03  -1.06414615e-03  -6.29731093e-03   1.18606040e-15  -2.89051917e-14   4.53110314e-15
  2.35200000e-05  -1.91263714e-03  -1.08138009e-03  -6.23050342e-03   1.92599473e-15  -2.87800507e-14   4.40388890e-15
  2.36000000e-05  -1.94530904e-03  -1.09583317e-03  -6.14065521e-03   2.64297495e-15  -2.85453226e-14   4.25679466e-15
  2.36800000e-05  -1.97697343e-03  -1.10898460e-03  -6.05480068e-03   3.33123759e-15  -2.83077663e-14   4.09709747e-15
  2.37600000e-05  -2.00138270e-03  -1.11869551e-03  -5.99713564e-03   3.98712654e-15  -2.81335229e-14   3.91738341e-15
  2.38400000e-05  -2.03143316e-03  -1.13089407e-03  -5.91969167e-03   4.63217336e-15  -2.78952299e-14   3.73948520e-15
  2.39200000e-05  -2.05571406e-03  -1.13976192e-03  -5.84107879e-03   5.24521676e-15  -2.76219635e-14   3.54383106e-15
  2.40000000e-05  -2.07745807e-03  -1.15014335e-03  -5.78116334e-03   5.84776756e-15  -2.73952205e-14   3.34879638e-15
  2.40800000e-05  -2.10024912e-03  -1.15931630e-03  -5.69131386e-03   6.41484155e-15  -2.70570281e-14   3.14424555e-15
  2.41600000e-05  -2.12165727e-03  -1.16868357e-03  -5.63178928e-03   6.97534432e-15  -2.68108154e-14   2.93584663e-15
  2.42400000e-05  -2.14055935e-03  -1.17661462e-03  -5.57544200e-03   7.51558297e-15  -2.65576827e-14   2.71917567e-15
  2.43200000e-05  -2.15896590e-03  -1.18530562e-03  -5.49951905e-03   8.02702917e-15  -2.62272792e-14   2.50153861e-15
  2.44000000e-05  -2.17383141e-03  -1.19139361e-03  -5.43770095e-03   8.51998303e-15  -2.59254483e-14   2.27419764e-15
  2.44800000e-05  -2.18621573e-03  -1.19857253e-03  -5.36770242e-03   8.99055677e-15  -2.55805247e-14   2.05019147e-15
  2.45600000e-05  -2.19786378e-03  -1.20272192e-03  -5.28980581e-03   9.42204384e-15  -2.52011027e-14   1.81510437e-15
  2.46400000e-05  -2.20840290e-03  -1.20733650e-03  -5.22397738e-03   9.84695226e-15  -2.48527926e-14   1.58110286e-15
  2.47200000e-05  -2.21913740e-03  -1.21054492e-03  -5.17358184e-03   1.02656963e-14  -2.45505111e-14   1.34114160e-15
  2.48000000e-05  -2.22879324e-03  -1.21539325e-03  -5.09555963e-03   1.06391416e-14  -2.41502897e-14   1.10677776e-15
  2.48800000e-05  -2.23510212e-03  -1.21980590e-03  -5.02729420e-03   1.10028515e-14  -2.37666998e-14   8.74876956e-16
  2.49600000e-05  -2.24128890e-03  -1.22462295e-03  -4.97446147e-03   1.13707221e-14  -2.34281930e-14   6.44417430e-16
  2.50400000e-05  -2.24804245e-03  -1.22800037e-03  -4.90267053e-03   1.16886699e-14  -2.30293383e-14   4.08636449e-16
  2.51200000e-05  -2.25381645e-03  -1.23403067e-03  -4.84387053e-03   1.20171287e-14  -2.26651848e-14   1.82732124e-16
  2.52000000e-05  -2.25689482e-03  -1.23623893e-03  -4.78465756e-03   1.23146658e-14  -2.22881199e-14  -5.00482588e-17
  2.52800000e-05  -2.25820673e-03  -1.23751675e-03  -4.73191560e-03   1.26033799e-14  -2.19224537e-14  -2.81415351e-16
  2.53600000e-05  -2.25829129e-03  -1.23910758e-03  -4.68088788e-03   1.28810364e-14  -2.15555103e-14  -5.08351435e-16
  2.54400000e-05  -2.25882779e-03  -1.24186524e-03  -4.63624627e-03   1.31602704e-14  -2.12065961e-14  -7.31421412e-16
  2.55200000e-05  -2.25793191e-03  -1.24396081e-03  -4.56674455e-03   1.33734217e-14  -2.07810878e-14  -9.51534881e-16
  2.56000000e-05  -2.25403763e-03  -1.24495598e-03  -4.51008866e-03   1.35912845e-14  -2.03820293e-14  -1.16639337e-15
  2.56800000e-05  -2.24979301e-03  -1.24615126e-03  -4.46333814e-03   1.38154667e-14  -2.00090398e-14  -1.37736602e-15
  2.57600000e-05  -2.24699797e-03  -1.24759029e-03  -4.39911864e-03   1.39885064e-14  -1.95939262e-14  -1.58826213e-15
  2.58400000e-05  -2.24304300e-03  -1.24729049e-03  -4.35453421e-03   1.41836804e-14  -1.92283858e-14  -1.79840644e-15
  2.59200000e-05  -2.23825939e-03  -1.24899617e-03  -4.30006979e-03   1.43498377e-14  -1.88346422e-14  -1.99863337e-15
  2.60000000e-05  -2.23259579e-03  -1.24849930e-03  -4.26120343e-03   1.45316998e-14  -1.84786837e-14  -2.19956360e-15
  2.60800000e-05  -2.22735011e-03  -1.25122313e-03  -4.20367971e-03   1.46671367e-14  -1.80780442e-14  -2.39056786e-15
  2.61600000e-05  -2.21912815e-03  -1.25025757e-03  -4.14243343e-03   1.47662850e-14  -1.76607332e-14  -2.58008090e-15
  2.62400000e-05  -2.21216282e-03  -1.25078040e-03  -4.11083754e-03   1.49330357e-14  -1.73212122e-14  -2.76568302e-15
  2.63200000e-05  -2.20391162e-03  -1.25061664e-03  -4.06083374e-03   1.50383774e-14  -1.69350060e-14  -2.94620644e-15
  2.64000000e-05  -2.19536260e-03  -1.25022269e-03  -4.01342079e-03   1.51376148e-14  -1.65562488e-14  -3.12291094e-15
  2.64800000e-05  -2.18550747e-03  -1.24979288e-03  -3.96677321e-03   1.52270232e-14  -1.61773752e-14  -3.29245056e-15
  2.65600000e-05  -2.17687620e-03  -1.24960929e-03  -3.92030844e-03   1.53063376e-14  -1.58058454e-14  -3.46117428e-15
  2.66400000e-05  -2.16757611e-03  -1.24922622e-03  -3.88062204e-03   1.53936311e-14  -1.54488468e-14  -3.62513085e-15
  2.67200000e-05  -2.16069672e-03  -1.24854753e-03  -3.82281913e-03   1.54162247e-14  -1.50659296e-14  -3.79281795e-15
  2.68000000e-05  -2.14848820e-03  -1.24925249e-03  -3.78170679e-03   1.54814844e-14  -1.47029322e-14  -3.93846290e-15
  2.68800000e-05  -2.13990027e-03  -1.24867357e-03  -3.74557556e-03   1.55478733e-14  -1.43644422e-14  -4.09400335e-15
  2.69600000e-05  -2.12891828e-03  -1.24880120e-03  -3.70395986e-03   1.55907161e-14  -1.40100364e-14  -4.23752166e-15
  2.70400000e-05  -2.11868693e-03  -1.24873249e-03  -3.65559001e-03   1.56019454e-14  -1.36497215e-14  -4.37980931e-15
  2.71200000e-05  -2.10887150e-03  -1.24843638e-03  -3.61487069e-03   1.56271029e-14  -1.33083449e-14  -4.52047430e-15
  2.72000000e-05  -2.09716872e-03  -1.24831770e-03  -3.57431539e-03   1.56443522e-14  -1.29648914e-14  -4.65111238e-15
  2.72800000e-05  -2.08281338e-03  -1.24609471e-03  -3.53206275e-03   1.56406112e-14  -1.26136035e-14  -4.77305497e-15
  2.73600000e-05  -2.07174558e-03  -1.24474084e-03  -3.50543398e-03   1.56832358e-14  -1.23018271e-14  -4.90070215e-15
  2.74400000e-05  -2.05896264e-03  -1.24330275e-03  -3.46628916e-03   1.56764218e-14  -1.19677221e-14  -5.01910377e-15
  2.75200000e-05  -2.04839895e-03  -1.24380284e-03  -3.41723420e-03   1.56341659e-14  -1.16299767e-14  -5.13854479e-15
  2.76000000e-05  -2.03491344e-03  -1.24318061e-03  -3.39280586e-03   1.56647696e-14  -1.13233510e-14  -5.24624175e-15
  2.76800000e-05  -2.02313628e-03  -1.24245172e-03  -3.35628413e-03   1.56465351e-14  -1.10081132e-14  -5.35652615e-15
  2.77600000e-05  -2.01004991e-03  -1.24148914e-03  -3.31327010e-03   1.55975351e-14  -1.06842955e-14  -5.45907415e-15
  2.78400000e-05  -1.99760892e-03  -1.24045723e-03  -3.28092213e-03   1.55789855e-14  -1.03808713e-14  -5.56053840e-15
  2.79200000e-05  -1.98396642e-03  -1.23926584e-03  -3.23678890e-03   1.55110284e-14  -1.00634390e-14  -5.65439507e-15
  2.80000000e-05  -1.97105785e-03  -1.23867621e-03  -3.20328419e-03   1.54765822e-14  -9.76571069e-15  -5.74681615e-15
  2.80800000e-05  -1.95848108e-03  -1.23862373e-03  -3.17164547e-03   1.54445570e-14  -9.47502838e-15  -5.83667940e-15
  2.81600000e-05  -1.94635187e-03  -1.23814774e-03  -3.14068700e-03   1.54079900e-14  -9.19013433e-15  -5.92565452e-15
  2.82400000e-05  -1.93377762e-03  -1.23766108e-03  -3.10916648e-03   1.53636382e-14  -8.90737579e-15  -6.00982527e-15
  2.83200000e-05  -1.91935911e-03  -1.23598868e-03  -3.05856820e-03   1.52383295e-14  -8.60529854e-15  -6.08512665e-15
  2.84000000e-05  -1.90758884e-03  -1.23575649e-03  -3.02839796e-03   1.51884067e-14  -8.33574745e-15  -6.16572900e-15
  2.84800000e-05  -1.89306699e-03  -1.23374545e-03  -2.98757148e-03   1.50872705e-14  -8.05358652e-15  -6.23420668e-15
  2.85600000e-05  -1.88079149e-03  -1.23209219e-03  -2.97767454e-03   1.51011859e-14  -7.80660848e-15  -6.30818458e-15
  2.86400000e-05  -1.86879438e-03  -1.23309482e-03  -2.93834919e-03   1.50049385e-14  -7.54103622e-15  -6.37852440e-15
  2.87200000e-05  -1.85751231e-03  -1.23280289e-03  -2.90838286e-03   1.49363789e-14  -7.28889849e-15  -6.44988416e-15
  2.88000000e-05  -1.84588807e-03  -1.23261202e-03  -2.88208729e-03   1.48780904e-14  -7.04207459e-15  -6.51720155e-15
  2.88800000e-05  -1.83229669e-03  -1.23203284e-03  -2.84190241e-03   1.47595227e-14  -6.78561697e-15  -6.57437126e-15
  2.89600000e-05  -1.82217106e-03  -1.23242479e-03  -2.81558079e-03   1.46942724e-14  -6.55128567e-15  -6.64215036e-15
  2.90400000e-05  -1.81144006e-03  -1.23230915e-03  -2.78654180e-03   1.46128162e-14  -6.31763022e-15  -6.70543224e-15
  2.91200000e-05  -1.79945182e-03  -1.23000940e-03  -2.77275183e-03   1.45829237e-14  -6.09031828e-15  -6.76227844e-15
  2.92000000e-05  -1.78987644e-03  -1.23303009e-03  -2.71965205e-03   1.44053067e-14  -5.85864392e-15  -6.82434170e-15
  2.92800000e-05  -1.77928008e-03  -1.23192624e-03  -2.68199899e-03   1.42745534e-14  -5.63572447e-15  -6.88129701e-15
  2.93600000e-05  -1.76866301e-03  -1.23154060e-03  -2.65542127e-03   1.41872681e-14  -5.42055903e-15  -6.93556916e-15
  2.94400000e-05  -1.75571602e-03  -1.23121843e-03  -2.62781292e-03   1.40926324e-14  -5.20284673e-15  -6.97797760e-15
  2.95200000e-05  -1.74410774e-03  -1.23011696e-03  -2.58233234e-03   1.39189146e-14  -4.99042110e-15  -7.02360604e-15
  2.96000000e-05  -1.73213839e-03  -1.23013713e-03  -2.56734179e-03   1.38709252e-14  -4.78529952e-15  -7.06559122e-15
  2.96800000e-05  -1.72094084e-03  -1.22932564e-03  -2.54027586e-03   1.37679206e-14  -4.58469009e-15  -7.10855859e-15
  2.97600000e-05  -1.70843977e-03  -1.22904300e-03  -2.51453130e-03   1.36689673e-14  -4.38452977e-15  -7.14400805e-15
  2.98400000e-05  -1.69683285e-03  -1.22883990e-03  -2.48095522e-03   1.35346491e-14  -4.19115739e-15  -7.18101465e-15
  2.99200000e-05  -1.68435593e-03  -1.22779344e-03  -2.44792862e-03   1.33976744e-14  -4.00022369e-15  -7.21222166e-15
  3.00000000e-05  -1.67341606e-03  -1.22560666e-03  -2.40220288e-03   1.32015581e-14  -3.81992669e-15  -7.24750267e-15
  3.00800000e-05  -1.66230470e-03  -1.22674851e-03  -2.38598154e-03   1.31358419e-14  -3.63946730e-15  -7.28046735e-15
  3.01600000e-05  -1.65079313e-03  -1.22602395e-03  -2.36971218e-03   1.30632221e-14  -3.46051307e-15  -7.30975070e-15
  3.02400000e-05  -1.63997235e-03  -1.22562049e-03  -2.36343425e-03   1.30319488e-14  -3.28266749e-15  -7.34047542e-15
  3.03200000e-05  -1.62557337e-03  -1.22308810e-03  -2.33559656e-03   1.29017526e-14  -3.10531206e-15  -7.35344259e-15
  3.04000000e-05  -1.61431882e-03  -1.22338003e-03  -2.31116169e-03   1.27908015e-14  -2.93823598e-15  -7.37890922e-15
  3.04800000e-05  -1.60456653e-03  -1.22337636e-03  -2.28589494e-03   1.26735794e-14  -2.77850349e-15  -7.40910947e-15
  3.05600000e-05  -1.59304819e-03  -1.22389890e-03  -2.26696137e-03   1.25829086e-14  -2.61531938e-15  -7.43033978e-15
  3.06400000e-05  -1.58171442e-03  -1.22379812e-03  -2.25214473e-03   1.25067856e-14  -2.45332422e-15  -7.45058225e-15
  3.07200000e-05  -1.57115953e-03  -1.22240184e-03  -2.21693671e-03   1.23380517e-14  -2.30735255e-15  -7.47181259e-15
  3.08000000e-05  -1.55952759e-03  -1.22158565e-03  -2.20305238e-03   1.22611230e-14  -2.15050708e-15  -7.48712614e-15
  3.08800000e-05  -1.54911599e-03  -1.22170367e-03  -2.18514744e-03   1.21673687e-14  -2.00136081e-15  -7.50685983e-15
  3.09600000e-05  -1.53848958e-03  -1.22170077e-03  -2.15681673e-03   1.20266089e-14  -1.86192537e-15  -7.52409630e-15
  3.10400000e-05  -1.52880658e-03  -1.21899143e-03  -2.13510746e-03   1.19073016e-14  -1.72350415e-15  -7.54202047e-15
  3.11200000e-05  -1.51917600e-03  -1.21961127e-03  -2.10862810e-03   1.17730530e-14  -1.59212240e-15  -7.56111004e-15
  3.12000000e-05  -1.50944018e-03  -1.21879703e-03  -2.08704058e-03   1.16557443e-14  -1.46018769e-15  -7.57722508e-15
  3.12800000e-05  -1.49882691e-03  -1.21909661e-03  -2.05581837e-03   1.14974999e-14  -1.33805145e-15  -7.58897213e-15
  3.13600000e-05  -1.48897310e-03  -1.21791837e-03  -2.04074139e-03   1.14054910e-14  -1.20685402e-15  -7.60146275e-15
  3.14400000e-05  -1.48045081e-03  -1.21804546e-03  -2.02341549e-03   1.13052074e-14  -1.08281580e-15  -7.61973242e-15
  3.15200000e-05  -1.47113449e-03  -1.21921345e-03  -2.00566876e-03   1.12040524e-14  -9.60141215e-16  -7.63438668e-15
  3.16000000e-05  -1.46194146e-03  -1.21826942e-03  -1.99789453e-03   1.11413251e-14  -8.30068528e-16  -7.64640860e-15
  3.16800000e-05  -1.45142227e-03  -1.21882603e-03  -1.98113925e-03   1.10411724e-14  -7.08516676e-16  -7.65309404e-15
  3.17600000e-05  -1.44152857e-03  -1.21735552e-03  -1.96667996e-03   1.09462413e-14  -5.88223658e-16  -7.65922397e-15
  3.18400000e-05  -1.43080917e-03  -1.21627675e-03  -1.96489928e-03   1.09068029e-14  -4.54116252e-16  -7.66106577e-15
  3.19200000e-05  -1.42513231e-03  -1.21684070e-03  -1.94178920e-03   1.07759075e-14  -3.55502456e-16  -7.68595488e-15
  3.20000000e-05  -1.41388978e-03  -1.21733919e-03  -1.92121227e-03   1.06551768e-14  -2.46648328e-16  -7.68524707e-15
  3.20800000e-05  -1.40490263e-03  -1.21566319e-03  -1.89372754e-03   1.04994438e-14  -1.53621114e-16  -7.69062304e-15
  3.21600000e-05  -1.39446456e-03  -1.21434781e-03  -1.88918250e-03   1.04443688e-14  -3.15186758e-17  -7.68905466e-15
  3.22400000e-05  -1.38534880e-03  -1.21299229e-03  -1.85923024e-03   1.02770876e-14   5.26722676e-17  -7.69202315e-15
  3.23200000e-05  -1.37697559e-03  -1.21130847e-03  -1.85039796e-03   1.02014051e-14   1.60942712e-16  -7.69674272e-15
  3.24000000e-05  -1.36824413e-03  -1.21061466e-03  -1.82155371e-03   1.00389705e-14   2.40022686e-16  -7.70020521e-15
  3.24800000e-05  -1.35841121e-03  -1.20916836e-03  -1.81000811e-03   9.95072899e-15   3.42358604e-16  -7.69673402e-15
  3.25600000e-05  -1.34841528e-03  -1.20892429e-03  -1.78845574e-03   9.82001920e-15   4.28260504e-16  -7.69334019e-15
  3.26400000e-05  -1.33936989e-03  -1.20737484e-03  -1.78449279e-03   9.76389122e-15   5.36299374e-16  -7.69124781e-15
  3.27200000e-05  -1.33002028e-03  -1.20649696e-03  -1.76829620e-03   9.65470289e-15   6.24580796e-16  -7.68791195e-15
  3.28000000e-05  -1.32023272e-03  -1.20588349e-03  -1.74591696e-03   9.51844538e-15   7.01403482e-16  -7.68213733e-15
  3.28800000e-05  -1.31167005e-03  -1.20421903e-03  -1.74257971e-03   9.46357701e-15   8.04329092e-16  -7.67923490e-15
  3.29600000e-05  -1.30252099e-03  -1.20291803e-03  -1.73398232e-03   9.38571637e-15   8.98453243e-16  -7.67358355e-15
  3.30400000e-05  -1.29292494e-03  -1.20117671e-03  -1.71166339e-03   9.24683173e-15   9.68539024e-16  -7.66438423e-15
  3.31200000e-05  -1.28468837e-03  -1.19989396e-03  -1.71014134e-03   9.19932723e-15   1.06932861e-15  -7.66097479e-15
  3.32000000e-05  -1.27518054e-03  -1.19880011e-03  -1.69680034e-03   9.10004060e-15   1.15034685e-15  -7.65159601e-15
  3.32800000e-05  -1.26563712e-03  -1.19726347e-03  -1.68216602e-03   8.99417483e-15   1.22722213e-15  -7.64054773e-15
  3.33600000e-05  -1.25603013e-03  -1.19500820e-03  -1.67064596e-03   8.90064918e-15   1.30779723e-15  -7.62717670e-15
  3.34400000e-05  -1.24569306e-03  -1.19153578e-03  -1.67427018e-03   8.87122597e-15   1.41525870e-15  -7.60758695e-15
  3.35200000e-05  -1.23452169e-03  -1.19013515e-03  -1.67767074e-03   8.84320085e-15   1.52261807e-15  -7.58745098e-15
  3.36000000e-05  -1.22839054e-03  -1.18860322e-03  -1.63756047e-03   8.62575096e-15   1.53997023e-15  -7.58824157e-15
  3.36800000e-05  -1.21929373e-03  -1.18657532e-03  -1.61352657e-03   8.47769919e-15   1.58823607e-15  -7.57432040e-15
  3.37600000e-05  -1.20970800e-03  -1.18502080e-03  -1.63073251e-03   8.50869352e-15   1.71559854e-15  -7.55859992e-15
  3.38400000e-05  -1.20209135e-03  -1.18279758e-03  -1.59574003e-03   8.31277605e-15   1.73661734e-15  -7.54933931e-15
  3.39200000e-05  -1.19296006e-03  -1.18071597e-03  -1.55973635e-03   8.11311308e-15   1.75379237e-15  -7.53290804e-15
  3.40000000e-05  -1.18131341e-03  -1.17540422e-03  -1.57251084e-03   8.12042120e-15   1.87028823e-15  -7.49826763e-15
  3.40800000e-05  -1.17361973e-03  -1.17520905e-03  -1.57010499e-03   8.06770458e-15   1.95084796e-15  -7.49062740e-15
  3.41600000e-05  -1.16234042e-03  -1.17155408e-03  -1.57083820e-03   8.02439023e-15   2.04096914e-15  -7.45982547e-15
  3.42400000e-05  -1.15377655e-03  -1.16885458e-03  -1.56211374e-03   7.94122251e-15   2.10730779e-15  -7.44218066e-15
  3.43200000e-05  -1.14452798e-03  -1.16547638e-03  -1.56033218e-03   7.88720077e-15   2.18760359e-15  -7.41939595e-15
  3.44000000e-05  -1.13520760e-03  -1.16281458e-03  -1.55122657e-03   7.80233260e-15   2.25119632e-15  -7.39736631e-15
  3.44800000e-05  -1.12644263e-03  -1.15991413e-03  -1.55401077e-03   7.76810848e-15   2.33879792e-15  -7.37648254e-15
  3.45600000e-05  -1.11665661e-03  -1.15671274e-03  -1.52712748e-03   7.60709803e-15   2.36002644e-15  -7.35000129e-15
  3.46400000e-05  -1.10802487e-03  -1.15318013e-03  -1.51657408e-03   7.51566873e-15   2.41453858e-15  -7.32700496e-15
  3.47200000e-05  -1.09865047e-03  -1.15042030e-03  -1.50500229e-03   7.42083330e-15   2.46569873e-15  -7.30197686e-15
  3.48000000e-05  -1.08834320e-03  -1.14740524e-03  -1.49932092e-03   7.35080696e-15   2.52979514e-15  -7.27189278e-15
  3.48800000e-05  -1.07940249e-03  -1.14285281e-03  -1.50035954e-03   7.30796072e-15   2.60706716e-15  -7.24341379e-15
  3.49600000e-05  -1.06947223e-03  -1.13933115e-03  -1.49228780e-03   7.22746557e-15   2.66283453e-15  -7.21269994e-15
  3.50400000e-05  -1.06018471e-03  -1.13619211e-03  -1.47571425e-03   7.11176368e-15   2.69609510e-15  -7.18503949e-15
  3.51200000e-05  -1.05037351e-03  -1.13156550e-03  -1.46212195e-03   7.00794489e-15   2.73479284e-15  -7.15094721e-15
  3.52000000e-05  -1.04084036e-03  -1.12748580e-03  -1.45878172e-03   6.94772163e-15   2.79681320e-15  -7.11884179e-15
  3.52800000e-05  -1.03144184e-03  -1.12392745e-03  -1.42984788e-03   6.78110090e-15   2.79433768e-15  -7.08812745e-15
  3.53600000e-05  -1.02205817e-03  -1.11985836e-03  -1.44833187e-03   6.81215052e-15   2.90808634e-15  -7.05574404e-15
  3.54400000e-05  -1.01132623e-03  -1.11548138e-03  -1.44725440e-03   6.76141714e-15   2.97332526e-15  -7.01651866e-15
  3.55200000e-05  -1.00146785e-03  -1.11148707e-03  -1.44210939e-03   6.69416908e-15   3.02659693e-15  -6.98145269e-15
  3.56000000e-05  -9.91488452e-04  -1.10411965e-03  -1.43013728e-03   6.59686321e-15   3.06106307e-15  -6.93674215e-15
  3.56800000e-05  -9.81817821e-04  -1.09942161e-03  -1.43063250e-03   6.55301336e-15   3.12622051e-15  -6.89967526e-15
  3.57600000e-05  -9.71851930e-04  -1.09423176e-03  -1.42209980e-03   6.47192951e-15   3.16692538e-15  -6.85965043e-15
  3.58400000e-05  -9.62505222e-04  -1.09054905e-03  -1.44470158e-03   6.51930695e-15   3.28866143e-15  -6.82584814e-15
  3.59200000e-05  -9.52911593e-04  -1.08562499e-03  -1.42378956e-03   6.38785145e-15   3.29455832e-15  -6.78731805e-15
  3.60000000e-05  -9.42220417e-04  -1.07957394e-03  -1.42217705e-03   6.33508719e-15   3.35102145e-15  -6.74087937e-15
  3.60800000e-05  -9.32547214e-04  -1.07573640e-03  -1.41131926e-03   6.24615769e-15   3.38076219e-15  -6.70411450e-15
  3.61600000e-05  -9.22726126e-04  -1.06957685e-03  -1.43182352e-03   6.28342774e-15   3.49506289e-15  -6.66012336e-15
  3.62400000e-05  -9.12603584e-04  -1.06225389e-03  -1.45000882e-03   6.31022320e-15   3.60356651e-15  -6.61143209e-15
  3.63200000e-05  -9.02516226e-04  -1.05610997e-03  -1.46076831e-03   6.30720268e-15   3.69161663e-15  -6.56579545e-15
  3.64000000e-05  -8.92683759e-04  -1.05076532e-03  -1.45849388e-03   6.25205038e-15   3.74274419e-15  -6.52306450e-15
  3.64800000e-05  -8.83119457e-04  -1.04393054e-03  -1.44479808e-03   6.15095935e-15   3.76049151e-15  -6.47683849e-15
  3.65600000e-05  -8.72803817e-04  -1.03745918e-03  -1.44394383e-03   6.10203738e-15   3.81314219e-15  -6.42813155e-15
  3.66400000e-05  -8.64284585e-04  -1.03317209e-03  -1.44144113e-03   6.04726250e-15   3.85990084e-15  -6.39255908e-15
  3.67200000e-05  -8.53657535e-04  -1.02558053e-03  -1.44230669e-03   6.00502126e-15   3.91610972e-15  -6.33881656e-15
  3.68000000e-05  -8.42670957e-04  -1.01825743e-03  -1.42507829e-03   5.89182445e-15   3.91884977e-15  -6.28405282e-15
  3.68800000e-05  -8.33133049e-04  -1.01223449e-03  -1.42382121e-03   5.84257898e-15   3.96621257e-15  -6.23841161e-15
  3.69600000e-05  -8.23963827e-04  -1.00702670e-03  -1.43559323e-03   5.84466531e-15   4.05117466e-15  -6.19634703e-15
  3.70400000e-05  -8.13778536e-04  -1.00015985e-03  -1.44095782e-03   5.82118667e-15   4.11708700e-15  -6.14514993e-15
  3.71200000e-05  -8.04244853e-04  -9.92240047e-04  -1.43004057e-03   5.73426684e-15   4.13365923e-15  -6.09306969e-15
  3.72000000e-05  -7.93827694e-04  -9.84889184e-04  -1.43372187e-03   5.70460668e-15   4.19301999e-15  -6.03892220e-15
  3.72800000e-05  -7.83558011e-04  -9.77799752e-04  -1.43543095e-03   5.66745443e-15   4.24580005e-15  -5.98588289e-15
  3.73600000e-05  -7.72348930e-04  -9.70892408e-04  -1.44976148e-03   5.67897706e-15   4.33648177e-15  -5.92953338e-15
  3.74400000e-05  -7.62108394e-04  -9.62613494e-04  -1.42168270e-03   5.52810196e-15   4.29634411e-15  -5.87242971e-15
  3.75200000e-05  -7.52095910e-04  -9.55780381e-04  -1.41310346e-03   5.45299776e-15   4.31430466e-15  -5.82031342e-15
  3.76000000e-05  -7.41918589e-04  -9.47507344e-04  -1.41572446e-03   5.42090722e-15   4.36591046e-15  -5.76284743e-15
  3.76800000e-05  -7.31172153e-04  -9.39639830e-04  -1.43333402e-03   5.44545124e-15   4.46406691e-15  -5.70430706e-15
  3.77600000e-05  -7.19762707e-04  -9.31296988e-04  -1.42585368e-03   5.37531641e-15   4.48310576e-15  -5.64157129e-15
  3.78400000e-05  -7.09528376e-04  -9.22881877e-04  -1.41808949e-03   5.30477426e-15   4.50002929e-15  -5.58278121e-15
  3.79200000e-05  -7.00334011e-04  -9.13525324e-04  -1.45423747e-03   5.39848075e-15   4.65606849e-15  -5.52466590e-15
  3.80000000e-05  -6.89670464e-04  -9.05195703e-04  -1.44568013e-03   5.32525702e-15   4.66936936e-15  -5.46411713e-15
  3.80800000e-05  -6.79271962e-04  -8.96653244e-04  -1.45051836e-03   5.30183116e-15   4.72518196e-15  -5.40374750e-15
  3.81600000e-05  -6.69647859e-04  -8.87139406e-04  -1.46015480e-03   5.29625251e-15   4.79610063e-15  -5.34288148e-15
  3.82400000e-05  -6.59108993e-04  -8.78268102e-04  -1.45471110e-03   5.23546213e-15   4.81727541e-15  -5.28049831e-15
  3.83200000e-05  -6.48009239e-04  -8.69156166e-04  -1.45967675e-03   5.21312388e-15   4.87163365e-15  -5.21510181e-15
  3.84000000e-05  -6.37952078e-04  -8.59945837e-04  -1.45865272e-03   5.16916526e-15   4.90586427e-15  -5.15301358e-15
  3.84800000e-05  -6.27894002e-04  -8.51475656e-04  -1.45792028e-03   5.12654647e-15   4.94026468e-15  -5.09317484e-15
  3.85600000e-05  -6.17961069e-04  -8.42368068e-04  -1.46106234e-03   5.09825972e-15   4.98691504e-15  -5.03150605e-15
  3.86400000e-05  -6.07512436e-04  -8.32253461e-04  -1.46581905e-03   5.07612031e-15   5.03833908e-15  -4.96444725e-15
  3.87200000e-05  -5.96655872e-04  -8.22384230e-04  -1.47526354e-03   5.07064743e-15   5.10510949e-15  -4.89661195e-15
  3.88000000e-05  -5.85508077e-04  -8.13073541e-04  -1.48461426e-03   5.06456498e-15   5.17128097e-15  -4.82952079e-15
  3.88800000e-05  -5.75063813e-04  -8.04002214e-04  -1.50375010e-03   5.09269333e-15   5.27076230e-15  -4.76563772e-15
  3.89600000e-05  -5.64089558e-04  -7.94101093e-04  -1.49189962e-03   5.01194765e-15   5.26409816e-15  -4.69697381e-15
  3.90400000e-05  -5.53973422e-04  -7.83734507e-04  -1.49128009e-03   4.97139640e-15   5.29506882e-15  -4.62954590e-15
  3.91200000e-05  -5.43563629e-04  -7.71720547e-04  -1.50574382e-03   4.98375356e-15   5.37769827e-15  -4.55526853e-15
  3.92000000e-05  -5.32024802e-04  -7.61739894e-04  -1.52487166e-03   5.01116562e-15   5.47627084e-15  -4.48402220e-15
  3.92800000e-05  -5.21013984e-04  -7.52462131e-04  -1.53976910e-03   5.02310872e-15   5.56051894e-15  -4.41701928e-15
  3.93600000e-05  -5.12597957e-04  -7.40990295e-04  -1.52357488e-03   4.92982118e-15   5.53602150e-15  -4.35105263e-15
  3.94400000e-05  -5.02804298e-04  -7.29915656e-04  -1.52923203e-03   4.91133990e-15   5.58710390e-15  -4.28159839e-15
  3.95200000e-05  -4.92254649e-04  -7.17950967e-04  -1.53733410e-03   4.90139646e-15   5.64630089e-15  -4.20630909e-15
  3.96000000e-05  -4.81548513e-04  -7.07508188e-04  -1.55283266e-03   4.91535626e-15   5.73174380e-15  -4.13582116e-15
  3.96800000e-05  -4.71351844e-04  -6.96223632e-04  -1.56220233e-03   4.90877322e-15   5.79549242e-15  -4.06395380e-15
  3.97600000e-05  -4.61303127e-04  -6.85642009e-04  -1.56219831e-03   4.87079553e-15   5.82530222e-15  -3.99500184e-15
  3.98400000e-05  -4.50215336e-04  -6.73966357e-04  -1.57285122e-03   4.86850800e-15   5.89270996e-15  -3.91859394e-15
  3.99200000e-05  -4.39943017e-04  -6.62567663e-04  -1.59537964e-03   4.90438557e-15   6.00372528e-15  -3.84580839e-15
  4.00000000e-05  -4.30015268e-04  -6.51241328e-04  -1.60662948e-03   4.90259101e-15   6.07424505e-15  -3.77435401e-15
  4.00800000e-05  -4.20139392e-04  -6.40281556e-04  -1.60864028e-03   4.87064203e-15   6.11070159e-15  -3.70431983e-15
  4.01600000e-05  -4.09773903e-04  -6.28069755e-04  -1.62284041e-03   4.87818944e-15   6.19163107e-15  -3.62804063e-15
  4.02400000e-05  -3.99889441e-04  -6.15064946e-04  -1.62618158e-03   4.85122366e-15   6.23255108e-15  -3.55026578e-15
  4.03200000e-05  -3.90075193e-04  -6.01825962e-04  -1.63059003e-03   4.82786833e-15   6.27706638e-15  -3.47170846e-15
  4.04000000e-05  -3.80043822e-04  -5.91508106e-04  -1.64690008e-03   4.84005439e-15   6.36584210e-15  -3.40329084e-15
  4.04800000e-05  -3.70061871e-04  -5.79593911e-04  -1.63825513e-03   4.77510559e-15   6.36078689e-15  -3.32900398e-15
  4.05600000e-05  -3.60323549e-04  -5.67291359e-04  -1.64811058e-03   4.76817986e-15   6.42481821e-15  -3.25392690e-15
  4.06400000e-05  -3.50124545e-04  -5.54967515e-04  -1.66785485e-03   4.79093489e-15   6.52624871e-15  -3.17730282e-15
  4.07200000e-05  -3.38941130e-04  -5.42804344e-04  -1.68028987e-03   4.79035572e-15   6.59969908e-15  -3.09827132e-15
  4.08000000e-05  -3.29526344e-04  -5.32039352e-04  -1.68517531e-03   4.76572675e-15   6.64525778e-15  -3.02993470e-15
  4.08800000e-05  -3.18855451e-04  -5.18643496e-04  -1.69708388e-03   4.76345113e-15   6.71685676e-15  -2.94770723e-15
  4.09600000e-05  -3.08991680e-04  -5.06320086e-04  -1.71021400e-03   4.76352646e-15   6.79377924e-15  -2.87198966e-15
  4.10400000e-05  -2.99792269e-04  -4.94791091e-04  -1.71325319e-03   4.73284862e-15   6.83201995e-15  -2.80127542e-15
  4.11200000e-05  -2.90250219e-04  -4.82459340e-04  -1.73351504e-03   4.75272192e-15   6.93692508e-15  -2.72640432e-15
  4.12000000e-05  -2.80736011e-04  -4.69675720e-04  -1.75478496e-03   4.77466614e-15   7.04622808e-15  -2.64981925e-15
  4.12800000e-05  -2.70555564e-04  -4.57901066e-04  -1.77227194e-03   4.78355486e-15   7.14096281e-15  -2.57526611e-15
  4.13600000e-05  -2.61472256e-04  -4.44951619e-04  -1.78379829e-03   4.77522995e-15   7.21319832e-15  -2.49922563e-15
  4.14400000e-05  -2.52290070e-04  -4.32039578e-04  -1.80263496e-03   4.78663338e-15   7.31454129e-15  -2.42300382e-15
  4.15200000e-05  -2.43494637e-04  -4.18257267e-04  -1.82142166e-03   4.79735428e-15   7.41630689e-15  -2.34435242e-15
  4.16000000e-05  -2.34290133e-04  -4.05735362e-04  -1.81092574e-03   4.72525311e-15   7.40105208e-15  -2.26952913e-15
  4.16800000e-05  -2.25114186e-04  -3.91034736e-04  -1.85194539e-03   4.79561453e-15   7.59227787e-15  -2.18602842e-15
  4.17600000e-05  -2.15964607e-04  -3.78323321e-04  -1.86530377e-03   4.78716931e-15   7.67319310e-15  -2.11054473e-15
  4.18400000e-05  -2.07123597e-04  -3.65600483e-04  -1.87020428e-03   4.75510277e-15   7.72025900e-15  -2.03583344e-15
  4.19200000e-05  -1.98612761e-04  -3.52975388e-04  -1.90440457e-03   4.80000904e-15   7.88672856e-15  -1.96237931e-15
  4.20000000e-05  -1.90292736e-04  -3.38274975e-04  -1.90293100e-03   4.75074416e-15   7.90845870e-15  -1.88092253e-15
  4.20800000e-05  -1.81496719e-04  -3.25010708e-04  -1.92248726e-03   4.75473719e-15   8.01587171e-15  -1.80402409e-15
  4.21600000e-05  -1.72675657e-04  -3.12483940e-04  -1.93786865e-03   4.74597140e-15   8.10654035e-15  -1.73008496e-15
  4.22400000e-05  -1.63974145e-04  -2.98521607e-04  -1.95100587e-03   4.73107098e-15   8.18845124e-15  -1.65053473e-15
  4.23200000e-05  -1.55911509e-04  -2.85197683e-04  -1.96880398e-03   4.72648206e-15   8.29025560e-15  -1.57520741e-15
  4.24000000e-05  -1.47163146e-04  -2.71321550e-04  -1.99564987e-03   4.74298972e-15   8.42981744e-15  -1.49584577e-15
  4.24800000e-05  -1.39128581e-04  -2.59485795e-04  -1.99866103e-03   4.69764957e-15   8.47077734e-15  -1.42676705e-15
  4.25600000e-05  -1.30726224e-04  -2.46683468e-04  -2.00665255e-03   4.66462819e-15   8.53214996e-15  -1.35276511e-15
  4.26400000e-05  -1.22429209e-04  -2.33441921e-04  -2.01822970e-03   4.63978439e-15   8.60862758e-15  -1.27718846e-15
  4.27200000e-05  -1.14231193e-04  -2.21764174e-04  -2.07480268e-03   4.71815315e-15   8.87615770e-15  -1.20848795e-15
  4.28000000e-05  -1.06575441e-04  -2.07008744e-04  -2.06485341e-03   4.64021174e-15   8.86284736e-15  -1.12803141e-15
  4.28800000e-05  -9.85122509e-05  -1.95588781e-04  -2.08392336e-03   4.62618293e-15   8.97261659e-15  -1.06082540e-15
  4.29600000e-05  -8.99226054e-05  -1.80594491e-04  -2.11778894e-03   4.64637552e-15   9.14587336e-15  -9.77202448e-16
  4.30400000e-05  -8.25974295e-05  -1.67451638e-04  -2.14107908e-03   4.63819903e-15   9.27579355e-15  -9.04380488e-16
  4.31200000e-05  -7.69849065e-05  -1.52732737e-04  -2.15617213e-03   4.61104848e-15   9.37218925e-15  -8.28515135e-16
  4.32000000e-05  -6.96817248e-05  -1.41950397e-04  -2.16599920e-03   4.56789535e-15   9.44459257e-15  -7.65910944e-16
  4.32800000e-05  -6.21257856e-05  -1.28543811e-04  -2.18279541e-03   4.54032322e-15   9.54714774e-15  -6.91451839e-16
  4.33600000e-05  -5.60247426e-05  -1.16971712e-04  -2.21420072e-03   4.53984965e-15   9.71500405e-15  -6.28093269e-16
  4.34400000e-05  -4.99300950e-05  -1.03559646e-04  -2.22898065e-03   4.50343773e-15   9.81084052e-15  -5.56695834e-16
  4.35200000e-05  -4.37146311e-05  -9.05932942e-05  -2.24909732e-03   4.47573652e-15   9.93020285e-15  -4.86979799e-16
  4.36000000e-05  -3.64681204e-05  -7.82169662e-05  -2.26760024e-03   4.44200967e-15   1.00420160e-14  -4.17819577e-16
  4.36800000e-05  -2.98291187e-05  -6.45068778e-05  -2.29336182e-03   4.42125263e-15   1.01867863e-14  -3.44036359e-16
  4.37600000e-05  -2.34068574e-05  -5.18085138e-05  -2.30392394e-03   4.36789681e-15   1.02646064e-14  -2.75196907e-16
  4.38400000e-05  -1.80650273e-05  -3.94040565e-05  -2.32566163e-03   4.33361050e-15   1.03931535e-14  -2.09755019e-16
