       time             b_x              b_y              b_z              F_x              F_y              F_z
  0.00000000e+00  -3.55834453e-03  -2.19628341e-03  -1.57368596e-02   2.25745643e-14  -5.58970850e-15  -4.32433759e-15
  8.00000000e-08  -3.10747357e-03  -1.92012893e-03  -1.43079418e-02   2.03503713e-14  -3.33291824e-15  -3.97252164e-15
  1.60000000e-07  -2.76932700e-03  -1.71297036e-03  -1.31361873e-02   1.85366626e-14  -1.71442398e-15  -3.68427472e-15
  2.40000000e-07  -2.50535003e-03  -1.55192950e-03  -1.21614382e-02   1.70271338e-14  -5.06693441e-16  -3.44306135e-15
  3.20000000e-07  -2.29167203e-03  -1.42158234e-03  -1.13334160e-02   1.57371946e-14   4.22450893e-16  -3.23512676e-15
  4.00000000e-07  -2.11760776e-03  -1.31571499e-03  -1.06256633e-02   1.46329323e-14   1.14381953e-15  -3.05785629e-15
  4.80000000e-07  -1.95789823e-03  -1.21612328e-03  -1.00136205e-02   1.36161988e-14   1.78364256e-15  -2.87890487e-15
  5.60000000e-07  -1.82935100e-03  -1.13960584e-03  -9.46215353e-03   1.27430564e-14   2.24698577e-15  -2.73428253e-15
  6.40000000e-07  -1.75157094e-03  -1.09001258e-03  -8.96060531e-03   1.20326966e-14   2.45035698e-15  -2.65016044e-15
  7.20000000e-07  -1.66424085e-03  -1.03772481e-03  -8.53714674e-03   1.13697350e-14   2.72661872e-15  -2.54786031e-15
  8.00000000e-07  -1.58346969e-03  -9.91124411e-04  -8.16522231e-03   1.07737979e-14   2.98215669e-15  -2.45133200e-15
  8.80000000e-07  -1.48678927e-03  -9.28702863e-04  -7.83494401e-03   1.01355989e-14   3.31764508e-15  -2.31662233e-15
  9.60000000e-07  -1.42117915e-03  -8.88079842e-04  -7.51693863e-03   9.61185372e-15   3.48359536e-15  -2.22881651e-15
  1.04000000e-06  -1.36087200e-03  -8.53542943e-04  -7.24542344e-03   9.15431480e-15   3.65254777e-15  -2.14969589e-15
  1.12000000e-06  -1.29753554e-03  -8.13034540e-04  -6.99598831e-03   8.68866806e-15   3.83626716e-15  -2.05730380e-15
  1.20000000e-06  -1.24219828e-03  -7.80217895e-04  -6.76408658e-03   8.27349786e-15   3.97999447e-15  -1.97847670e-15
  1.28000000e-06  -1.19141371e-03  -7.49035243e-04  -6.55562308e-03   7.88603125e-15   4.11266226e-15  -1.90310738e-15
  1.36000000e-06  -1.15505398e-03  -7.30874763e-04  -6.35591350e-03   7.56853865e-15   4.17059823e-15  -1.85500569e-15
  1.44000000e-06  -1.10244808e-03  -6.94630840e-04  -6.18839899e-03   7.19163222e-15   4.33291920e-15  -1.76752993e-15
  1.52000000e-06  -1.06107332e-03  -6.68229751e-04  -6.02557669e-03   6.86634961e-15   4.43361595e-15  -1.70081222e-15
  1.60000000e-06  -1.02247184e-03  -6.45757249e-04  -5.87580385e-03   6.57064833e-15   4.52663804e-15  -1.64086693e-15
  1.68000000e-06  -9.78054314e-04  -6.18210716e-04  -5.74247393e-03   6.26469788e-15   4.65875335e-15  -1.56854104e-15
  1.76000000e-06  -9.40260515e-04  -5.95054014e-04  -5.60758633e-03   5.98036176e-15   4.74512077e-15  -1.50629891e-15
  1.84000000e-06  -9.02345688e-04  -5.71843126e-04  -5.49070350e-03   5.70922372e-15   4.84961183e-15  -1.44333246e-15
  1.92000000e-06  -8.66472035e-04  -5.48576662e-04  -5.38037284e-03   5.44376921e-15   4.94514820e-15  -1.38088324e-15
  2.00000000e-06  -8.27468663e-04  -5.24856699e-04  -5.28195221e-03   5.18460989e-15   5.06500473e-15  -1.31551813e-15
  2.08000000e-06  -7.95144584e-04  -5.05604208e-04  -5.17603728e-03   4.94419617e-15   5.13267255e-15  -1.26089734e-15
  2.16000000e-06  -7.61146207e-04  -4.82809501e-04  -5.11441211e-03   4.71106509e-15   5.27518572e-15  -1.19910539e-15
  2.24000000e-06  -7.21481297e-04  -4.58662796e-04  -5.03946868e-03   4.46599518e-15   5.41361366e-15  -1.13209458e-15
  2.32000000e-06  -6.88811728e-04  -4.39359498e-04  -4.95220016e-03   4.23865319e-15   5.49161000e-15  -1.07677898e-15
  2.40000000e-06  -6.53593663e-04  -4.16844488e-04  -4.90210989e-03   4.01449898e-15   5.63958124e-15  -1.01480374e-15
  2.48000000e-06  -6.17971188e-04  -3.94780809e-04  -4.82270925e-03   3.78033483e-15   5.73161027e-15  -9.53585942e-16
  2.56000000e-06  -5.81924300e-04  -3.71812013e-04  -4.78094785e-03   3.55856423e-15   5.88635557e-15  -8.90918046e-16
  2.64000000e-06  -5.46144478e-04  -3.51924839e-04  -4.70210494e-03   3.33643069e-15   5.96806072e-15  -8.34197036e-16
  2.72000000e-06  -5.11865591e-04  -3.27326450e-04  -4.67939538e-03   3.11401432e-15   6.13851003e-15  -7.70025438e-16
  2.80000000e-06  -4.75008679e-04  -3.05934630e-04  -4.60339254e-03   2.88809629e-15   6.21911649e-15  -7.11326241e-16
  2.88000000e-06  -4.38118137e-04  -2.80957131e-04  -4.57919076e-03   2.66287985e-15   6.38921503e-15  -6.46784910e-16
  2.96000000e-06  -4.01092743e-04  -2.58238625e-04  -4.53653849e-03   2.44170519e-15   6.52152673e-15  -5.87112913e-16
  3.04000000e-06  -3.63349603e-04  -2.33877464e-04  -4.50136118e-03   2.21492282e-15   6.66632835e-15  -5.25151215e-16
  3.12000000e-06  -3.25312126e-04  -2.08892494e-04  -4.46728765e-03   1.98509298e-15   6.81006772e-15  -4.62998359e-16
  3.20000000e-06  -2.85921552e-04  -1.83335667e-04  -4.43936881e-03   1.75326223e-15   6.96708074e-15  -4.00644761e-16
  3.28000000e-06  -2.46418054e-04  -1.57919170e-04  -4.41233333e-03   1.52135721e-15   7.12201489e-15  -3.39863843e-16
  3.36000000e-06  -2.06781013e-04  -1.32747127e-04  -4.38534733e-03   1.28953483e-15   7.27357186e-15  -2.80980500e-16
  3.44000000e-06  -1.65961857e-04  -1.05178845e-04  -4.35513786e-03   1.04553404e-15   7.42032029e-15  -2.19046909e-16
  3.52000000e-06  -1.22765614e-04  -7.82364935e-05  -4.33262966e-03   8.04467903e-16   7.58820504e-15  -1.59818771e-16
  3.60000000e-06  -7.68488743e-05  -4.92824498e-05  -4.29905841e-03   5.52118365e-16   7.74360508e-15  -9.86386932e-17
  3.68000000e-06  -3.26621139e-05  -2.08477371e-05  -4.27965984e-03   3.02381775e-16   7.91380771e-15  -4.08587171e-17
  3.76000000e-06   1.39229559e-05   8.87259160e-06  -4.25436805e-03   4.50502617e-17   8.07988166e-15   1.69982291e-17
  3.84000000e-06   6.21087682e-05   3.98187822e-05  -4.25999441e-03  -2.19611612e-16   8.30747408e-15   7.44493218e-17
  3.92000000e-06   1.11628956e-04   7.22539492e-05  -4.24966198e-03  -4.94025811e-16   8.50702948e-15   1.31661975e-16
  4.00000000e-06   1.62017105e-04   1.03662561e-04  -4.20611459e-03  -7.63531376e-16   8.64397481e-15   1.83625864e-16
  4.08000000e-06   2.12987107e-04   1.36944506e-04  -4.23393299e-03  -1.04920720e-15   8.91372210e-15   2.35529864e-16
  4.16000000e-06   2.64343635e-04   1.71844349e-04  -4.17818477e-03  -1.33547533e-15   9.02429506e-15   2.86667482e-16
  4.24000000e-06   3.23085806e-04   2.08393835e-04  -4.18670274e-03  -1.63931395e-15   9.28473545e-15   3.35644215e-16
  4.32000000e-06   3.78854592e-04   2.42660701e-04  -4.18685116e-03  -1.93532484e-15   9.51164360e-15   3.76152708e-16
  4.40000000e-06   4.36307236e-04   2.82345546e-04  -4.15120957e-03  -2.25086311e-15   9.67555232e-15   4.21511179e-16
  4.48000000e-06   4.97915992e-04   3.20924332e-04  -4.14804823e-03  -2.57051894e-15   9.91435583e-15   4.58494073e-16
  4.56000000e-06   5.59147251e-04   3.60439241e-04  -4.12263986e-03  -2.89083412e-15   1.01061707e-14   4.91495402e-16
  4.64000000e-06   6.23005325e-04   4.01601279e-04  -4.12027404e-03  -3.22810801e-15   1.03479091e-14   5.20500583e-16
  4.72000000e-06   6.90926082e-04   4.44209076e-04  -4.09668676e-03  -3.56718283e-15   1.05650174e-14   5.43955902e-16
  4.80000000e-06   7.58146601e-04   4.88048677e-04  -4.08917299e-03  -3.92036169e-15   1.08037434e-14   5.62593898e-16
  4.88000000e-06   8.29660723e-04   5.32514764e-04  -4.06921195e-03  -4.27377795e-15   1.10351428e-14   5.72737622e-16
  4.96000000e-06   9.00338719e-04   5.79469619e-04  -4.05000825e-03  -4.64091527e-15   1.12597355e-14   5.79326947e-16
  5.04000000e-06   9.73359423e-04   6.26949701e-04  -4.03308467e-03  -5.01350807e-15   1.14946340e-14   5.76881528e-16
  5.12000000e-06   1.05150552e-03   6.74129609e-04  -4.00727064e-03  -5.38184357e-15   1.17329122e-14   5.61595533e-16
  5.20000000e-06   1.12755947e-03   7.25103025e-04  -3.99169113e-03  -5.77530809e-15   1.19750106e-14   5.43908081e-16
  5.28000000e-06   1.20950447e-03   7.75236388e-04  -3.98573692e-03  -6.17389357e-15   1.22554688e-14   5.10202637e-16
  5.36000000e-06   1.28978989e-03   8.27454266e-04  -3.95029242e-03  -6.56389396e-15   1.24740591e-14   4.69754935e-16
  5.44000000e-06   1.37357751e-03   8.79455071e-04  -3.91157846e-03  -6.95060028e-15   1.26994027e-14   4.14504249e-16
  5.52000000e-06   1.45988471e-03   9.33487074e-04  -3.88203598e-03  -7.35369335e-15   1.29474500e-14   3.47944409e-16
  5.60000000e-06   1.55051504e-03   9.86522525e-04  -3.84119257e-03  -7.74330626e-15   1.31930479e-14   2.62711668e-16
  5.68000000e-06   1.63714931e-03   1.04262294e-03  -3.80444898e-03  -8.14976417e-15   1.34233344e-14   1.71666291e-16
  5.76000000e-06   1.72594721e-03   1.09702644e-03  -3.76211371e-03  -8.54253420e-15   1.36511199e-14   6.15814303e-17
  5.84000000e-06   1.81954349e-03   1.15383047e-03  -3.72152816e-03  -8.94659714e-15   1.39000153e-14  -6.46135923e-17
  5.92000000e-06   1.91034601e-03   1.21183998e-03  -3.67165079e-03  -9.34488017e-15   1.41190112e-14  -2.02081401e-16
  6.00000000e-06   2.00496031e-03   1.26930858e-03  -3.60636220e-03  -9.72110728e-15   1.43302282e-14  -3.60738215e-16
  6.08000000e-06   2.09909930e-03   1.32791975e-03  -3.56557165e-03  -1.01258114e-14   1.45716957e-14  -5.34287659e-16
  6.16000000e-06   2.19526324e-03   1.38415732e-03  -3.48531546e-03  -1.04700647e-14   1.47649185e-14  -7.30946228e-16
  6.24000000e-06   2.28830992e-03   1.44105331e-03  -3.41923445e-03  -1.08276656e-14   1.49623011e-14  -9.40438886e-16
  6.32000000e-06   2.38479588e-03   1.49878519e-03  -3.34955441e-03  -1.11782564e-14   1.51691011e-14  -1.17109179e-15
  6.40000000e-06   2.48014528e-03   1.55598719e-03  -3.27208335e-03  -1.15091240e-14   1.53595074e-14  -1.41961627e-15
  6.48000000e-06   2.57929795e-03   1.61655087e-03  -3.18859593e-03  -1.18383958e-14   1.55593244e-14  -1.68798764e-15
  6.56000000e-06   2.67128489e-03   1.66747009e-03  -3.11008263e-03  -1.21217735e-14   1.57321529e-14  -1.97673717e-15
  6.64000000e-06   2.76389510e-03   1.72329345e-03  -3.02744653e-03  -1.24116403e-14   1.59027691e-14  -2.27892844e-15
  6.72000000e-06   2.85780812e-03   1.77387689e-03  -2.92105340e-03  -1.26298330e-14   1.60536886e-14  -2.60740603e-15
  6.80000000e-06   2.94408511e-03   1.82797703e-03  -2.82561712e-03  -1.28680845e-14   1.61835607e-14  -2.93796312e-15
  6.88000000e-06   3.03337934e-03   1.87439121e-03  -2.70645793e-03  -1.30184418e-14   1.63050802e-14  -3.29869286e-15
  6.96000000e-06   3.11602346e-03   1.92058675e-03  -2.59434315e-03  -1.31638680e-14   1.64068631e-14  -3.66494222e-15
  7.04000000e-06   3.19927646e-03   1.96606153e-03  -2.47850180e-03  -1.32833357e-14   1.65110612e-14  -4.04893841e-15
  7.12000000e-06   3.28168258e-03   2.01315764e-03  -2.36330005e-03  -1.33944429e-14   1.66151238e-14  -4.44609079e-15
  7.20000000e-06   3.35889660e-03   2.05354337e-03  -2.23652104e-03  -1.34360876e-14   1.66900330e-14  -4.85429034e-15
  7.28000000e-06   3.43129311e-03   2.09228629e-03  -2.10725445e-03  -1.34465814e-14   1.67460118e-14  -5.26832978e-15
  7.36000000e-06   3.49661252e-03   2.12623529e-03  -1.96401604e-03  -1.33876387e-14   1.67658622e-14  -5.68387279e-15
  7.44000000e-06   3.55749906e-03   2.15565385e-03  -1.83063809e-03  -1.33080965e-14   1.67789422e-14  -6.10385493e-15
  7.52000000e-06   3.61750635e-03   2.18555288e-03  -1.68744634e-03  -1.31888862e-14   1.67876431e-14  -6.53093242e-15
  7.60000000e-06   3.67265850e-03   2.21141009e-03  -1.54636054e-03  -1.30349762e-14   1.67824601e-14  -6.95834779e-15
  7.68000000e-06   3.72374454e-03   2.23469672e-03  -1.39414581e-03  -1.28228796e-14   1.67599524e-14  -7.38496435e-15
  7.76000000e-06   3.76584855e-03   2.25358504e-03  -1.23870394e-03  -1.25614252e-14   1.67041882e-14  -7.79856743e-15
  7.84000000e-06   3.80464489e-03   2.26852345e-03  -1.08826431e-03  -1.22720616e-14   1.66436904e-14  -8.20961815e-15
  7.92000000e-06   3.83588772e-03   2.27908978e-03  -9.28566576e-04  -1.19190864e-14   1.65543955e-14  -8.60608592e-15
  8.00000000e-06   3.86657913e-03   2.28722145e-03  -7.79933839e-04  -1.15608436e-14   1.64740627e-14  -9.00215729e-15
  8.08000000e-06   3.88824378e-03   2.29220160e-03  -6.15450269e-04  -1.11271343e-14   1.63575432e-14  -9.37561380e-15
  8.16000000e-06   3.90526118e-03   2.29190432e-03  -4.67032915e-04  -1.06913091e-14   1.62333693e-14  -9.73598440e-15
  8.24000000e-06   3.91358459e-03   2.28779766e-03  -3.07962249e-04  -1.01909013e-14   1.60773978e-14  -1.00698096e-14
  8.32000000e-06   2.87274985e-03   1.66391626e-03  -1.51778668e-04  -7.16695395e-15   1.16796601e-14  -7.60903656e-15
  8.40000000e-06  -3.53599231e-04  -2.45648789e-04  -3.37689767e-06   9.84220480e-16  -1.42962608e-15   9.37638552e-16
  8.48000000e-06  -3.74712079e-03  -2.23332539e-03  -1.57290416e-04   8.64493309e-15  -1.51984690e-14   9.85131918e-15
  8.56000000e-06  -4.45480033e-03  -2.63947832e-03  -3.00775258e-04   1.00281695e-14  -1.82168932e-14   1.13360448e-14
  8.64000000e-06  -4.43545230e-03  -2.61855345e-03  -4.41062874e-04   9.69907832e-15  -1.82661828e-14   1.09081429e-14
  8.72000000e-06  -4.40787479e-03  -2.59243053e-03  -5.89167628e-04   9.34093748e-15  -1.82611838e-14   1.04675942e-14
  8.80000000e-06  -4.37114773e-03  -2.56228625e-03  -7.36576611e-04   8.98069981e-15  -1.81996269e-14   1.00148282e-14
  8.88000000e-06  -4.32848614e-03  -2.52878773e-03  -8.79888414e-04   8.62871049e-15  -1.80960657e-14   9.56013851e-15
  8.96000000e-06  -4.27871953e-03  -2.49137876e-03  -1.01887523e-03   8.28185322e-15  -1.79460747e-14   9.10292253e-15
  9.04000000e-06  -4.22286539e-03  -2.45159979e-03  -1.15607363e-03   7.93953802e-15  -1.77533732e-14   8.64699731e-15
  9.12000000e-06  -4.16083422e-03  -2.40825361e-03  -1.28916656e-03   7.60089185e-15  -1.75189715e-14   8.19450012e-15
  9.20000000e-06  -4.09526210e-03  -2.36460001e-03  -1.41652924e-03   7.28237921e-15  -1.72557830e-14   7.75117996e-15
  9.28000000e-06  -4.02194262e-03  -2.31519818e-03  -1.54361703e-03   6.94723472e-15  -1.69435721e-14   7.31162430e-15
  9.36000000e-06  -3.94455822e-03  -2.26625551e-03  -1.65733373e-03   6.64891434e-15  -1.66057072e-14   6.88198488e-15
  9.44000000e-06  -3.86240494e-03  -2.21487972e-03  -1.77460269e-03   6.33823874e-15  -1.62313068e-14   6.46316371e-15
  9.52000000e-06  -3.77840601e-03  -2.16077602e-03  -1.87020833e-03   6.06271355e-15  -1.58480835e-14   6.06176612e-15
  9.60000000e-06  -3.69747165e-03  -2.10984404e-03  -1.98137908e-03   5.77507422e-15  -1.54583648e-14   5.68370072e-15
  9.68000000e-06  -3.61098851e-03  -2.05604912e-03  -2.07874922e-03   5.50417518e-15  -1.50411135e-14   5.31557860e-15
  9.76000000e-06  -3.52377474e-03  -2.00259219e-03  -2.16936434e-03   5.24937828e-15  -1.46150583e-14   4.96476085e-15
  9.84000000e-06  -3.43205840e-03  -1.94817499e-03  -2.25594438e-03   4.99882577e-15  -1.41622188e-14   4.62521090e-15
  9.92000000e-06  -3.34149494e-03  -1.89509367e-03  -2.33410139e-03   4.76949819e-15  -1.37119867e-14   4.30497372e-15
  1.00000000e-05  -3.24975392e-03  -1.83982636e-03  -2.40781559e-03   4.53744346e-15  -1.32521686e-14   4.00201515e-15
  1.00800000e-05  -3.16116739e-03  -1.78819241e-03  -2.48252967e-03   4.32005977e-15  -1.27996789e-14   3.71872958e-15
  1.01600000e-05  -3.07346457e-03  -1.73621643e-03  -2.54457844e-03   4.12009953e-15  -1.23543553e-14   3.45316720e-15
  1.02400000e-05  -2.98886577e-03  -1.68706230e-03  -2.60664520e-03   3.93169759e-15  -1.19183702e-14   3.20554430e-15
  1.03200000e-05  -2.90327437e-03  -1.63690615e-03  -2.66107868e-03   3.74833345e-15  -1.14788662e-14   2.97149658e-15
  1.04000000e-05  -2.81819610e-03  -1.58722560e-03  -2.71065415e-03   3.57184980e-15  -1.10415500e-14   2.75182933e-15
  1.04800000e-05  -2.73490589e-03  -1.53866391e-03  -2.76082791e-03   3.39731089e-15  -1.06086127e-14   2.54697652e-15
  1.05600000e-05  -2.64971302e-03  -1.48981939e-03  -2.80866165e-03   3.22206857e-15  -1.01657263e-14   2.35255791e-15
  1.06400000e-05  -2.56978233e-03  -1.44551274e-03  -2.84850747e-03   3.07581119e-15  -9.75092708e-15   2.17339226e-15
  1.07200000e-05  -2.49509082e-03  -1.40306594e-03  -2.87427242e-03   2.95301528e-15  -9.36960411e-15   2.01029347e-15
  1.08000000e-05  -2.42284683e-03  -1.36253182e-03  -2.91999631e-03   2.81109763e-15  -8.98199874e-15   1.85870103e-15
  1.08800000e-05  -2.35254452e-03  -1.32405485e-03  -2.95084352e-03   2.69425854e-15  -8.61385419e-15   1.71708604e-15
  1.09600000e-05  -2.28152459e-03  -1.28451019e-03  -2.98119002e-03   2.56986579e-15  -8.24145582e-15   1.58427406e-15
  1.10400000e-05  -2.21394871e-03  -1.24705406e-03  -3.00789525e-03   2.45631025e-15  -7.88711237e-15   1.46198927e-15
  1.11200000e-05  -2.14663036e-03  -1.21038318e-03  -3.02978222e-03   2.34856221e-15  -7.53718540e-15   1.34708938e-15
  1.12000000e-05  -2.08362175e-03  -1.17460785e-03  -3.04957045e-03   2.24392794e-15  -7.20860977e-15   1.24338580e-15
  1.12800000e-05  -2.02036368e-03  -1.14133342e-03  -3.06107338e-03   2.15656232e-15  -6.88546788e-15   1.14390411e-15
  1.13600000e-05  -1.96133002e-03  -1.10784966e-03  -3.08159636e-03   2.05543238e-15  -6.57401537e-15   1.05518021e-15
  1.14400000e-05  -1.90631833e-03  -1.07751974e-03  -3.08920423e-03   1.97930933e-15  -6.29251451e-15   9.73427043e-16
  1.15200000e-05  -1.85359813e-03  -1.04947691e-03  -3.10868777e-03   1.89902927e-15  -6.01116503e-15   8.97015707e-16
  1.16000000e-05  -1.80048477e-03  -1.01826685e-03  -3.11380789e-03   1.81491777e-15  -5.74061201e-15   8.27842696e-16
  1.16800000e-05  -1.75027433e-03  -9.92874927e-04  -3.12786151e-03   1.74673213e-15  -5.47575549e-15   7.60736982e-16
  1.17600000e-05  -1.70340353e-03  -9.66655223e-04  -3.14944205e-03   1.66492489e-15  -5.21993067e-15   7.01658985e-16
  1.18400000e-05  -1.65695678e-03  -9.41460452e-04  -3.16351778e-03   1.59244581e-15  -4.97297185e-15   6.45876705e-16
  1.19200000e-05  -1.61398412e-03  -9.18981638e-04  -3.16640623e-03   1.54027134e-15  -4.75273814e-15   5.94271693e-16
  1.20000000e-05  -1.57320173e-03  -8.95834404e-04  -3.18445967e-03   1.46910731e-15  -4.52906005e-15   5.48314577e-16
  1.20800000e-05  -1.53150478e-03  -8.73715833e-04  -3.18277747e-03   1.41759988e-15  -4.31949838e-15   5.03633428e-16
  1.21600000e-05  -1.49484180e-03  -8.55090764e-04  -3.20664433e-03   1.35853291e-15  -4.11020970e-15   4.62730015e-16
  1.22400000e-05  -1.45843724e-03  -8.35054060e-04  -3.21306291e-03   1.30545835e-15  -3.91855671e-15   4.25848374e-16
  1.23200000e-05  -1.42338554e-03  -8.17460413e-04  -3.20491070e-03   1.27373224e-15  -3.74715263e-15   3.90069175e-16
  1.24000000e-05  -1.38851203e-03  -7.98681753e-04  -3.22269114e-03   1.21314730e-15  -3.55248305e-15   3.57723942e-16
  1.24800000e-05  -1.35563309e-03  -7.81425077e-04  -3.20830880e-03   1.18345371e-15  -3.39786908e-15   3.27540510e-16
  1.25600000e-05  -1.32424323e-03  -7.65291267e-04  -3.22951003e-03   1.12907147e-15  -3.21685705e-15   2.99323226e-16
  1.26400000e-05  -1.29795581e-03  -7.50209422e-04  -3.22707097e-03   1.09643293e-15  -3.08277269e-15   2.75669062e-16
  1.27200000e-05  -1.27250200e-03  -7.37743287e-04  -3.24122227e-03   1.06185325e-15  -2.93703129e-15   2.51622589e-16
  1.28000000e-05  -1.24588603e-03  -7.23502289e-04  -3.23743963e-03   1.03088597e-15  -2.80312164e-15   2.29718105e-16
  1.28800000e-05  -1.22076534e-03  -7.10928730e-04  -3.22856224e-03   1.00975255e-15  -2.68152430e-15   2.08669275e-16
  1.29600000e-05  -1.19699472e-03  -7.00688040e-04  -3.23741715e-03   9.85338456e-16  -2.54925814e-15   1.87430204e-16
  1.30400000e-05  -1.17441289e-03  -6.88976123e-04  -3.21836256e-03   9.72505119e-16  -2.44992449e-15   1.69594605e-16
  1.31200000e-05  -1.15599755e-03  -6.80242210e-04  -3.22468042e-03   9.54335003e-16  -2.34583129e-15   1.52735922e-16
  1.32000000e-05  -1.13767909e-03  -6.71653772e-04  -3.21138204e-03   9.49631574e-16  -2.26138688e-15   1.36543408e-16
  1.32800000e-05  -1.11734451e-03  -6.60771253e-04  -3.24169829e-03   9.02235276e-16  -2.12480677e-15   1.22128453e-16
  1.33600000e-05  -1.10186510e-03  -6.54573062e-04  -3.23687024e-03   9.00555588e-16  -2.04584824e-15   1.07161039e-16
  1.34400000e-05  -1.08610277e-03  -6.47633391e-04  -3.22629188e-03   8.98118566e-16  -1.97133558e-15   9.33745914e-17
  1.35200000e-05  -1.07394136e-03  -6.41045198e-04  -3.23490313e-03   8.83455877e-16  -1.89499009e-15   8.22264163e-17
  1.36000000e-05  -1.05984288e-03  -6.34245904e-04  -3.22619137e-03   8.78534220e-16  -1.82671969e-15   7.05107708e-17
  1.36800000e-05  -1.04672794e-03  -6.27818302e-04  -3.23976045e-03   8.59712785e-16  -1.74097910e-15   5.96134050e-17
  1.37600000e-05  -1.03468045e-03  -6.22167800e-04  -3.22294547e-03   8.63667597e-16  -1.69079688e-15   4.91287853e-17
  1.38400000e-05  -1.02406700e-03  -6.18573704e-04  -3.24170616e-03   8.53610012e-16  -1.61168572e-15   3.78789932e-17
  1.39200000e-05  -1.01433198e-03  -6.14274583e-04  -3.22762545e-03   8.60581258e-16  -1.56975526e-15   2.83011973e-17
  1.40000000e-05  -1.00532978e-03  -6.11747686e-04  -3.22408799e-03   8.68656219e-16  -1.52062039e-15   1.76639228e-17
  1.40800000e-05  -9.97949791e-04  -6.09021831e-04  -3.22942692e-03   8.69556906e-16  -1.47012669e-15   8.53560654e-18
  1.41600000e-05  -9.90017389e-04  -6.05584952e-04  -3.22324997e-03   8.73751296e-16  -1.42865684e-15   4.47089770e-20
  1.42400000e-05  -9.84342216e-04  -6.03374458e-04  -3.22590535e-03   8.77801543e-16  -1.38883382e-15  -8.08153421e-18
  1.43200000e-05  -9.80224938e-04  -6.03957295e-04  -3.22424087e-03   8.97331626e-16  -1.36068730e-15  -1.79235423e-17
  1.44000000e-05  -9.75606015e-04  -6.01807697e-04  -3.22102244e-03   9.04498707e-16  -1.33156835e-15  -2.51740856e-17
  1.44800000e-05  -9.71270074e-04  -6.00322334e-04  -3.22388766e-03   9.10744063e-16  -1.29744939e-15  -3.27835886e-17
  1.45600000e-05  -9.67522249e-04  -5.99055565e-04  -3.21291110e-03   9.26015845e-16  -1.28029240e-15  -4.01426137e-17
  1.46400000e-05  -9.64788949e-04  -5.98996681e-04  -3.19459865e-03   9.51129457e-16  -1.27542215e-15  -4.81016774e-17
  1.47200000e-05  -9.62086776e-04  -6.00484410e-04  -3.19609808e-03   9.71615017e-16  -1.24986549e-15  -5.76494258e-17
  1.48000000e-05  -9.58719036e-04  -6.00273639e-04  -3.18401420e-03   9.91760361e-16  -1.23503589e-15  -6.57848976e-17
  1.48800000e-05  -9.56886415e-04  -6.01601838e-04  -3.17679380e-03   1.01600725e-15  -1.22231272e-15  -7.45588063e-17
  1.49600000e-05  -9.56986152e-04  -6.03458867e-04  -3.16680482e-03   1.04433813e-15  -1.22130046e-15  -8.28635017e-17
  1.50400000e-05  -9.58445604e-04  -6.06242111e-04  -3.17296129e-03   1.06759798e-15  -1.20951635e-15  -9.13893404e-17
  1.51200000e-05  -9.59751116e-04  -6.06933896e-04  -3.14819284e-03   1.09859455e-15  -1.22943279e-15  -9.78951838e-17
  1.52000000e-05  -9.60401553e-04  -6.05963607e-04  -3.15923079e-03   1.10117345e-15  -1.20813348e-15  -1.03026271e-16
  1.52800000e-05  -9.61992271e-04  -6.10992262e-04  -3.12992306e-03   1.15506958e-15  -1.23385713e-15  -1.14153237e-16
  1.53600000e-05  -9.63675925e-04  -6.13491315e-04  -3.13051616e-03   1.18004877e-15  -1.22782510e-15  -1.22639376e-16
  1.54400000e-05  -9.65893202e-04  -6.16471373e-04  -3.14082539e-03   1.20193459e-15  -1.21352503e-15  -1.31442204e-16
  1.55200000e-05  -9.67955423e-04  -6.19373920e-04  -3.12007246e-03   1.24042387e-15  -1.23162443e-15  -1.40329742e-16
  1.56000000e-05  -9.70871007e-04  -6.21139368e-04  -3.11083140e-03   1.26726628e-15  -1.24104000e-15  -1.47707549e-16
  1.56800000e-05  -9.75320084e-04  -6.24690995e-04  -3.09235652e-03   1.30763867e-15  -1.26754669e-15  -1.56366594e-16
  1.57600000e-05  -9.79769233e-04  -6.28462322e-04  -3.08901244e-03   1.34106548e-15  -1.27717577e-15  -1.65514984e-16
  1.58400000e-05  -9.85766602e-04  -6.31721007e-04  -3.06136310e-03   1.38497204e-15  -1.32044855e-15  -1.73486147e-16
  1.59200000e-05  -9.88440385e-04  -6.36605044e-04  -3.08475881e-03   1.40982466e-15  -1.29141774e-15  -1.85234769e-16
  1.60000000e-05  -9.98075943e-04  -6.43901610e-04  -3.03834992e-03   1.48293692e-15  -1.37202428e-15  -1.96368106e-16
  1.60800000e-05  -1.00011745e-03  -6.45568484e-04  -3.07036154e-03   1.48844828e-15  -1.32930839e-15  -2.05338520e-16
  1.61600000e-05  -1.00687315e-03  -6.51578470e-04  -3.04747186e-03   1.54309377e-15  -1.36958901e-15  -2.17001175e-16
  1.62400000e-05  -1.01159902e-03  -6.56585234e-04  -3.03818579e-03   1.58600800e-15  -1.38466444e-15  -2.28838508e-16
  1.63200000e-05  -1.01810179e-03  -6.62406161e-04  -3.02912581e-03   1.63272750e-15  -1.40751545e-15  -2.40972454e-16
  1.64000000e-05  -1.02357079e-03  -6.66794730e-04  -3.02044783e-03   1.67258614e-15  -1.42457710e-15  -2.52316829e-16
  1.64800000e-05  -1.03191680e-03  -6.73272448e-04  -3.01084466e-03   1.72291419e-15  -1.45595300e-15  -2.64926006e-16
  1.65600000e-05  -1.04095760e-03  -6.80878728e-04  -3.00212175e-03   1.77837333e-15  -1.48909994e-15  -2.78907663e-16
  1.66400000e-05  -1.05051337e-03  -6.85929858e-04  -2.98199377e-03   1.82744800e-15  -1.53732691e-15  -2.90161613e-16
  1.67200000e-05  -1.06070131e-03  -6.92574798e-04  -2.96051468e-03   1.88503190e-15  -1.58976372e-15  -3.03469365e-16
  1.68000000e-05  -1.07209593e-03  -6.99473724e-04  -2.94632824e-03   1.94067045e-15  -1.63897619e-15  -3.17060434e-16
  1.68800000e-05  -1.08218641e-03  -7.07629291e-04  -2.93613994e-03   2.00065211e-15  -1.67684641e-15  -3.33258262e-16
  1.69600000e-05  -1.08835624e-03  -7.10617882e-04  -2.89637985e-03   2.04994309e-15  -1.73063349e-15  -3.45689895e-16
  1.70400000e-05  -1.09838227e-03  -7.20921364e-04  -2.89630547e-03   2.11578648e-15  -1.75532991e-15  -3.65461284e-16
  1.71200000e-05  -1.10861557e-03  -7.28031773e-04  -2.89819750e-03   2.16595095e-15  -1.77794748e-15  -3.81894154e-16
  1.72000000e-05  -1.11784755e-03  -7.34027223e-04  -2.85980503e-03   2.22877066e-15  -1.84373541e-15  -3.97955043e-16
  1.72800000e-05  -1.12602031e-03  -7.41319672e-04  -2.87041684e-03   2.27655850e-15  -1.84492085e-15  -4.16585834e-16
  1.73600000e-05  -1.13623001e-03  -7.49214465e-04  -2.83688222e-03   2.34615395e-15  -1.90889516e-15  -4.35548101e-16
  1.74400000e-05  -1.14690805e-03  -7.57348753e-04  -2.81922388e-03   2.41033249e-15  -1.95528301e-15  -4.55302111e-16
  1.75200000e-05  -1.15847607e-03  -7.65662891e-04  -2.80725613e-03   2.47319957e-15  -1.99837525e-15  -4.75574969e-16
  1.76000000e-05  -1.17039840e-03  -7.74976356e-04  -2.78816621e-03   2.54381064e-15  -2.05149788e-15  -4.97606476e-16
  1.76800000e-05  -1.18126732e-03  -7.81201492e-04  -2.77202960e-03   2.59882221e-15  -2.09545746e-15  -5.16924225e-16
  1.77600000e-05  -1.19452570e-03  -7.89964752e-04  -2.75183712e-03   2.66758095e-15  -2.15542435e-15  -5.39197881e-16
  1.78400000e-05  -1.20643296e-03  -7.99059300e-04  -2.73194460e-03   2.73792391e-15  -2.20817287e-15  -5.63210757e-16
  1.79200000e-05  -1.21533595e-03  -8.06203301e-04  -2.71160407e-03   2.79926356e-15  -2.24692608e-15  -5.86577672e-16
  1.80000000e-05  -1.22753449e-03  -8.13871678e-04  -2.70932525e-03   2.85651560e-15  -2.27750552e-15  -6.10068569e-16
  1.80800000e-05  -1.23798185e-03  -8.21317697e-04  -2.68676062e-03   2.92003396e-15  -2.32564748e-15  -6.34538710e-16
  1.81600000e-05  -1.25050194e-03  -8.30952583e-04  -2.67660189e-03   2.98959341e-15  -2.36687058e-15  -6.61934495e-16
  1.82400000e-05  -1.26174715e-03  -8.38002448e-04  -2.64798843e-03   3.05329821e-15  -2.42600123e-15  -6.87123601e-16
  1.83200000e-05  -1.27392500e-03  -8.46703785e-04  -2.63752372e-03   3.11879464e-15  -2.46506003e-15  -7.15039936e-16
  1.84000000e-05  -1.28459879e-03  -8.55293679e-04  -2.61957706e-03   3.18616327e-15  -2.50655312e-15  -7.44052342e-16
  1.84800000e-05  -1.29723962e-03  -8.64458971e-04  -2.60910826e-03   3.25382438e-15  -2.54671431e-15  -7.74003858e-16
  1.85600000e-05  -1.31051760e-03  -8.74521205e-04  -2.59122545e-03   3.32803910e-15  -2.59941770e-15  -8.05876586e-16
  1.86400000e-05  -1.32432341e-03  -8.83537785e-04  -2.57744518e-03   3.39614848e-15  -2.64849137e-15  -8.37091219e-16
  1.87200000e-05  -1.33481736e-03  -8.89776830e-04  -2.53990926e-03   3.45806866e-15  -2.71471693e-15  -8.66329319e-16
  1.88000000e-05  -1.34867662e-03  -9.01343446e-04  -2.53825263e-03   3.53469142e-15  -2.74617473e-15  -9.02947583e-16
  1.88800000e-05  -1.35935538e-03  -9.11703367e-04  -2.49905944e-03   3.61581046e-15  -2.81523090e-15  -9.39759918e-16
  1.89600000e-05  -1.37497658e-03  -9.19797354e-04  -2.49236059e-03   3.67762043e-15  -2.86088696e-15  -9.73055712e-16
  1.90400000e-05  -1.38543035e-03  -9.29547181e-04  -2.47250845e-03   3.75046928e-15  -2.90072922e-15  -1.01097706e-15
  1.91200000e-05  -1.39877199e-03  -9.38183277e-04  -2.45038052e-03   3.81838068e-15  -2.95705671e-15  -1.04750375e-15
  1.92000000e-05  -1.41094806e-03  -9.46954965e-04  -2.42163292e-03   3.88827768e-15  -3.01741169e-15  -1.08555052e-15
  1.92800000e-05  -1.42256905e-03  -9.55073250e-04  -2.40447984e-03   3.95238662e-15  -3.05781723e-15  -1.12377879e-15
  1.93600000e-05  -1.43435952e-03  -9.62467754e-04  -2.37728402e-03   4.01490606e-15  -3.11379835e-15  -1.16178302e-15
  1.94400000e-05  -1.44822311e-03  -9.75050113e-04  -2.34704060e-03   4.10195771e-15  -3.18384966e-15  -1.20838855e-15
  1.95200000e-05  -1.46099981e-03  -9.83502925e-04  -2.33485368e-03   4.16597057e-15  -3.22111694e-15  -1.24997310e-15
  1.96000000e-05  -1.47351301e-03  -9.92830495e-04  -2.30886977e-03   4.23629342e-15  -3.27797230e-15  -1.29403687e-15
  1.96800000e-05  -1.48718997e-03  -1.00337600e-03  -2.28720379e-03   4.31119712e-15  -3.33332927e-15  -1.34093277e-15
  1.97600000e-05  -1.49968961e-03  -1.01375359e-03  -2.25986316e-03   4.38582835e-15  -3.39184816e-15  -1.38897037e-15
  1.98400000e-05  -1.51334444e-03  -1.02468263e-03  -2.23424122e-03   4.46230285e-15  -3.45284859e-15  -1.43893470e-15
  1.99200000e-05  -1.52835056e-03  -1.03511996e-03  -2.20727858e-03   4.53627297e-15  -3.52206154e-15  -1.48928150e-15
  2.00000000e-05  -1.54134801e-03  -1.04481407e-03  -2.17916594e-03   4.60644527e-15  -3.58372747e-15  -1.53994991e-15
  2.00800000e-05  -1.55412174e-03  -1.05571543e-03  -2.14978431e-03   4.68179180e-15  -3.64638047e-15  -1.59389679e-15
  2.01600000e-05  -1.56860691e-03  -1.06493406e-03  -2.12585122e-03   4.74831111e-15  -3.70789085e-15  -1.64619910e-15
  2.02400000e-05  -1.58296432e-03  -1.07617833e-03  -2.09343563e-03   4.82433062e-15  -3.78282552e-15  -1.70329975e-15
  2.03200000e-05  -1.59716097e-03  -1.08651582e-03  -2.06967557e-03   4.89491633e-15  -3.84242023e-15  -1.76023671e-15
  2.04000000e-05  -1.60711177e-03  -1.09562790e-03  -2.06245622e-03   4.95860655e-15  -3.85397440e-15  -1.81652976e-15
  2.04800000e-05  -1.62291141e-03  -1.10724014e-03  -2.02357024e-03   5.03425650e-15  -3.94650511e-15  -1.87807834e-15
  2.05600000e-05  -1.63629724e-03  -1.11827103e-03  -2.00729518e-03   5.10607239e-15  -3.98870355e-15  -1.94022311e-15
  2.06400000e-05  -1.64848107e-03  -1.13028512e-03  -1.98297032e-03   5.18184017e-15  -4.03912174e-15  -2.00547947e-15
  2.07200000e-05  -1.66106945e-03  -1.14091792e-03  -1.96004250e-03   5.25050335e-15  -4.08873953e-15  -2.06961560e-15
  2.08000000e-05  -1.67510713e-03  -1.15127488e-03  -1.92277117e-03   5.31683827e-15  -4.17068007e-15  -2.13477016e-15
  2.08800000e-05  -1.68818549e-03  -1.16167734e-03  -1.89062215e-03   5.38257662e-15  -4.23925745e-15  -2.20146496e-15
  2.09600000e-05  -1.70126811e-03  -1.17245805e-03  -1.85725888e-03   5.44912978e-15  -4.31027027e-15  -2.27045334e-15
  2.10400000e-05  -1.71378094e-03  -1.18307291e-03  -1.83769475e-03   5.51478678e-15  -4.35320015e-15  -2.34042313e-15
  2.11200000e-05  -1.72668482e-03  -1.19415051e-03  -1.81741577e-03   5.58172625e-15  -4.39894503e-15  -2.41270028e-15
  2.12000000e-05  -1.73985871e-03  -1.20503612e-03  -1.79519194e-03   5.64668602e-15  -4.44931448e-15  -2.48600223e-15
  2.12800000e-05  -1.75331972e-03  -1.21483812e-03  -1.76676094e-03   5.70521946e-15  -4.51274121e-15  -2.55882028e-15
  2.13600000e-05  -1.76544062e-03  -1.22580250e-03  -1.73473792e-03   5.76733515e-15  -4.57717966e-15  -2.63507785e-15
  2.14400000e-05  -1.77810332e-03  -1.23769439e-03  -1.71721536e-03   5.83475962e-15  -4.61576379e-15  -2.71480248e-15
  2.15200000e-05  -1.79086041e-03  -1.24819046e-03  -1.68416154e-03   5.89232481e-15  -4.68520347e-15  -2.79326229e-15
  2.16000000e-05  -1.80395436e-03  -1.26127841e-03  -1.66437108e-03   5.96273802e-15  -4.72975563e-15  -2.87854592e-15
  2.16800000e-05  -1.81674026e-03  -1.27167559e-03  -1.64145162e-03   6.01944806e-15  -4.77895320e-15  -2.95987735e-15
  2.17600000e-05  -1.82799934e-03  -1.28534295e-03  -1.60032620e-03   6.08553368e-15  -4.85848508e-15  -3.04908586e-15
  2.18400000e-05  -1.84208540e-03  -1.29429205e-03  -1.59753617e-03   6.13826141e-15  -4.87175245e-15  -3.13090329e-15
  2.19200000e-05  -1.85438445e-03  -1.30569506e-03  -1.57368793e-03   6.19574802e-15  -4.92015959e-15  -3.21859920e-15
  2.20000000e-05  -1.86490603e-03  -1.31777873e-03  -1.55582027e-03   6.25664737e-15  -4.94790776e-15  -3.30874453e-15
  2.20800000e-05  -1.87881032e-03  -1.32869824e-03  -1.52162873e-03   6.30654981e-15  -5.02512306e-15  -3.39894916e-15
  2.21600000e-05  -1.89216579e-03  -1.33972324e-03  -1.48301070e-03   6.35400604e-15  -5.10980033e-15  -3.49094892e-15
  2.22400000e-05  -1.90635464e-03  -1.35201212e-03  -1.45811526e-03   6.40981904e-15  -5.16867149e-15  -3.58770110e-15
  2.23200000e-05  -1.91830826e-03  -1.36443648e-03  -1.44257662e-03   6.46812557e-15  -5.19697304e-15  -3.68571003e-15
  2.24000000e-05  -1.93021753e-03  -1.37537670e-03  -1.40137540e-03   6.50919705e-15  -5.28172451e-15  -3.78185988e-15
  2.24800000e-05  -1.94374624e-03  -1.38946201e-03  -1.41110656e-03   6.58167238e-15  -5.25940870e-15  -3.88727012e-15
  2.25600000e-05  -1.95576588e-03  -1.39914244e-03  -1.35126856e-03   6.60649809e-15  -5.38719739e-15  -3.98389133e-15
  2.26400000e-05  -1.96886205e-03  -1.41242446e-03  -1.34119118e-03   6.66528480e-15  -5.40667480e-15  -4.09077141e-15
  2.27200000e-05  -1.98181832e-03  -1.42535760e-03  -1.31746699e-03   6.71537835e-15  -5.45639062e-15  -4.19847485e-15
  2.28000000e-05  -1.99342116e-03  -1.43797751e-03  -1.28934888e-03   6.76046593e-15  -5.51037910e-15  -4.30655715e-15
  2.28800000e-05  -2.00763203e-03  -1.45088281e-03  -1.26083030e-03   6.80475380e-15  -5.57644421e-15  -4.41825890e-15
  2.29600000e-05  -2.02198196e-03  -1.46263081e-03  -1.23736863e-03   6.84483677e-15  -5.63092516e-15  -4.52910453e-15
  2.30400000e-05  -2.03038171e-03  -1.47670509e-03  -1.21134742e-03   6.89170839e-15  -5.66608070e-15  -4.64414121e-15
  2.31200000e-05  -2.04171126e-03  -1.48953051e-03  -1.18768914e-03   6.93273218e-15  -5.70782747e-15  -4.75937177e-15
  2.32000000e-05  -2.05576999e-03  -1.50355988e-03  -1.16261369e-03   6.97610669e-15  -5.76427188e-15  -4.88067785e-15
  2.32800000e-05  -2.06714878e-03  -1.51638844e-03  -1.14090070e-03   7.01451928e-15  -5.80081003e-15  -4.99936034e-15
  2.33600000e-05  -2.07818566e-03  -1.52960987e-03  -1.10994057e-03   7.04710784e-15  -5.85889650e-15  -5.12042956e-15
  2.34400000e-05  -2.09061105e-03  -1.54114798e-03  -1.08669243e-03   7.07532504e-15  -5.90324990e-15  -5.23972639e-15
  2.35200000e-05  -2.10217985e-03  -1.55470690e-03  -1.05880010e-03   7.10699140e-15  -5.95568940e-15  -5.36534017e-15
  2.36000000e-05  -2.11350095e-03  -1.56902467e-03  -1.01844806e-03   7.13121845e-15  -6.03936815e-15  -5.49455548e-15
  2.36800000e-05  -2.12559639e-03  -1.58247011e-03  -1.00601435e-03   7.16843436e-15  -6.05352722e-15  -5.62384847e-15
  2.37600000e-05  -2.13662076e-03  -1.59550404e-03  -9.79827523e-04   7.19242647e-15  -6.09881340e-15  -5.75285563e-15
  2.38400000e-05  -2.14796275e-03  -1.61122789e-03  -9.56840568e-04   7.22736597e-15  -6.13658275e-15  -5.89092877e-15
  2.39200000e-05  -2.15996065e-03  -1.62642223e-03  -9.35540598e-04   7.25912439e-15  -6.17200493e-15  -6.02981531e-15
  2.40000000e-05  -2.17081505e-03  -1.64004803e-03  -9.11450947e-04   7.28015727e-15  -6.20986815e-15  -6.16532682e-15
  2.40800000e-05  -2.18129528e-03  -1.65370804e-03  -8.84110461e-04   7.29638370e-15  -6.25486620e-15  -6.30220435e-15
  2.41600000e-05  -2.19129226e-03  -1.66854130e-03  -8.54186464e-04   7.31259524e-15  -6.30494659e-15  -6.44352236e-15
  2.42400000e-05  -2.20231535e-03  -1.68195549e-03  -8.42097489e-04   7.33555972e-15  -6.30899725e-15  -6.58327959e-15
  2.43200000e-05  -2.21361436e-03  -1.69729591e-03  -8.06087560e-04   7.34332553e-15  -6.38074901e-15  -6.73037505e-15
  2.44000000e-05  -2.22316346e-03  -1.71169189e-03  -7.84831646e-04   7.35751879e-15  -6.40373277e-15  -6.87504067e-15
  2.44800000e-05  -2.23238830e-03  -1.72693783e-03  -7.61718611e-04   7.37078078e-15  -6.43025646e-15  -7.02331756e-15
  2.45600000e-05  -2.24306965e-03  -1.74147984e-03  -7.36297493e-04   7.37652701e-15  -6.46864277e-15  -7.17244456e-15
  2.46400000e-05  -2.25235702e-03  -1.75550134e-03  -7.17845621e-04   7.38420634e-15  -6.48080905e-15  -7.32023696e-15
  2.47200000e-05  -2.26418487e-03  -1.77204567e-03  -6.88401084e-04   7.38814397e-15  -6.53439638e-15  -7.47946960e-15
  2.48000000e-05  -2.27329792e-03  -1.78663933e-03  -6.65870235e-04   7.38854896e-15  -6.55677520e-15  -7.63178816e-15
  2.48800000e-05  -2.28317521e-03  -1.80336761e-03  -6.34152716e-04   7.38470573e-15  -6.60914231e-15  -7.79286088e-15
  2.49600000e-05  -2.29237052e-03  -1.81798803e-03  -6.13147630e-04   7.38100632e-15  -6.62623199e-15  -7.94847870e-15
  2.50400000e-05  -2.30107508e-03  -1.83504807e-03  -5.89482795e-04   7.38059428e-15  -6.64900013e-15  -8.11230919e-15
  2.51200000e-05  -2.31027829e-03  -1.85073968e-03  -5.65477742e-04   7.37170255e-15  -6.67404908e-15  -8.27398947e-15
  2.52000000e-05  -2.32040444e-03  -1.86380101e-03  -5.46200021e-04   7.35551088e-15  -6.68708007e-15  -8.42983041e-15
  2.52800000e-05  -2.32948007e-03  -1.88078684e-03  -5.21012449e-04   7.34385138e-15  -6.71403189e-15  -8.59805293e-15
  2.53600000e-05  -2.33866225e-03  -1.89628521e-03  -4.98705263e-04   7.32698225e-15  -6.73164497e-15  -8.76312795e-15
  2.54400000e-05  -2.34677418e-03  -1.91239016e-03  -4.76516887e-04   7.30924586e-15  -6.74434754e-15  -8.93006256e-15
  2.55200000e-05  -2.35725348e-03  -1.92950641e-03  -4.51582683e-04   7.28846110e-15  -6.77341011e-15  -9.10445030e-15
  2.56000000e-05  -2.36439189e-03  -1.94614978e-03  -4.34020871e-04   7.27174713e-15  -6.76615653e-15  -9.27445237e-15
  2.56800000e-05  -2.37331196e-03  -1.96340028e-03  -4.08091885e-04   7.24335201e-15  -6.79142956e-15  -9.44992880e-15
  2.57600000e-05  -2.38173074e-03  -1.98052004e-03  -3.83520988e-04   7.21264376e-15  -6.80981578e-15  -9.62554558e-15
  2.58400000e-05  -2.38789238e-03  -1.99723458e-03  -3.70701354e-04   7.19249243e-15  -6.78078552e-15  -9.79785614e-15
  2.59200000e-05  -2.39656454e-03  -2.01353784e-03  -3.52743826e-04   7.16101493e-15  -6.77608313e-15  -9.97305815e-15
  2.60000000e-05  -2.40401689e-03  -2.02997740e-03  -3.32548660e-04   7.12363451e-15  -6.77378660e-15  -1.01480007e-14
  2.60800000e-05  -2.41046845e-03  -2.04767984e-03  -3.11219583e-04   7.08532536e-15  -6.77110647e-15  -1.03267762e-14
  2.61600000e-05  -2.41824317e-03  -2.06437314e-03  -2.87959845e-04   7.03740006e-15  -6.77841255e-15  -1.05048390e-14
  2.62400000e-05  -2.42489743e-03  -2.08278722e-03  -2.73612086e-04   7.00408469e-15  -6.75046473e-15  -1.06881437e-14
  2.63200000e-05  -2.43111660e-03  -2.09949856e-03  -2.53520526e-04   6.95354048e-15  -6.73980912e-15  -1.08655822e-14
  2.64000000e-05  -2.43749645e-03  -2.11756345e-03  -2.31198396e-04   6.90024912e-15  -6.73646582e-15  -1.10486879e-14
  2.64800000e-05  -2.44354006e-03  -2.13552202e-03  -2.14962802e-04   6.85194070e-15  -6.70966190e-15  -1.12315288e-14
  2.65600000e-05  -2.44993256e-03  -2.15230330e-03  -1.95641236e-04   6.79173375e-15  -6.69364836e-15  -1.14113378e-14
  2.66400000e-05  -2.45478768e-03  -2.16991273e-03  -1.77819367e-04   6.73264544e-15  -6.66658004e-15  -1.15922027e-14
  2.67200000e-05  -2.46078278e-03  -2.18767498e-03  -1.52332790e-04   6.65813912e-15  -6.66935801e-15  -1.17758394e-14
  2.68000000e-05  -2.46632668e-03  -2.20573576e-03  -1.33738886e-04   6.59143491e-15  -6.64497904e-15  -1.19603504e-14
  2.68800000e-05  -2.47203102e-03  -2.22530119e-03  -1.18508165e-04   6.53060004e-15  -6.60758265e-15  -1.21509291e-14
  2.69600000e-05  -2.47632237e-03  -2.24170352e-03  -9.90938099e-05   6.45006466e-15  -6.58018282e-15  -1.23279188e-14
  2.70400000e-05  -2.48133972e-03  -2.26107991e-03  -8.41569566e-05   6.38142067e-15  -6.53717130e-15  -1.25171566e-14
  2.71200000e-05  -2.48508014e-03  -2.27967428e-03  -6.61211100e-05   6.30144526e-15  -6.50082373e-15  -1.27014777e-14
  2.72000000e-05  -2.48760913e-03  -2.29664502e-03  -5.13484170e-05   6.21875163e-15  -6.44791773e-15  -1.28776164e-14
  2.72800000e-05  -2.49192539e-03  -2.31664097e-03  -3.42765233e-05   6.13626816e-15  -6.40720679e-15  -1.30679724e-14
  2.73600000e-05  -1.33798673e-03  -1.25777102e-03  -1.77610546e-05   3.28420752e-15  -3.39320253e-15  -7.11412043e-15
  2.74400000e-05  -1.26114881e-04  -1.16660641e-04  -1.89342341e-06   3.03446088e-16  -3.17244723e-16  -6.64983126e-16
  2.75200000e-05   0.00000000e+00   0.00000000e+00   0.00000000e+00  -0.00000000e+00   0.00000000e+00   0.00000000e+00
  2.76000000e-05   0.00000000e+00   0.00000000e+00   0.00000000e+00  -0.00000000e+00   0.00000000e+00   0.00000000e+00
