       time             b_x              b_y              b_z              F_x              F_y              F_z
  0.00000000e+00   0.00000000e+00   0.00000000e+00  -6.06815229e-06  -1.65409799e-18   4.35439208e-18   0.00000000e+00
  8.00000000e-08   0.00000000e+00   0.00000000e+00  -3.16359073e-05  -8.62411094e-18   2.27011119e-17  -2.23472298e-39
  1.60000000e-07   0.00000000e+00   0.00000000e+00  -5.49467151e-06  -1.49813421e-18   3.94273648e-18  -6.74733968e-41
  2.40000000e-07   0.00000000e+00   0.00000000e+00  -2.05869446e-05  -5.61378765e-18   1.47720223e-17  -9.46292061e-40
  3.20000000e-07   0.00000000e+00   0.00000000e+00  -4.94392723e-06  -1.34837052e-18   3.54739518e-18  -5.46300724e-41
  4.00000000e-07   0.00000000e+00   0.00000000e+00   1.25672230e-05   3.42737087e-18  -9.01735249e-18  -3.52557940e-40
  4.80000000e-07   0.00000000e+00   0.00000000e+00  -2.12432031e-05  -5.79427925e-18   1.52423314e-17  -1.00758876e-39
  5.60000000e-07   0.00000000e+00   0.00000000e+00  -2.94416243e-06  -8.03130155e-19   2.11245126e-18  -1.93511567e-41
  6.40000000e-07   0.00000000e+00   0.00000000e+00  -1.58574870e-06  -4.32589056e-19   1.13777618e-18  -5.61872948e-42
  7.20000000e-07   0.00000000e+00   0.00000000e+00   2.30331670e-06   6.28338068e-19  -1.65263269e-18  -1.18420565e-41
  8.00000000e-07   0.00000000e+00   0.00000000e+00  -4.07822762e-06  -1.11253811e-18   2.92612994e-18  -3.71329647e-41
  8.80000000e-07   0.00000000e+00   0.00000000e+00   1.47338537e-06   4.01953490e-19  -1.05714896e-18  -4.84450307e-42
  9.60000000e-07   0.00000000e+00   0.00000000e+00   5.36245499e-06   1.46288202e-18  -3.84756076e-18  -6.42024696e-41
  1.04000000e-06   0.00000000e+00   0.00000000e+00  -5.21231533e-06  -1.42194800e-18   3.73982637e-18  -6.06592276e-41
  1.12000000e-06   0.00000000e+00   0.00000000e+00  -3.83275247e-12  -1.04561839e-24   2.74998403e-24  -3.27975153e-53
  1.20000000e-06   0.00000000e+00   0.00000000e+00  -6.78949283e-12  -1.85225073e-24   4.87143298e-24  -1.02927291e-52
  1.28000000e-06   0.00000000e+00   0.00000000e+00   3.65750285e-12   9.97808306e-25  -2.62424315e-24  -2.98683539e-53
  1.36000000e-06   0.00000000e+00   0.00000000e+00  -7.39725171e-12  -2.01805426e-24   5.30749746e-24  -1.22180122e-52
  1.44000000e-06   0.00000000e+00   0.00000000e+00   2.47606574e-12   6.75498848e-25  -1.77656691e-24  -1.36879078e-53
  1.52000000e-06   0.00000000e+00   0.00000000e+00  -2.04793256e-12  -5.58699255e-25   1.46938313e-24  -9.36018562e-54
  1.60000000e-06   0.00000000e+00   0.00000000e+00   9.93576824e-12   2.71059039e-24  -7.12887256e-24  -2.20408401e-52
  1.68000000e-06   0.00000000e+00   0.00000000e+00   3.70090294e-12   1.00964834e-24  -2.65538253e-24  -3.05810620e-53
  1.76000000e-06   0.00000000e+00   0.00000000e+00   5.95004871e-12   1.62324085e-24  -4.26913530e-24  -7.90502338e-53
  1.84000000e-06   0.00000000e+00   0.00000000e+00   4.44826442e-12   1.21353704e-24  -3.19161130e-24  -4.41920947e-53
  1.92000000e-06   0.00000000e+00   0.00000000e+00   3.90390156e-12   1.06502867e-24  -2.80103320e-24  -3.40281486e-53
  2.00000000e-06   0.00000000e+00   0.00000000e+00   6.15304732e-12   1.67862117e-24  -4.41478597e-24  -8.45364453e-53
  2.08000000e-06   0.00000000e+00   0.00000000e+00   3.58858799e-12   9.79007550e-25  -2.57479702e-24  -2.87623936e-53
  2.16000000e-06   0.00000000e+00   0.00000000e+00   2.97799887e-12   8.12431905e-25  -2.13670186e-24  -1.98034195e-53
  2.24000000e-06   0.00000000e+00   0.00000000e+00   3.57146763e-12   9.74336922e-25  -2.56251323e-24  -2.84869755e-53
  2.32000000e-06   0.00000000e+00   0.00000000e+00   1.93509648e-12   5.27916292e-25  -1.38842371e-24  -8.36373405e-54
  2.40000000e-06   0.00000000e+00   0.00000000e+00   6.76930196e-13   1.84674244e-25  -4.85694612e-25  -1.02314693e-54
  2.48000000e-06   0.00000000e+00   0.00000000e+00   1.95338399e-12   5.32905332e-25  -1.40154492e-24  -8.52254603e-54
  2.56000000e-06   0.00000000e+00   0.00000000e+00   3.17012838e-13   8.64847016e-26  -2.27455398e-25  -2.24707267e-55
  2.64000000e-06   0.00000000e+00   0.00000000e+00  -1.62413848e-12  -4.43083418e-25   1.16531263e-24  -5.89076002e-54
  2.72000000e-06   0.00000000e+00   0.00000000e+00   2.63313166e-12   7.18348215e-25  -1.88926106e-24  -1.54861737e-53
  2.80000000e-06   0.00000000e+00   0.00000000e+00   3.09310057e-13   8.43832955e-26  -2.21928685e-25  -2.14045727e-55
  2.88000000e-06   0.00000000e+00   0.00000000e+00   6.31009483e-12   1.72146552e-24  -4.52746690e-24  -8.89026441e-53
  2.96000000e-06   0.00000000e+00   0.00000000e+00   2.92737482e-12   7.98621089e-25  -2.10037931e-24  -1.91373955e-53
  3.04000000e-06   0.00000000e+00   0.00000000e+00   2.30705557e-12   6.29390954e-25  -1.65530281e-24  -1.18863486e-53
  3.12000000e-06   0.00000000e+00   0.00000000e+00   8.44944837e-12   2.30510545e-24  -6.06244421e-24  -1.59420704e-52
  3.20000000e-06   0.00000000e+00   0.00000000e+00   2.04408625e-12   5.57649938e-25  -1.46662342e-24  -9.33113649e-54
  3.28000000e-06   0.00000000e+00   0.00000000e+00   6.75622773e-12   1.84317564e-24  -4.84756542e-24  -1.01955992e-52
  3.36000000e-06   0.00000000e+00   0.00000000e+00   4.68783045e-13   1.27889337e-25  -3.36349893e-25  -4.92381754e-55
  3.44000000e-06   0.00000000e+00   0.00000000e+00   6.19501035e-12   1.69006916e-24  -4.44489427e-24  -8.56853204e-53
  3.52000000e-06   0.00000000e+00   0.00000000e+00   1.64206183e-12   4.47973113e-25  -1.17817257e-24  -6.02695297e-54
  3.60000000e-06   0.00000000e+00   0.00000000e+00  -4.64538285e-12  -1.26731319e-24   3.33304296e-24  -4.81725038e-53
  3.68000000e-06   0.00000000e+00   0.00000000e+00   6.27829671e-12   1.71279063e-24  -4.50465188e-24  -8.80049493e-53
  3.76000000e-06   0.00000000e+00   0.00000000e+00   9.61970590e-13   2.62436499e-25  -6.90209914e-25  -2.06755215e-54
  3.84000000e-06   0.00000000e+00   0.00000000e+00  -1.07367410e-12  -2.92910484e-25   7.70356717e-25  -2.57301450e-54
  3.92000000e-06   0.00000000e+00   0.00000000e+00   2.34548655e-12   6.39875362e-25  -1.68287688e-24  -1.22834293e-53
  4.00000000e-06   0.00000000e+00   0.00000000e+00  -2.11895444e-12  -5.78074830e-25   1.52034103e-24  -1.00240237e-53
  4.08000000e-06   0.00000000e+00   0.00000000e+00   1.45470799e-12   3.96860856e-25  -1.04374695e-24  -4.72470959e-54
  4.16000000e-06   0.00000000e+00   0.00000000e+00   2.52232322e-12   6.88118413e-25  -1.80975646e-24  -1.42055704e-53
  4.24000000e-06   0.00000000e+00   0.00000000e+00  -5.19987947e-12  -1.41858616e-24   3.73089198e-24  -6.03736187e-53
  4.32000000e-06   0.00000000e+00   0.00000000e+00   3.69255987e-12   1.00737226e-24  -2.64939641e-24  -3.04542225e-53
  4.40000000e-06   0.00000000e+00   0.00000000e+00   6.50111272e-12   1.77357737e-24  -4.66452145e-24  -9.43734328e-53
  4.48000000e-06   0.00000000e+00   0.00000000e+00   4.40701879e-12   1.20228476e-24  -3.16201773e-24  -4.33760924e-53
  4.56000000e-06   0.00000000e+00   0.00000000e+00   4.77207252e-12   1.30187557e-24  -3.42394227e-24  -5.08484823e-53
  4.64000000e-06   0.00000000e+00   0.00000000e+00   6.49647842e-12   1.77231308e-24  -4.66119636e-24  -9.42389287e-53
  4.72000000e-06   0.00000000e+00   0.00000000e+00   2.58756919e-12   7.05918256e-25  -1.85657018e-24  -1.49549500e-53
  4.80000000e-06   0.00000000e+00   0.00000000e+00   4.76743822e-12   1.30061128e-24  -3.42061718e-24  -5.07497649e-53
  4.88000000e-06   0.00000000e+00   0.00000000e+00   3.04758425e-12   8.31415587e-25  -2.18662908e-24  -2.07413992e-53
  4.96000000e-06   0.00000000e+00   0.00000000e+00   2.38938627e-12   6.51851704e-25  -1.71437475e-24  -1.27498711e-53
  5.04000000e-06   0.00000000e+00   0.00000000e+00   4.38884620e-12   1.19732707e-24  -3.14897897e-24  -4.30124209e-53
  5.12000000e-06   0.00000000e+00   0.00000000e+00   1.52560012e-12   4.16201036e-25  -1.09461177e-24  -5.19794203e-54
  5.20000000e-06   0.00000000e+00   0.00000000e+00   8.67402142e-13   2.36637153e-25  -6.22357445e-25  -1.68045359e-54
  5.28000000e-06   0.00000000e+00   0.00000000e+00   5.14839047e-12   1.40453938e-24  -3.69394884e-24  -5.91885355e-53
  5.36000000e-06   0.00000000e+00   0.00000000e+00   3.43118895e-12   9.36067305e-25  -2.46186386e-24  -2.62816155e-53
  5.44000000e-06   0.00000000e+00   0.00000000e+00   7.86694574e-12   2.14619212e-24  -5.64450099e-24  -1.38182883e-52
  5.52000000e-06   0.00000000e+00   0.00000000e+00  -1.65579697e-12  -4.51720213e-25   1.18802747e-24  -6.11905002e-54
  5.60000000e-06   0.00000000e+00   0.00000000e+00   8.16100264e-12   2.22641418e-24  -5.85548559e-24  -1.48706921e-52
  5.68000000e-06   0.00000000e+00   0.00000000e+00  -1.93918190e-13  -5.29030840e-26   1.39135498e-25  -8.35883948e-56
  5.76000000e-06   0.00000000e+00   0.00000000e+00   4.49336458e-12   1.22584088e-24  -3.22397048e-24  -4.50813518e-53
  5.84000000e-06   0.00000000e+00   0.00000000e+00   3.30958245e-12   9.02891670e-25  -2.37461170e-24  -2.44620207e-53
  5.92000000e-06   0.00000000e+00   0.00000000e+00   3.22005872e-12   8.78468580e-25  -2.31037880e-24  -2.31539969e-53
  6.00000000e-06   0.00000000e+00   0.00000000e+00   3.36157248e-12   9.17075140e-25  -2.41191433e-24  -2.52338518e-53
  6.08000000e-06   0.00000000e+00   0.00000000e+00   3.27219470e-13   8.92691868e-26  -2.34778615e-25  -2.39437375e-55
  6.16000000e-06   0.00000000e+00   0.00000000e+00   2.39083847e-12   6.52247879e-25  -1.71541670e-24  -1.27643059e-53
  6.24000000e-06   0.00000000e+00   0.00000000e+00   2.53235222e-12   6.90854439e-25  -1.81695223e-24  -1.43200758e-53
  6.32000000e-06   0.00000000e+00   0.00000000e+00  -3.94080662e-12  -1.07509679e-24   2.82751243e-24  -3.46754971e-53
  6.40000000e-06   0.00000000e+00   0.00000000e+00   1.56161821e-12   4.26027179e-25  -1.12045460e-24  -5.44556630e-54
  6.48000000e-06   0.00000000e+00   0.00000000e+00  -1.65812682e-12  -4.52355823e-25   1.18969913e-24  -6.13593987e-54
  6.56000000e-06   0.00000000e+00   0.00000000e+00   8.09315365e-12   2.20790420e-24  -5.80680422e-24  -1.46234258e-52
  6.64000000e-06   0.00000000e+00   0.00000000e+00   4.06637051e-12   1.10935205e-24  -2.91760400e-24  -3.69336350e-53
  6.72000000e-06   0.00000000e+00   0.00000000e+00   7.86108831e-12   2.14459415e-24  -5.64029831e-24  -1.37967330e-52
  6.80000000e-06   0.00000000e+00   0.00000000e+00   1.45400441e-11   3.96668913e-24  -1.04324214e-23  -4.72046449e-52
  6.88000000e-06   0.00000000e+00   0.00000000e+00   5.85812802e-12   1.59816384e-24  -4.20318259e-24  -7.66467531e-53
  6.96000000e-06   0.00000000e+00   0.00000000e+00   1.43079788e-11   3.90337907e-24  -1.02659155e-23  -4.57097717e-52
  7.04000000e-06   0.00000000e+00   0.00000000e+00   1.30552924e-11   3.56163200e-24  -9.36711824e-24  -3.80592066e-52
  7.12000000e-06   0.00000000e+00   0.00000000e+00   1.32836734e-11   3.62393693e-24  -9.53098066e-24  -3.94039983e-52
  7.20000000e-06   0.00000000e+00   0.00000000e+00   6.52929495e-12   1.78126580e-24  -4.68474209e-24  -9.52049117e-53
  7.28000000e-06   0.00000000e+00   0.00000000e+00   5.10886511e-12   1.39375641e-24  -3.66558956e-24  -5.82884113e-53
  7.36000000e-06   0.00000000e+00   0.00000000e+00  -1.39762672e-12  -3.81288437e-25   1.00279138e-24  -4.35860625e-54
  7.44000000e-06   0.00000000e+00   0.00000000e+00  -8.63850024e-13  -2.35668095e-25   6.19808814e-25  -1.66571736e-54
  7.52000000e-06   0.00000000e+00   0.00000000e+00   2.08705742e-13   5.69372959e-26  -1.49745505e-25  -9.70372212e-56
  7.60000000e-06   0.00000000e+00   0.00000000e+00   2.19436613e-12   5.98647995e-25  -1.57444861e-24  -1.07503620e-53
  7.68000000e-06   0.00000000e+00   0.00000000e+00  -2.56575059e-13  -6.99965891e-26   1.84091542e-25  -1.46891435e-55
  7.76000000e-06   0.00000000e+00   0.00000000e+00   2.85961017e-12   7.80134123e-25  -2.05175846e-24  -1.82575052e-53
  7.84000000e-06   0.00000000e+00   0.00000000e+00   4.84527056e-12   1.32184482e-24  -3.47646156e-24  -5.24197240e-53
  7.92000000e-06   0.00000000e+00   0.00000000e+00   6.71030912e-13   1.83064852e-25  -4.81461900e-25  -1.00581124e-54
  8.00000000e-06   0.00000000e+00   0.00000000e+00   5.51051461e-12   1.50333095e-24  -3.95377141e-24  -6.78029127e-53
  8.08000000e-06   0.00000000e+00   0.00000000e+00   1.02188942e-11   2.78783036e-24  -7.33201426e-24  -2.33171681e-52
  8.16000000e-06   0.00000000e+00   0.00000000e+00   5.42033367e-12   1.47872857e-24  -3.88906696e-24  -6.56078542e-53
  8.24000000e-06   0.00000000e+00   0.00000000e+00   1.39545479e-11   3.80695911e-24  -1.00123303e-23  -4.34819441e-52
  8.32000000e-06   0.00000000e+00   0.00000000e+00   8.24050479e-12   2.24810327e-24  -5.91252806e-24  -1.51639103e-52
  8.40000000e-06   0.00000000e+00   0.00000000e+00   8.20908358e-12   2.23953121e-24  -5.88998347e-24  -1.50484902e-52
  8.48000000e-06   0.00000000e+00   0.00000000e+00   2.09995353e-11   5.72891164e-24  -1.50670796e-23  -9.84703353e-52
  8.56000000e-06   0.00000000e+00   0.00000000e+00   1.10292547e-11   3.00890591e-24  -7.91344457e-24  -2.71641301e-52
  8.64000000e-06   0.00000000e+00   0.00000000e+00   1.01878372e-12   2.77935765e-25  -7.30973098e-25  -2.32013474e-54
  8.72000000e-06   0.00000000e+00   0.00000000e+00   1.59119089e-12   4.34094941e-25  -1.14167287e-24  -5.65185092e-54
  8.80000000e-06   0.00000000e+00   0.00000000e+00   1.98773304e-12   5.42276140e-25  -1.42619022e-24  -8.82770718e-54
  8.88000000e-06   0.00000000e+00   0.00000000e+00  -2.19883929e-12  -5.99868323e-25   1.57765808e-24  -1.07915391e-53
  8.96000000e-06   0.00000000e+00   0.00000000e+00  -8.47494632e-13  -2.31206158e-25   6.08073888e-25  -1.60498812e-54
  9.04000000e-06   0.00000000e+00   0.00000000e+00  -1.22988997e-12  -3.35527948e-25   8.82440961e-25  -3.37493968e-54
  9.12000000e-06   0.00000000e+00   0.00000000e+00  -1.73523666e-12  -4.73392262e-25   1.24502512e-24  -6.72021600e-54
  9.20000000e-06   0.00000000e+00   0.00000000e+00   7.19066660e-12   1.96169549e-24  -5.15927351e-24  -1.15435969e-52
  9.28000000e-06   0.00000000e+00   0.00000000e+00   3.48989267e-12   9.52082344e-25  -2.50398354e-24  -2.72047848e-53
  9.36000000e-06   0.00000000e+00   0.00000000e+00   7.66620422e-12   2.09142755e-24  -5.50046978e-24  -1.31210877e-52
  9.44000000e-06   0.00000000e+00   0.00000000e+00   1.43094572e-11   3.90378239e-24  -1.02669763e-23  -4.57192474e-52
  9.52000000e-06   0.00000000e+00   0.00000000e+00   4.92210249e-12   1.34280544e-24  -3.53158815e-24  -5.41113198e-53
  9.60000000e-06   0.00000000e+00   0.00000000e+00   1.47849948e-11   4.03351445e-24  -1.06081726e-23  -4.88086423e-52
  9.68000000e-06   0.00000000e+00   0.00000000e+00   8.18052257e-12   2.23173943e-24  -5.86949106e-24  -1.49443838e-52
  9.76000000e-06   0.00000000e+00   0.00000000e+00   8.00982697e-12   2.18517174e-24  -5.74701768e-24  -1.43261315e-52
  9.84000000e-06   0.00000000e+00   0.00000000e+00   9.39683062e-12   2.56356208e-24  -6.74218705e-24  -1.97186448e-52
  9.92000000e-06   0.00000000e+00   0.00000000e+00   8.43545727e-12   2.30128851e-24  -6.05240566e-24  -1.58903255e-52
  1.00000000e-05   0.00000000e+00   0.00000000e+00   5.46048681e-12   1.48968280e-24  -3.91787667e-24  -6.65797746e-53
  1.00800000e-05   0.00000000e+00   0.00000000e+00   2.25004613e-12   6.13838130e-25  -1.61439878e-24  -1.13104168e-53
  1.01600000e-05   1.16033452e-13   4.90750627e-14   9.70072081e-13   1.00106974e-25  -3.06983773e-25   3.55591112e-27
  1.02400000e-05   0.00000000e+00   0.00000000e+00   3.21641559e-12   8.77474689e-25  -2.30776486e-24  -2.30991486e-53
  1.03200000e-05   2.42973003e-12   9.01650239e-13   2.64373354e-12  -2.30182769e-24   6.24957221e-24  -1.59276261e-26
  1.04000000e-05  -4.62779700e-13  -2.03475333e-13   4.89043037e-12   2.01638048e-24  -5.06047917e-24  -1.97411523e-26
  1.04800000e-05  -6.20659644e-12  -2.37748056e-12   8.57340674e-12   1.03101799e-23  -2.69609657e-23  -1.26024788e-26
  1.05600000e-05  -3.15146032e-12  -1.15293117e-12   1.68047444e-12   4.32401969e-24  -1.17720031e-23   3.25308170e-26
  1.06400000e-05   6.33995031e-12   2.57163802e-12   4.84694856e-12  -7.29992901e-24   1.77790275e-23   1.15529208e-25
  1.07200000e-05   1.72421806e-12  -2.26743534e-13   2.26815495e-12   1.37900799e-24   4.15359578e-24  -6.33073809e-25
  1.08000000e-05  -6.79563627e-13  -3.64518169e-13   3.68426822e-12   2.22727290e-24  -4.92189964e-24  -7.61476039e-26
  1.08800000e-05   0.00000000e+00   0.00000000e+00   4.16048262e-12   1.13502689e-24  -2.98512905e-24  -3.86573827e-53
  1.09600000e-05   0.00000000e+00   0.00000000e+00   2.60951598e-12   7.11905587e-25  -1.87231691e-24  -1.52034894e-53
  1.10400000e-05   0.00000000e+00   0.00000000e+00   4.52756690e-12   1.23517165e-24  -3.24851050e-24  -4.57706326e-53
  1.11200000e-05   0.00000000e+00   0.00000000e+00   4.25866022e-12   1.16181086e-24  -3.05557107e-24  -4.05032655e-53
  1.12000000e-05   0.00000000e+00   0.00000000e+00   3.45281467e-12   9.41967043e-25  -2.47738023e-24  -2.66188556e-53
  1.12800000e-05   0.00000000e+00   0.00000000e+00   9.97857914e-12   2.72226968e-24  -7.15958921e-24  -2.22338207e-52
  1.13600000e-05   0.00000000e+00   0.00000000e+00   6.61613019e-13   1.80495543e-25  -4.74704601e-25  -9.78071729e-55
  1.14400000e-05   0.00000000e+00   0.00000000e+00   6.61256092e-12   1.80398169e-24  -4.74448508e-24  -9.76627813e-53
  1.15200000e-05   0.00000000e+00   0.00000000e+00   1.34070740e-12   3.65760200e-25  -9.61952006e-25  -4.01788954e-54
  1.16000000e-05   0.00000000e+00   0.00000000e+00   1.02724412e-11   2.80243860e-24  -7.37043405e-24  -2.35607512e-52
  1.16800000e-05   0.00000000e+00   0.00000000e+00   4.55604477e-12   1.24294074e-24  -3.26894325e-24  -4.63665464e-53
  1.17600000e-05   0.00000000e+00   0.00000000e+00   8.12360927e-12   2.21621284e-24  -5.82865601e-24  -1.47341003e-52
  1.18400000e-05   0.00000000e+00   0.00000000e+00   5.32049165e-12   1.45149053e-24  -3.81743072e-24  -6.32158415e-53
  1.19200000e-05   0.00000000e+00   0.00000000e+00   1.18818289e-12   3.24149782e-25  -8.52516304e-25  -3.15395527e-54
  1.20000000e-05   0.00000000e+00   0.00000000e+00   3.06738605e-12   8.36817739e-25  -2.20083679e-24  -2.10122904e-53
  1.20800000e-05   0.00000000e+00   0.00000000e+00   2.12492122e-12   5.79702635e-25  -1.52462218e-24  -1.00840963e-53
  1.21600000e-05   0.00000000e+00   0.00000000e+00  -4.54359513e-12  -1.23954434e-24   3.26001069e-24  -4.60950001e-53
  1.22400000e-05   0.00000000e+00   0.00000000e+00  -1.28184375e-13  -3.49701528e-26   9.19717581e-26  -3.66247521e-56
  1.23200000e-05   0.00000000e+00   0.00000000e+00  -1.07064920e-12  -2.92085257e-25   7.68186367e-25  -2.55918672e-54
  1.24000000e-05   0.00000000e+00   0.00000000e+00   8.31804509e-12   2.26925714e-24  -5.96816290e-24  -1.54488445e-52
  1.24800000e-05   0.00000000e+00   0.00000000e+00   2.62836646e-12   7.17048211e-25  -1.88584205e-24  -1.54296882e-53
  1.25600000e-05   0.00000000e+00   0.00000000e+00   6.39413680e-13   1.74439311e-25  -4.58776667e-25  -9.13702197e-55
  1.26400000e-05   0.00000000e+00   0.00000000e+00   1.33551689e-11   3.64344169e-24  -9.58227836e-24  -3.98263930e-52
  1.27200000e-05   0.00000000e+00   0.00000000e+00   3.04635251e-12   8.31079550e-25  -2.18574531e-24  -2.07269002e-53
  1.28000000e-05   0.00000000e+00   0.00000000e+00   9.52425109e-12   2.59832383e-24  -6.83361071e-24  -2.02577857e-52
  1.28800000e-05   0.00000000e+00   0.00000000e+00   8.76157047e-12   2.39025590e-24  -6.28639053e-24  -1.71432805e-52
  1.29600000e-05   0.00000000e+00   0.00000000e+00   8.21748731e-12   2.24182383e-24  -5.89601311e-24  -1.50794412e-52
  1.30400000e-05   0.00000000e+00   0.00000000e+00   6.40195302e-12   1.74652546e-24  -4.59337478e-24  -9.15302983e-53
  1.31200000e-05   0.00000000e+00   0.00000000e+00   4.23479890e-12   1.15530122e-24  -3.03845067e-24  -4.00520088e-53
  1.32000000e-05   0.00000000e+00   0.00000000e+00   5.33349036e-12   1.45503672e-24  -3.82675725e-24  -6.35231988e-53
  1.32800000e-05   0.00000000e+00   0.00000000e+00   1.87518144e-12   5.11570787e-25  -1.34543492e-24  -7.85443994e-54
  1.33600000e-05   0.00000000e+00   0.00000000e+00  -2.91972675e-13  -7.96534604e-26   2.09489185e-25  -1.90012127e-55
  1.34400000e-05   0.00000000e+00   0.00000000e+00   2.76989493e-12   7.55658785e-25  -1.98738814e-24  -1.71347094e-53
  1.35200000e-05   0.00000000e+00   0.00000000e+00   3.92756264e-12   1.07148368e-24  -2.81800993e-24  -3.44433119e-53
  1.36000000e-05   0.00000000e+00   0.00000000e+00   3.76178086e-12   1.02625653e-24  -2.69906219e-24  -3.16027406e-53
  1.36800000e-05   0.00000000e+00   0.00000000e+00   2.56289966e-12   6.99188124e-25  -1.83886989e-24  -1.46695622e-53
  1.37600000e-05   0.00000000e+00   0.00000000e+00   5.36668689e-12   1.46409311e-24  -3.85057562e-24  -6.43106814e-53
  1.38400000e-05   0.00000000e+00   0.00000000e+00   3.55478559e-12   9.69785866e-25  -2.55054394e-24  -2.82206231e-53
  1.39200000e-05   0.00000000e+00   0.00000000e+00   2.35590439e-12   6.42717463e-25  -1.69035164e-24  -1.23957763e-53
  1.40000000e-05   0.00000000e+00   0.00000000e+00   3.53948656e-12   9.65612117e-25  -2.53956695e-24  -2.79770238e-53
  1.40800000e-05   0.00000000e+00   0.00000000e+00   9.51418936e-12   2.59557887e-24  -6.82639147e-24  -2.02129271e-52
  1.41600000e-05   0.00000000e+00   0.00000000e+00   1.10504732e-11   3.01469454e-24  -7.92866876e-24  -2.72677822e-52
  1.42400000e-05   0.00000000e+00   0.00000000e+00   8.40102727e-12   2.29189562e-24  -6.02770228e-24  -1.57586348e-52
  1.43200000e-05   0.00000000e+00   0.00000000e+00   5.88533622e-12   1.60558654e-24  -4.22270436e-24  -7.73589584e-53
  1.44000000e-05   0.00000000e+00   0.00000000e+00   6.68345846e-12   1.82332334e-24  -4.79535376e-24  -9.97340885e-53
  1.44800000e-05   0.00000000e+00   0.00000000e+00   6.29114489e-12   1.71629575e-24  -4.51387040e-24  -8.83801621e-53
  1.45600000e-05   0.00000000e+00   0.00000000e+00   4.47022013e-12   1.21952680e-24  -3.20736443e-24  -4.46265147e-53
  1.46400000e-05   0.00000000e+00   0.00000000e+00   5.63995872e-12   1.53864477e-24  -4.04664702e-24  -7.10307459e-53
  1.47200000e-05   0.00000000e+00   0.00000000e+00   6.08845943e-12   1.66100085e-24  -4.36844443e-24  -8.27770594e-53
  1.48000000e-05   0.00000000e+00   0.00000000e+00   2.06694245e-12   5.63885365e-25  -1.48302265e-24  -9.54177372e-54
  1.48800000e-05   0.00000000e+00   0.00000000e+00   5.43727326e-12   1.48334987e-24  -3.90122104e-24  -6.60171122e-53
  1.49600000e-05   0.00000000e+00   0.00000000e+00   5.88577397e-12   1.60570596e-24  -4.22301845e-24  -7.73574323e-53
  1.50400000e-05   0.00000000e+00   0.00000000e+00   8.55842470e-12   2.33483542e-24  -6.14063428e-24  -1.63555561e-52
  1.51200000e-05   0.00000000e+00   0.00000000e+00   4.90666839e-12   1.33859484e-24  -3.52051425e-24  -5.37671689e-53
  1.52000000e-05   0.00000000e+00   0.00000000e+00   8.23416119e-12   2.24637265e-24  -5.90797655e-24  -1.51396338e-52
  1.52800000e-05   0.00000000e+00   0.00000000e+00   1.02451080e-11   2.79498178e-24  -7.35082258e-24  -2.34376968e-52
  1.53600000e-05   0.00000000e+00   0.00000000e+00   3.74908493e-12   1.02279293e-24  -2.68995291e-24  -3.13911224e-53
  1.54400000e-05   0.00000000e+00   0.00000000e+00   9.92084451e-12   2.70651901e-24  -7.11816485e-24  -2.19775075e-52
  1.55200000e-05   0.00000000e+00   0.00000000e+00   1.19317913e-11   3.25512814e-24  -8.56101088e-24  -3.17904124e-52
  1.56000000e-05   0.00000000e+00   0.00000000e+00   7.50955140e-12   2.04869087e-24  -5.38807203e-24  -1.25928424e-52
  1.56800000e-05   0.00000000e+00   0.00000000e+00   5.28786750e-12   1.44259029e-24  -3.79402304e-24  -6.24357859e-53
  1.57600000e-05   0.00000000e+00   0.00000000e+00   6.78335120e-12   1.85057522e-24  -4.86702639e-24  -1.02746687e-52
  1.58400000e-05   0.00000000e+00   0.00000000e+00   4.32728078e-12   1.18053132e-24  -3.10480604e-24  -4.18200322e-53
  1.59200000e-05   0.00000000e+00   0.00000000e+00   5.22386628e-12   1.42513003e-24  -3.74810243e-24  -6.09335078e-53
  1.60000000e-05   0.00000000e+00   0.00000000e+00   6.71934998e-12   1.83311496e-24  -4.82110578e-24  -1.00816942e-52
  1.60800000e-05   0.00000000e+00   0.00000000e+00   5.11378290e-12   1.39509803e-24  -3.66911806e-24  -5.83982304e-53
  1.61600000e-05   0.00000000e+00   0.00000000e+00   5.71992000e-12   1.56045911e-24  -4.10401892e-24  -7.30593802e-53
  1.62400000e-05   0.00000000e+00   0.00000000e+00   4.98198261e-12   1.35914141e-24  -3.57455189e-24  -5.54268048e-53
  1.63200000e-05   0.00000000e+00   0.00000000e+00   4.41895831e-12   1.20554199e-24  -3.17058429e-24  -4.36070595e-53
  1.64000000e-05   0.00000000e+00   0.00000000e+00   5.84557678e-12   1.59473971e-24  -4.19417713e-24  -7.63046429e-53
  1.64800000e-05   0.00000000e+00   0.00000000e+00   4.28715802e-12   1.16958538e-24  -3.07601812e-24  -4.10446352e-53
  1.65600000e-05   0.00000000e+00   0.00000000e+00   3.72413372e-12   1.01598596e-24  -2.67205052e-24  -3.09720611e-53
  1.66400000e-05   0.00000000e+00   0.00000000e+00   4.43416804e-12   1.20969138e-24  -3.18149721e-24  -4.39075067e-53
  1.67200000e-05   0.00000000e+00   0.00000000e+00   8.07245254e-12   2.20225669e-24  -5.79195127e-24  -1.45515207e-52
  1.68000000e-05   0.00000000e+00   0.00000000e+00   8.50215104e-12   2.31948332e-24  -6.10025816e-24  -1.61419242e-52
  1.68800000e-05   0.00000000e+00   0.00000000e+00   4.07301892e-12   1.11116580e-24  -2.92237421e-24  -3.70465986e-53
  1.69600000e-05   0.00000000e+00   0.00000000e+00   8.33552719e-12   2.27402644e-24  -5.98070624e-24  -1.55154261e-52
  1.70400000e-05   0.00000000e+00   0.00000000e+00   6.54541847e-12   1.78566446e-24  -4.69631065e-24  -9.56584017e-53
  1.71200000e-05   0.00000000e+00   0.00000000e+00   9.85344005e-12   2.68813030e-24  -7.06980243e-24  -2.16791607e-52
  1.72000000e-05   0.00000000e+00   0.00000000e+00   6.28487988e-12   1.71458658e-24  -4.50937529e-24  -8.82109468e-53
  1.72800000e-05   0.00000000e+00   0.00000000e+00   5.52663910e-12   1.50772989e-24  -3.96534067e-24  -6.82064088e-53
  1.73600000e-05   0.00000000e+00   0.00000000e+00   5.53609014e-12   1.51030824e-24  -3.97212175e-24  -6.84398865e-53
  1.74400000e-05   0.00000000e+00   0.00000000e+00   3.59545819e-12   9.80881812e-25  -2.57972637e-24  -2.88706111e-53
  1.75200000e-05   0.00000000e+00   0.00000000e+00   3.84026230e-12   1.04766715e-24  -2.75537230e-24  -3.29324977e-53
  1.76000000e-05   0.00000000e+00   0.00000000e+00   3.84971335e-12   1.05024551e-24  -2.76215339e-24  -3.30947938e-53
  1.76800000e-05   0.00000000e+00   0.00000000e+00   9.06036512e-13   2.47177046e-25  -6.50077445e-25  -1.83387809e-54
  1.77600000e-05   0.00000000e+00   0.00000000e+00   6.07899339e-12   1.65841841e-24  -4.36165258e-24  -8.25223083e-53
  1.78400000e-05   0.00000000e+00   0.00000000e+00   6.32965537e-12   1.72680184e-24  -4.54150152e-24  -8.94621087e-53
  1.79200000e-05   0.00000000e+00   0.00000000e+00   7.73802233e-12   2.11102033e-24  -5.55199898e-24  -1.33703678e-52
  1.80000000e-05   0.00000000e+00   0.00000000e+00   7.36551081e-12   2.00939496e-24  -5.28472351e-24  -1.21147071e-52
  1.80800000e-05   0.00000000e+00   0.00000000e+00   8.45089573e-12   2.30550029e-24  -6.06348269e-24  -1.59474244e-52
  1.81600000e-05   0.00000000e+00   0.00000000e+00   9.85926269e-12   2.68971879e-24  -7.07398015e-24  -2.17058364e-52
  1.82400000e-05   0.00000000e+00   0.00000000e+00   9.03009925e-12   2.46351359e-24  -6.47905882e-24  -1.82086073e-52
  1.83200000e-05   0.00000000e+00   0.00000000e+00   7.21164792e-12   1.96741942e-24  -5.17432752e-24  -1.16136970e-52
  1.84000000e-05   0.00000000e+00   0.00000000e+00   7.32466734e-12   1.99825240e-24  -5.25541848e-24  -1.19805649e-52
  1.84800000e-05   0.00000000e+00   0.00000000e+00   5.09975877e-12   1.39127209e-24  -3.65905580e-24  -5.80848716e-53
  1.85600000e-05   0.00000000e+00   0.00000000e+00   4.79035742e-12   1.30686388e-24  -3.43706161e-24  -5.12416628e-53
  1.86400000e-05   0.00000000e+00   0.00000000e+00   3.82393284e-12   1.04321229e-24  -2.74365598e-24  -3.26591215e-53
  1.87200000e-05   0.00000000e+00   0.00000000e+00   9.77088238e-13   2.66560763e-25  -7.01056765e-25  -2.13347232e-54
  1.88000000e-05   0.00000000e+00   0.00000000e+00   5.04137260e-12   1.37534368e-24  -3.61716397e-24  -5.67496107e-53
  1.88800000e-05   0.00000000e+00   0.00000000e+00   4.89997301e-12   1.33676826e-24  -3.51571035e-24  -5.36169855e-53
  1.89600000e-05   0.00000000e+00   0.00000000e+00   4.36487722e-12   1.19078805e-24  -3.13178133e-24  -4.25461760e-53
  1.90400000e-05   0.00000000e+00   0.00000000e+00   8.01696446e-12   2.18711891e-24  -5.75213880e-24  -1.43515651e-52
  1.91200000e-05   0.00000000e+00   0.00000000e+00   5.59378278e-12   1.52604744e-24  -4.01351598e-24  -6.98754699e-53
  1.92000000e-05   0.00000000e+00   0.00000000e+00   5.05868699e-12   1.38006724e-24  -3.62958696e-24  -5.71465819e-53
  1.92800000e-05   0.00000000e+00   0.00000000e+00   1.09925563e-11   2.99889415e-24  -7.88711364e-24  -2.69825625e-52
  1.93600000e-05   0.00000000e+00   0.00000000e+00   8.62875484e-12   2.35402227e-24  -6.19109587e-24  -1.66255041e-52
  1.94400000e-05   0.00000000e+00   0.00000000e+00   1.05836342e-11   2.88733555e-24  -7.59371371e-24  -2.50122492e-52
  1.95200000e-05   0.00000000e+00   0.00000000e+00   5.87825801e-12   1.60365551e-24  -4.21762578e-24  -7.71671803e-53
  1.96000000e-05   0.00000000e+00   0.00000000e+00   9.54622840e-12   2.60431947e-24  -6.84937935e-24  -2.03490701e-52
  1.96800000e-05   0.00000000e+00   0.00000000e+00   7.34053371e-12   2.00258092e-24  -5.26680254e-24  -1.20332851e-52
  1.97600000e-05   0.00000000e+00   0.00000000e+00   5.59808931e-12   1.52722231e-24  -4.01660590e-24  -6.99868744e-53
  1.98400000e-05   0.00000000e+00   0.00000000e+00   3.44448144e-12   9.39693638e-25  -2.47140117e-24  -2.64918822e-53
  1.99200000e-05   0.00000000e+00   0.00000000e+00   4.60272631e-12   1.25567599e-24  -3.30243707e-24  -4.73064773e-53
  2.00000000e-05   0.00000000e+00   0.00000000e+00   5.14763135e-12   1.40433227e-24  -3.69340418e-24  -5.91706773e-53
  2.00800000e-05   0.00000000e+00   0.00000000e+00   5.93353117e-12   1.61873466e-24  -4.25728405e-24  -7.86153826e-53
  2.01600000e-05   0.00000000e+00   0.00000000e+00   7.36902651e-12   2.01035408e-24  -5.28724601e-24  -1.21259387e-52
  2.02400000e-05   0.00000000e+00   0.00000000e+00   7.91393155e-12   2.15901036e-24  -5.67821311e-24  -1.39855729e-52
  2.03200000e-05   0.00000000e+00   0.00000000e+00   8.42258091e-12   2.29777568e-24  -6.04316692e-24  -1.58408319e-52
  2.04000000e-05   0.00000000e+00   0.00000000e+00   7.10672272e-12   1.93879463e-24  -5.09904412e-24  -1.12785854e-52
  2.04800000e-05   0.00000000e+00   0.00000000e+00   8.05133580e-12   2.19649580e-24  -5.77680010e-24  -1.44751235e-52
  2.05600000e-05   0.00000000e+00   0.00000000e+00   9.29439383e-12   2.53561614e-24  -6.66868909e-24  -1.92899357e-52
  2.06400000e-05   0.00000000e+00   0.00000000e+00   7.20629105e-12   1.96595800e-24  -5.17048399e-24  -1.15968306e-52
  2.07200000e-05   0.00000000e+00   0.00000000e+00   9.18081004e-12   2.50462920e-24  -6.58719319e-24  -1.88213366e-52
  2.08000000e-05   0.00000000e+00   0.00000000e+00   1.04238681e-11   2.84374954e-24  -7.47908218e-24  -2.42631970e-52
  2.08800000e-05   0.00000000e+00   0.00000000e+00   7.30585938e-12   1.99312137e-24  -5.24192386e-24  -1.19195034e-52
  2.09600000e-05   0.00000000e+00   0.00000000e+00   6.65028212e-12   1.81427245e-24  -4.77154988e-24  -9.87586462e-53
  2.10400000e-05   0.00000000e+00   0.00000000e+00   7.15075413e-12   1.95080690e-24  -5.13063648e-24  -1.14182422e-52
  2.11200000e-05   0.00000000e+00   0.00000000e+00   3.18553043e-12   8.69048862e-25  -2.28560489e-24  -2.26632461e-53
  2.12000000e-05   0.00000000e+00   0.00000000e+00   6.49944375e-12   1.77312203e-24  -4.66332398e-24  -9.43294230e-53
  2.12800000e-05   0.00000000e+00   0.00000000e+00   8.89587173e-12   2.42689479e-24  -6.38275113e-24  -1.76714912e-52
  2.13600000e-05   0.00000000e+00   0.00000000e+00   9.46814768e-12   2.58301816e-24  -6.79335675e-24  -2.00182746e-52
  2.14400000e-05   0.00000000e+00   0.00000000e+00   8.81971856e-12   2.40611934e-24  -6.32811155e-24  -1.73699918e-52
  2.15200000e-05   0.00000000e+00   0.00000000e+00   8.31354690e-12   2.26802997e-24  -5.96493548e-24  -1.54348954e-52
  2.16000000e-05   0.00000000e+00   0.00000000e+00   6.18267237e-12   1.68670320e-24  -4.43604183e-24  -8.53675948e-53
  2.16800000e-05   0.00000000e+00   0.00000000e+00   8.48548897e-12   2.31493771e-24  -6.08830320e-24  -1.60784209e-52
  2.17600000e-05   0.00000000e+00   0.00000000e+00   5.42315898e-12   1.47949933e-24  -3.89109411e-24  -6.56826235e-53
  2.18400000e-05   0.00000000e+00   0.00000000e+00   3.29228444e-12   8.98172568e-25  -2.36220046e-24  -2.42085139e-53
  2.19200000e-05   0.00000000e+00   0.00000000e+00   8.15125938e-12   2.22375609e-24  -5.84849485e-24  -1.48367411e-52
  2.20000000e-05   0.00000000e+00   0.00000000e+00   6.50853735e-12   1.77560287e-24  -4.66984860e-24  -9.45920213e-53
  2.20800000e-05   0.00000000e+00   0.00000000e+00   7.58370473e-12   2.06892074e-24  -5.44127674e-24  -1.28437418e-52
  2.21600000e-05   0.00000000e+00   0.00000000e+00   5.79735854e-12   1.58158522e-24  -4.15958075e-24  -7.50579909e-53
  2.22400000e-05   0.00000000e+00   0.00000000e+00   4.91815347e-12   1.34172809e-24  -3.52875475e-24  -5.40115770e-53
  2.23200000e-05   0.00000000e+00   0.00000000e+00   6.59479484e-12   1.79913489e-24  -4.73173799e-24  -9.71259204e-53
  2.24000000e-05   0.00000000e+00   0.00000000e+00   4.80844865e-12   1.31179937e-24  -3.45004200e-24  -5.16361031e-53
  2.24800000e-05   0.00000000e+00   0.00000000e+00   3.32776959e-12   9.07853319e-25  -2.38766090e-24  -2.47274553e-53
  2.25600000e-05   0.00000000e+00   0.00000000e+00   2.77770773e-12   7.57790200e-25  -1.99299380e-24  -1.72350248e-53
  2.26400000e-05   0.00000000e+00   0.00000000e+00  -6.93158609e-13  -1.89101537e-25   4.97338432e-25  -1.07157993e-54
  2.27200000e-05   0.00000000e+00   0.00000000e+00   7.29914249e-12   1.99128893e-24  -5.23710452e-24  -1.18979606e-52
  2.28000000e-05   0.00000000e+00   0.00000000e+00   9.37782662e-12   2.55837755e-24  -6.72855177e-24  -1.96363487e-52
  2.28800000e-05   0.00000000e+00   0.00000000e+00   1.34219776e-11   3.66166784e-24  -9.63021333e-24  -4.02256863e-52
  2.29600000e-05   0.00000000e+00   0.00000000e+00   9.54697980e-12   2.60452446e-24  -6.84991848e-24  -2.03542359e-52
  2.30400000e-05   0.00000000e+00   0.00000000e+00   1.40824232e-11   3.84184490e-24  -1.01040803e-23  -4.42819526e-52
  2.31200000e-05   0.00000000e+00   0.00000000e+00   1.09876967e-11   2.99756838e-24  -7.88362688e-24  -2.69610475e-52
  2.32000000e-05   0.00000000e+00   0.00000000e+00   8.93558742e-12   2.43772968e-24  -6.41124697e-24  -1.78309429e-52
  2.32800000e-05   0.00000000e+00   0.00000000e+00   8.88371771e-12   2.42357903e-24  -6.37403067e-24  -1.76236747e-52
  2.33600000e-05   0.00000000e+00   0.00000000e+00   7.44034720e-12   2.02981117e-24  -5.33841831e-24  -1.23628759e-52
  2.34400000e-05   0.00000000e+00   0.00000000e+00   5.38823793e-12   1.46997247e-24  -3.86603841e-24  -6.48392584e-53
  2.35200000e-05   0.00000000e+00   0.00000000e+00   5.33975546e-12   1.45674590e-24  -3.83125243e-24  -6.36725486e-53
  2.36000000e-05   0.00000000e+00   0.00000000e+00   5.33053753e-12   1.45423114e-24  -3.82463860e-24  -6.34588445e-53
  2.36800000e-05   0.00000000e+00   0.00000000e+00   3.02342621e-12   8.24824990e-25  -2.16929579e-24  -2.04166627e-53
  2.37600000e-05   0.00000000e+00   0.00000000e+00   9.79763640e-12   2.67290642e-24  -7.02976355e-24  -2.14345485e-52
  2.38400000e-05   0.00000000e+00   0.00000000e+00   4.90064097e-12   1.33695048e-24  -3.51618960e-24  -5.36364523e-53
  2.39200000e-05   0.00000000e+00   0.00000000e+00   8.98334058e-12   2.45075728e-24  -6.44550967e-24  -1.80195766e-52
  2.40000000e-05   0.00000000e+00   0.00000000e+00   1.18219114e-11   3.22515161e-24  -8.48217245e-24  -3.12070335e-52
  2.40800000e-05   0.00000000e+00   0.00000000e+00   9.70727211e-12   2.64825402e-24  -6.96492754e-24  -2.10413578e-52
  2.41600000e-05   0.00000000e+00   0.00000000e+00   9.42546369e-12   2.57137348e-24  -6.76273117e-24  -1.98394996e-52
  2.42400000e-05   0.00000000e+00   0.00000000e+00   7.50637798e-12   2.04782511e-24  -5.38579512e-24  -1.25832196e-52
  2.43200000e-05   0.00000000e+00   0.00000000e+00   9.66268097e-12   2.63608905e-24  -6.93293359e-24  -2.08491499e-52
  2.44000000e-05   0.00000000e+00   0.00000000e+00   6.27343994e-12   1.71146562e-24  -4.50116718e-24  -8.78916994e-53
  2.44800000e-05   0.00000000e+00   0.00000000e+00   4.35435423e-12   1.18791726e-24  -3.12423113e-24  -4.23446476e-53
  2.45600000e-05   0.00000000e+00   0.00000000e+00   9.75092812e-12   2.66016387e-24  -6.99625055e-24  -2.12317148e-52
  2.46400000e-05   0.00000000e+00   0.00000000e+00   3.12141620e-12   8.51557770e-25  -2.23960320e-24  -2.17607204e-53
  2.47200000e-05   0.00000000e+00   0.00000000e+00   8.50831665e-12   2.32116536e-24  -6.10468197e-24  -1.61667932e-52
  2.48000000e-05   0.00000000e+00   0.00000000e+00   5.88818317e-12   1.60636320e-24  -4.22474704e-24  -7.74308620e-53
  2.48800000e-05   0.00000000e+00   0.00000000e+00   9.10286789e-12   2.48336568e-24  -6.53127002e-24  -1.85022357e-52
  2.49600000e-05   0.00000000e+00   0.00000000e+00   8.39577117e-12   2.29046167e-24  -6.02393106e-24  -1.57419391e-52
  2.50400000e-05   0.00000000e+00   0.00000000e+00   5.77563769e-12   1.57565952e-24  -4.14399613e-24  -7.44993180e-53
  2.51200000e-05   0.00000000e+00   0.00000000e+00   1.02664861e-11   2.80081393e-24  -7.36616125e-24  -2.35350643e-52
  2.52000000e-05   0.00000000e+00   0.00000000e+00   5.46300044e-12   1.49036853e-24  -3.91968020e-24  -6.66545784e-53
  2.52800000e-05   0.00000000e+00   0.00000000e+00   2.22478351e-12   6.06946194e-25  -1.59627296e-24  -1.10569842e-53
  2.53600000e-05   0.00000000e+00   0.00000000e+00   1.05767968e-11   2.88547021e-24  -7.58880790e-24  -2.49787057e-52
  2.54400000e-05   0.00000000e+00   0.00000000e+00   4.79719922e-12   1.30873040e-24  -3.44197058e-24  -5.13986788e-53
  2.55200000e-05   0.00000000e+00   0.00000000e+00   8.77470871e-12   2.39384013e-24  -6.29581717e-24  -1.71931178e-52
  2.56000000e-05   0.00000000e+00   0.00000000e+00   1.04081455e-11   2.83946024e-24  -7.46780133e-24  -2.41904061e-52
  2.56800000e-05   0.00000000e+00   0.00000000e+00   9.89980302e-12   2.70077863e-24  -7.10306768e-24  -2.18848671e-52
  2.57600000e-05   0.00000000e+00   0.00000000e+00   1.12829562e-11   3.07811852e-24  -8.09547438e-24  -2.84293282e-52
  2.58400000e-05   0.00000000e+00   0.00000000e+00   9.45064167e-12   2.57824232e-24  -6.78079627e-24  -1.99455862e-52
  2.59200000e-05   0.00000000e+00   0.00000000e+00   1.03744734e-11   2.83027409e-24  -7.44364168e-24  -2.40337905e-52
  2.60000000e-05   0.00000000e+00   0.00000000e+00   9.97211011e-12   2.72050483e-24  -7.15494772e-24  -2.22073757e-52
  2.60800000e-05   0.00000000e+00   0.00000000e+00   8.13979556e-12   2.22062862e-24  -5.84026962e-24  -1.47963500e-52
  2.61600000e-05   0.00000000e+00   0.00000000e+00   9.91722993e-12   2.70553289e-24  -7.11557141e-24  -2.19619206e-52
  2.62400000e-05   0.00000000e+00   0.00000000e+00   8.66126400e-12   2.36289113e-24  -6.21442106e-24  -1.67528493e-52
  2.63200000e-05   0.00000000e+00   0.00000000e+00   2.24067013e-12   6.11280242e-25  -1.60767154e-24  -1.12149152e-53
  2.64000000e-05   0.00000000e+00   0.00000000e+00   7.63323229e-12   2.08243241e-24  -5.47681256e-24  -1.30109968e-52
  2.64800000e-05   0.00000000e+00   0.00000000e+00   1.79805049e-13   4.90528581e-26  -1.29009378e-25  -7.24790452e-56
  2.65600000e-05   0.00000000e+00   0.00000000e+00   5.38176982e-12   1.46820789e-24  -3.86139756e-24  -6.46755093e-53
  2.66400000e-05   0.00000000e+00   0.00000000e+00   6.05286760e-12   1.65129098e-24  -4.34290744e-24  -8.18113333e-53
  2.67200000e-05   0.00000000e+00   0.00000000e+00  -4.70832159e-12  -1.28448357e-24   3.37820125e-24  -4.94960108e-53
  2.68000000e-05   0.00000000e+00   0.00000000e+00   8.56505322e-12   2.33664373e-24  -6.14539022e-24  -1.63823614e-52
  2.68800000e-05   0.00000000e+00   0.00000000e+00   7.52281847e-12   2.05231026e-24  -5.39759111e-24  -1.26380295e-52
  2.69600000e-05   0.00000000e+00   0.00000000e+00   1.17568329e-11   3.20739746e-24  -8.43547894e-24  -3.08629871e-52
  2.70400000e-05   0.00000000e+00   0.00000000e+00   8.50174589e-12   2.31937278e-24  -6.09996748e-24  -1.61417550e-52
  2.71200000e-05   0.00000000e+00   0.00000000e+00   6.04678290e-12   1.64963101e-24  -4.33854170e-24  -8.16574835e-53
  2.72000000e-05   0.00000000e+00   0.00000000e+00   1.92884220e-11   5.26210045e-24  -1.38393629e-23  -8.30746624e-52
  2.72800000e-05   0.00000000e+00   0.00000000e+00   8.51381553e-12   2.32266551e-24  -6.10862740e-24  -1.61876177e-52
  2.73600000e-05   0.00000000e+00   0.00000000e+00   1.29620520e-11   3.53619491e-24  -9.30021865e-24  -3.75244181e-52
  2.74400000e-05   0.00000000e+00   0.00000000e+00   5.40626254e-12   1.47488978e-24  -3.87897099e-24  -6.52903735e-53
  2.75200000e-05   0.00000000e+00   0.00000000e+00   1.36032319e-11   3.71111605e-24  -9.76026255e-24  -4.13182958e-52
  2.76000000e-05   0.00000000e+00   0.00000000e+00   6.58127592e-12   1.79544677e-24  -4.72203822e-24  -9.67493372e-53
  2.76800000e-05   0.00000000e+00   0.00000000e+00  -9.74513556e-13  -2.65858359e-25   6.99209442e-25  -2.11658984e-54
  2.77600000e-05   0.00000000e+00   0.00000000e+00   1.42159661e-11   3.87827691e-24  -1.01998968e-23  -4.51245513e-52
  2.78400000e-05   0.00000000e+00   0.00000000e+00   2.00499821e-13   5.46986268e-26  -1.43857791e-25  -9.06177142e-56
  2.79200000e-05   0.00000000e+00   0.00000000e+00   3.61550547e-12   9.86350927e-25  -2.59411021e-24  -2.91931337e-53
  2.80000000e-05   0.00000000e+00   0.00000000e+00   8.16453323e-12   2.22737733e-24  -5.85801879e-24  -1.48852634e-52
  2.80800000e-05   0.00000000e+00   0.00000000e+00   3.22220897e-12   8.79055179e-25  -2.31192160e-24  -2.31875518e-53
  2.81600000e-05   0.00000000e+00   0.00000000e+00   7.33380016e-12   2.00074392e-24  -5.26197125e-24  -1.20102178e-52
  2.82400000e-05   0.00000000e+00   0.00000000e+00   8.03750926e-12   2.19272375e-24  -5.76687961e-24  -1.44256910e-52
  2.83200000e-05   0.00000000e+00   0.00000000e+00   1.66627108e-11   4.54577661e-24  -1.19554260e-23  -6.19951276e-52
  2.84000000e-05   0.00000000e+00   0.00000000e+00   1.04834676e-11   2.86000894e-24  -7.52184459e-24  -2.45436337e-52
  2.84800000e-05   0.00000000e+00   0.00000000e+00   1.53691877e-11   4.19288884e-24  -1.10273286e-23  -5.27446604e-52
  2.85600000e-05   0.00000000e+00   0.00000000e+00   9.42356233e-12   2.57085476e-24  -6.76136696e-24  -1.98336070e-52
  2.86400000e-05   0.00000000e+00   0.00000000e+00   1.13711931e-11   3.10219053e-24  -8.15878395e-24  -2.88721698e-52
  2.87200000e-05   0.00000000e+00   0.00000000e+00   1.51208740e-11   4.12514605e-24  -1.08491645e-23  -5.10540295e-52
  2.88000000e-05   0.00000000e+00   0.00000000e+00   3.12828569e-12   8.53431841e-25  -2.24453203e-24  -2.18636061e-53
  2.88800000e-05   0.00000000e+00   0.00000000e+00   1.11228794e-11   3.03444773e-24  -7.98061990e-24  -2.76249189e-52
  2.89600000e-05   0.00000000e+00   0.00000000e+00   7.62178357e-12   2.07930906e-24  -5.46859816e-24  -1.29730610e-52
  2.90400000e-05   0.00000000e+00   0.00000000e+00   9.33610586e-12   2.54699564e-24  -6.69861730e-24  -1.94635159e-52
  2.91200000e-05   0.00000000e+00   0.00000000e+00   8.27860408e-12   2.25849715e-24  -5.93986415e-24  -1.53052840e-52
  2.92000000e-05   0.00000000e+00   0.00000000e+00   7.32283653e-12   1.99775291e-24  -5.25410489e-24  -1.19741516e-52
  2.92800000e-05   0.00000000e+00   0.00000000e+00   8.47510560e-12   2.31210500e-24  -6.08085318e-24  -1.60390497e-52
  2.93600000e-05   0.00000000e+00   0.00000000e+00   7.10493110e-12   1.93830584e-24  -5.09775865e-24  -1.12732950e-52
  2.94400000e-05   0.00000000e+00   0.00000000e+00   6.46183627e-12   1.76286227e-24  -4.63634077e-24  -9.32385900e-53
  2.95200000e-05   0.00000000e+00   0.00000000e+00   1.48409846e-11   4.04878905e-24  -1.06483450e-23  -4.91814514e-52
  2.96000000e-05   0.00000000e+00   0.00000000e+00   1.13193479e-11   3.08804657e-24  -8.12158526e-24  -2.86125310e-52
  2.96800000e-05   0.00000000e+00   0.00000000e+00   1.65818892e-11   4.52372757e-24  -1.18974369e-23  -6.13969488e-52
  2.97600000e-05   0.00000000e+00   0.00000000e+00   8.61597515e-12   2.35053581e-24  -6.18192650e-24  -1.65780238e-52
  2.98400000e-05   0.00000000e+00   0.00000000e+00   1.03861108e-11   2.83344890e-24  -7.45199149e-24  -2.40886491e-52
  2.99200000e-05   0.00000000e+00   0.00000000e+00   6.08277918e-12   1.65945120e-24  -4.36436888e-24  -8.26297838e-53
  3.00000000e-05   0.00000000e+00   0.00000000e+00   8.98256364e-12   2.45054531e-24  -6.44495222e-24  -1.80180455e-52
  3.00800000e-05   0.00000000e+00   0.00000000e+00   7.33532052e-12   2.00115869e-24  -5.26306210e-24  -1.20163507e-52
  3.01600000e-05   0.00000000e+00   0.00000000e+00   9.66426738e-12   2.63652182e-24  -6.93407183e-24  -2.08549862e-52
  3.02400000e-05   0.00000000e+00   0.00000000e+00   9.70871720e-12   2.64864824e-24  -6.96596440e-24  -2.10499209e-52
  3.03200000e-05   0.00000000e+00   0.00000000e+00   7.59781163e-12   2.07276924e-24  -5.45139839e-24  -1.28917053e-52
  3.04000000e-05   0.00000000e+00   0.00000000e+00   1.13808196e-11   3.10481675e-24  -8.16569096e-24  -2.89216994e-52
  3.04800000e-05   0.00000000e+00   0.00000000e+00   9.97120831e-12   2.72025879e-24  -7.15430068e-24  -2.22035145e-52
  3.05600000e-05   0.00000000e+00   0.00000000e+00   7.45983830e-12   2.03512855e-24  -5.35240310e-24  -1.24275732e-52
  3.06400000e-05   0.00000000e+00   0.00000000e+00   1.41185684e-11   3.85170570e-24  -1.01300144e-23  -4.45099116e-52
  3.07200000e-05   0.00000000e+00   0.00000000e+00   1.01327224e-11   2.76432168e-24  -7.27018641e-24  -2.29283801e-52
  3.08000000e-05   0.00000000e+00   0.00000000e+00   1.53190148e-11   4.17920110e-24  -1.09913297e-23  -5.24009612e-52
  3.08800000e-05   0.00000000e+00   0.00000000e+00   1.89281174e-11   5.16380525e-24  -1.35808459e-23  -8.00013473e-52
  3.09600000e-05   0.00000000e+00   0.00000000e+00   1.11331693e-11   3.03725492e-24  -7.98800285e-24  -2.76794268e-52
  3.10400000e-05   0.00000000e+00   0.00000000e+00   2.01285638e-11   5.49130065e-24  -1.44421612e-23  -9.04709749e-52
  3.11200000e-05   0.00000000e+00   0.00000000e+00   9.96141728e-12   2.71758769e-24  -7.14727566e-24  -2.21587138e-52
  3.12000000e-05   0.00000000e+00   0.00000000e+00   9.48577566e-12   2.58782725e-24  -6.80600477e-24  -2.00933299e-52
  3.12800000e-05   0.00000000e+00   0.00000000e+00   1.02186667e-11   2.78776824e-24  -7.33185104e-24  -2.33179717e-52
  3.13600000e-05   0.00000000e+00   0.00000000e+00   1.02991391e-11   2.80972202e-24  -7.38958966e-24  -2.36866781e-52
  3.14400000e-05   0.00000000e+00   0.00000000e+00   8.58842236e-12   2.34301909e-24  -6.16215749e-24  -1.64715065e-52
  3.15200000e-05   0.00000000e+00   0.00000000e+00   1.05563885e-11   2.87990258e-24  -7.57416503e-24  -2.48847372e-52
  3.16000000e-05   0.00000000e+00   0.00000000e+00   7.95808530e-12   2.17105598e-24  -5.70989326e-24  -1.41424282e-52
  3.16800000e-05   0.00000000e+00   0.00000000e+00   1.07263143e-11   2.92626026e-24  -7.69608608e-24  -2.56905706e-52
  3.17600000e-05   0.00000000e+00   0.00000000e+00   1.04139307e-11   2.84103848e-24  -7.47195218e-24  -2.42182369e-52
  3.18400000e-05   0.00000000e+00   0.00000000e+00   1.09960665e-11   2.99985173e-24  -7.88963218e-24  -2.69990310e-52
  3.19200000e-05   0.00000000e+00   0.00000000e+00   1.40034843e-11   3.82030943e-24  -1.00474420e-23  -4.37876922e-52
  3.20000000e-05   0.00000000e+00   0.00000000e+00   1.32828969e-11   3.62372501e-24  -9.53042352e-24  -3.94000341e-52
  3.20800000e-05   0.00000000e+00   0.00000000e+00   1.42732365e-11   3.89390089e-24  -1.02409881e-23  -4.54909708e-52
  3.21600000e-05   0.00000000e+00   0.00000000e+00   1.69510843e-11   4.62444815e-24  -1.21623328e-23  -6.41612223e-52
  3.22400000e-05   0.00000000e+00   0.00000000e+00   5.67976025e-12   1.54950305e-24  -4.07520446e-24  -7.20524256e-53
  3.23200000e-05   0.00000000e+00   0.00000000e+00   1.63747403e-11   4.46721499e-24  -1.17488084e-23  -5.98722543e-52
  3.24000000e-05   0.00000000e+00   0.00000000e+00   2.03551581e-11   5.55311814e-24  -1.46047417e-23  -9.25189914e-52
  3.24800000e-05   0.00000000e+00   0.00000000e+00   8.07755231e-13   2.20364794e-25  -5.79561035e-25  -1.45902692e-54
  3.25600000e-05   0.00000000e+00   0.00000000e+00   8.91512635e-12   2.43214764e-24  -6.39656625e-24  -1.77507234e-52
  3.26400000e-05   0.00000000e+00   0.00000000e+00   1.35514567e-11   3.69699117e-24  -9.72311407e-24  -4.10046545e-52
  3.27200000e-05   0.00000000e+00   0.00000000e+00   1.05284010e-11   2.87226728e-24  -7.55408416e-24  -2.47543054e-52
  3.28000000e-05   0.00000000e+00   0.00000000e+00   1.11581968e-11   3.04408270e-24  -8.00595999e-24  -2.78020490e-52
  3.28800000e-05   0.00000000e+00   0.00000000e+00   1.16561544e-11   3.17993121e-24  -8.36324256e-24  -3.03413075e-52
  3.29600000e-05   0.00000000e+00   0.00000000e+00   9.45031175e-12   2.57815229e-24  -6.78055956e-24  -1.99443907e-52
  3.30400000e-05  -3.12325648e-06  -1.80380584e-06   1.00539167e-11   6.04783243e-18  -1.04717126e-17  -4.42226196e-19
  3.31200000e-05  -1.72197136e-06  -9.94507500e-07   1.05781090e-11   3.33440245e-18  -5.77345883e-18  -2.43893833e-19
  3.32000000e-05  -8.33433725e-06  -4.81341391e-06   8.37234490e-12   1.61384761e-17  -2.79434752e-17  -1.18110820e-18
  3.32800000e-05  -3.23795675e-05  -1.87579811e-05   1.11394785e-11   6.28916538e-17  -1.08562035e-16  -4.64837373e-18
  3.33600000e-05  -2.77774768e-05  -1.60204808e-05  -2.54281164e-12   5.37130894e-17  -9.31316669e-17  -3.95188717e-18
  3.34400000e-05   0.00000000e+00   0.00000000e+00   0.00000000e+00   0.00000000e+00   0.00000000e+00   0.00000000e+00
  3.35200000e-05   0.00000000e+00   0.00000000e+00   0.00000000e+00   0.00000000e+00   0.00000000e+00   0.00000000e+00
