       time             b_x              b_y              b_z              F_x              F_y              F_z
  0.00000000e+00   0.00000000e+00   0.00000000e+00   0.00000000e+00   0.00000000e+00   0.00000000e+00   0.00000000e+00
  8.00000000e-08   0.00000000e+00   0.00000000e+00   0.00000000e+00   0.00000000e+00   0.00000000e+00   0.00000000e+00
  1.60000000e-07   5.03953915e-06   2.23666423e-06  -9.59806280e-15  -6.52537868e-18   1.47026544e-17  -1.57173868e-18
  2.40000000e-07   2.71556748e-05   1.20450360e-05  -1.77989104e-13  -3.51406982e-17   7.92251153e-17  -8.48588205e-18
  3.20000000e-07   3.65072524e-05   1.61923104e-05  -5.09029023e-14  -4.72397460e-17   1.06506934e-16  -1.14189020e-17
  4.00000000e-07   6.06021958e-05   2.69143965e-05   2.74294339e-13  -7.85191136e-17   1.76798714e-16  -1.89381220e-17
  4.80000000e-07   2.29904574e-05   1.02020229e-05   1.19029156e-12  -2.97625067e-17   6.70703897e-17  -7.21025010e-18
  5.60000000e-07   1.77461016e-05   7.85755414e-06   4.46915825e-12  -2.29227179e-17   5.17704236e-17  -5.59776753e-18
  6.40000000e-07  -9.25438948e-06  -4.10866502e-06  -1.59661487e-12   1.19861243e-17  -2.69976421e-17   2.90278415e-18
  7.20000000e-07   1.22085483e-11   4.52833965e-12   3.64871112e-12  -9.59063415e-24   3.00394407e-23  -5.19116749e-24
  8.00000000e-07  -5.77020265e-12  -3.48002930e-12  -2.00278800e-12   8.16531059e-24  -1.37724336e-23   4.05922033e-25
  8.80000000e-07  -1.38334166e-13  -1.36796417e-13  -7.12077935e-13  -3.07369546e-25   6.84728500e-25  -7.18301929e-26
  9.60000000e-07   0.00000000e+00   0.00000000e+00  -4.04705392e-12  -4.01503559e-24   6.18522973e-24  -1.79304844e-52
  1.04000000e-06   0.00000000e+00   0.00000000e+00   2.44314649e-12   2.42381750e-24  -3.73393155e-24  -6.53046662e-53
  1.12000000e-06   0.00000000e+00   0.00000000e+00   1.20113565e-12   1.19163284e-24  -1.83573040e-24  -1.57944933e-53
  1.20000000e-06   0.00000000e+00   0.00000000e+00   1.32284551e-12   1.31237979e-24  -2.02174310e-24  -1.91575890e-53
  1.28000000e-06   0.00000000e+00   0.00000000e+00  -7.06529823e-13  -7.00940102e-25   1.07980999e-24  -5.45959098e-54
  1.36000000e-06   0.00000000e+00   0.00000000e+00  -3.08176783e-12  -3.05738638e-24   4.70995504e-24  -1.03948319e-52
  1.44000000e-06   0.00000000e+00   0.00000000e+00  -6.34435523e-12  -6.29416176e-24   9.69626186e-24  -4.40607348e-52
  1.52000000e-06   0.00000000e+00   0.00000000e+00   1.17106644e-12   1.16180153e-24  -1.78977476e-24  -1.49926900e-53
  1.60000000e-06   0.00000000e+00   0.00000000e+00   7.81392571e-12   7.75210572e-24  -1.19422490e-23  -6.68311352e-52
  1.68000000e-06   0.00000000e+00   0.00000000e+00   3.17239797e-12   3.14729950e-24  -4.84846771e-24  -1.10194257e-52
  1.76000000e-06   0.00000000e+00   0.00000000e+00   7.16108998e-12   7.10443491e-24  -1.09445012e-23  -5.61380512e-52
  1.84000000e-06   0.00000000e+00   0.00000000e+00  -3.15672451e-12  -3.13175003e-24   4.82451350e-24  -1.09041389e-52
  1.92000000e-06   0.00000000e+00   0.00000000e+00  -6.00486574e-12  -5.95735816e-24   9.17741025e-24  -3.94724796e-52
  2.00000000e-06   0.00000000e+00   0.00000000e+00  -8.48166161e-12  -8.41455882e-24   1.29627691e-23  -7.87522129e-52
  2.08000000e-06   0.00000000e+00   0.00000000e+00   2.64498218e-12   2.62405636e-24  -4.04240288e-24  -7.65424077e-53
  2.16000000e-06   0.00000000e+00   0.00000000e+00   2.43446828e-12   2.41520795e-24  -3.72066838e-24  -6.49021551e-53
  2.24000000e-06   0.00000000e+00   0.00000000e+00  -2.18026203e-13  -2.16301285e-25   3.33215761e-25  -5.18833565e-55
  2.32000000e-06   0.00000000e+00   0.00000000e+00   2.55729556e-13   2.53706347e-25  -3.90838887e-25  -7.17277188e-55
  2.40000000e-06   0.00000000e+00   0.00000000e+00   7.60430625e-13   7.54414466e-25  -1.16218815e-24  -6.32972554e-54
  2.48000000e-06   0.00000000e+00   0.00000000e+00  -1.26246638e-12  -1.25247836e-24   1.92946394e-24  -1.74385697e-53
  2.56000000e-06   0.00000000e+00   0.00000000e+00   1.02607788e-12   1.01796005e-24  -1.56818455e-24  -1.15288981e-53
  2.64000000e-06   0.00000000e+00   0.00000000e+00   1.32367362e-13   1.31320136e-25  -2.02300873e-25  -1.92144151e-55
  2.72000000e-06   0.00000000e+00   0.00000000e+00  -5.08234807e-12  -5.04213899e-24   7.76749976e-24  -2.82758379e-52
  2.80000000e-06   0.00000000e+00   0.00000000e+00   4.02442412e-12   3.99258483e-24  -6.15064396e-24  -1.77306830e-52
  2.88000000e-06   0.00000000e+00   0.00000000e+00   4.56595007e-12   4.52982648e-24  -6.97827374e-24  -2.28234886e-52
  2.96000000e-06   0.00000000e+00   0.00000000e+00  -5.83114971e-12  -5.78501648e-24   8.91191500e-24  -3.72132049e-52
  3.04000000e-06   0.00000000e+00   0.00000000e+00   4.27379441e-12   4.23998222e-24  -6.53176379e-24  -1.99951930e-52
  3.12000000e-06   0.00000000e+00   0.00000000e+00  -6.07092320e-13  -6.02289300e-25   9.27836778e-25  -4.02863043e-54
  3.20000000e-06   0.00000000e+00   0.00000000e+00   4.24708787e-12   4.21348697e-24  -6.49094741e-24  -1.97464396e-52
  3.28000000e-06   0.00000000e+00   0.00000000e+00   6.15105080e-13   6.10238666e-25  -9.40082910e-25  -4.15170961e-54
  3.36000000e-06   0.00000000e+00   0.00000000e+00   6.09910865e-13   6.05085546e-25  -9.32144441e-25  -4.07332973e-54
  3.44000000e-06   0.00000000e+00   0.00000000e+00   1.36680653e-13   1.35599302e-25  -2.08893001e-25  -2.04702200e-55
  3.52000000e-06   0.00000000e+00   0.00000000e+00  -1.14128701e-11  -1.13225770e-23   1.74426200e-23  -1.42583292e-51
  3.60000000e-06   0.00000000e+00   0.00000000e+00   1.91940100e-12   1.90421563e-24  -2.93347615e-24  -4.03396949e-53
  3.68000000e-06   0.00000000e+00   0.00000000e+00   7.06865568e-13   7.01273190e-25  -1.08032312e-24  -5.47258439e-54
  3.76000000e-06   0.00000000e+00   0.00000000e+00   6.58051386e-12   6.52845203e-24  -1.00571899e-23  -4.74025751e-52
  3.84000000e-06   0.00000000e+00   0.00000000e+00  -6.03200676e-12  -5.98428445e-24   9.21889066e-24  -3.98244840e-52
  3.92000000e-06   0.00000000e+00   0.00000000e+00  -3.39270946e-12  -3.36586798e-24   5.18517613e-24  -1.26015436e-52
  4.00000000e-06   0.00000000e+00   0.00000000e+00  -1.21994458e-12  -1.21029297e-24   1.86447663e-24  -1.62975189e-53
  4.08000000e-06   0.00000000e+00   0.00000000e+00   2.39502496e-12   2.37607669e-24  -3.66038602e-24  -6.27764904e-53
  4.16000000e-06   0.00000000e+00   0.00000000e+00   1.84697566e-12   1.83236328e-24  -2.82278639e-24  -3.73463316e-53
  4.24000000e-06   0.00000000e+00   0.00000000e+00   1.96574869e-12   1.95019664e-24  -3.00431066e-24  -4.23040569e-53
  4.32000000e-06   0.00000000e+00   0.00000000e+00  -2.66420818e-12  -2.64313026e-24   4.07178654e-24  -7.76866494e-53
  4.40000000e-06   0.00000000e+00   0.00000000e+00   1.53478062e-12   1.52263818e-24  -2.34564967e-24  -2.57721102e-53
  4.48000000e-06   0.00000000e+00   0.00000000e+00   5.42464246e-12   5.38172532e-24  -8.29063819e-24  -3.22104630e-52
  4.56000000e-06   0.00000000e+00   0.00000000e+00   3.79383320e-12   3.76381823e-24  -5.79822517e-24  -1.57572960e-52
  4.64000000e-06   0.00000000e+00   0.00000000e+00   2.81197704e-12   2.78973004e-24  -4.29762597e-24  -8.65796342e-53
  4.72000000e-06   0.00000000e+00   0.00000000e+00   1.26791410e-12   1.25788298e-24  -1.93778985e-24  -1.76053420e-53
  4.80000000e-06   0.00000000e+00   0.00000000e+00  -1.35342686e-12  -1.34271921e-24   2.06848148e-24  -2.00494448e-53
  4.88000000e-06   0.00000000e+00   0.00000000e+00  -2.59769747e-12  -2.57714574e-24   3.97013628e-24  -7.38682352e-53
  4.96000000e-06   0.00000000e+00   0.00000000e+00   2.94762181e-12   2.92430165e-24  -4.50493579e-24  -9.50902401e-53
  5.04000000e-06   0.00000000e+00   0.00000000e+00   1.32219016e-12   1.31172963e-24  -2.02074151e-24  -1.91421543e-53
  5.12000000e-06   0.00000000e+00   0.00000000e+00   5.16165986e-12   5.12082331e-24  -7.88871428e-24  -2.91639488e-52
  5.20000000e-06   0.00000000e+00   0.00000000e+00  -7.15301466e-13  -7.09642347e-25   1.09321595e-24  -5.58912149e-54
  5.28000000e-06   0.00000000e+00   0.00000000e+00  -7.08428620e-12  -7.02823876e-24   1.08271198e-23  -5.49322223e-52
  5.36000000e-06   0.00000000e+00   0.00000000e+00  -3.71191730e-14  -3.68255041e-26   5.67303073e-26  -1.48084035e-56
  5.44000000e-06   0.00000000e+00   0.00000000e+00  -1.41560810e-12  -1.40440849e-24   2.16351486e-24  -2.19414785e-53
  5.52000000e-06   0.00000000e+00   0.00000000e+00   6.36921595e-13   6.31882580e-25  -9.73425722e-25  -4.44095054e-54
  5.60000000e-06   0.00000000e+00   0.00000000e+00   1.76611411e-12   1.75214147e-24  -2.69920335e-24  -3.41360489e-53
  5.68000000e-06   0.00000000e+00   0.00000000e+00   4.31741755e-12   4.28326024e-24  -6.59843430e-24  -2.04040572e-52
  5.76000000e-06   0.00000000e+00   0.00000000e+00   5.23735464e-12   5.19591923e-24  -8.00440080e-24  -3.00276227e-52
  5.84000000e-06   0.00000000e+00   0.00000000e+00  -1.11338895e-12  -1.10458036e-24   1.70162459e-24  -1.35618107e-53
  5.92000000e-06   0.00000000e+00   0.00000000e+00   4.81752153e-13   4.77940764e-25  -7.36275770e-25  -2.54008510e-54
  6.00000000e-06   0.00000000e+00   0.00000000e+00  -4.95212186e-12  -4.91294307e-24   7.56847128e-24  -2.68414197e-52
  6.08000000e-06   0.00000000e+00   0.00000000e+00   2.12454011e-12   2.10773178e-24  -3.24699618e-24  -4.93953413e-53
  6.16000000e-06   0.00000000e+00   0.00000000e+00   4.89872677e-12   4.85997042e-24  -7.48686601e-24  -2.62682472e-52
  6.24000000e-06   0.00000000e+00   0.00000000e+00   8.34321716e-12   8.27720967e-24  -1.27511804e-23  -7.61999614e-52
  6.32000000e-06   0.00000000e+00   0.00000000e+00  -1.90013557e-12  -1.88510262e-24   2.90403223e-24  -3.95118842e-53
  6.40000000e-06   0.00000000e+00   0.00000000e+00  -2.56180488e-12  -2.54153712e-24   3.91528061e-24  -7.18495055e-53
  6.48000000e-06   0.00000000e+00   0.00000000e+00  -2.58312938e-12  -2.56269291e-24   3.94787145e-24  -7.30506374e-53
  6.56000000e-06   0.00000000e+00   0.00000000e+00   1.24223459e-12   1.23240663e-24  -1.89854310e-24  -1.68877051e-53
  6.64000000e-06   0.00000000e+00   0.00000000e+00   4.40012160e-12   4.36530997e-24  -6.72483329e-24  -2.11911244e-52
  6.72000000e-06   0.00000000e+00   0.00000000e+00   2.91033977e-12   2.88731457e-24  -4.44795656e-24  -9.27255122e-53
  6.80000000e-06   0.00000000e+00   0.00000000e+00   2.80973473e-13   2.78750547e-25  -4.29419897e-25  -8.61819749e-55
  6.88000000e-06   0.00000000e+00   0.00000000e+00   3.82174558e-13   3.79150978e-25  -5.84088446e-25  -1.60168438e-54
  6.96000000e-06   0.00000000e+00   0.00000000e+00  -2.15609305e-12  -2.13903508e-24   3.29521945e-24  -5.08791396e-53
  7.04000000e-06   0.00000000e+00   0.00000000e+00   3.07876686e-12   3.05440915e-24  -4.70536857e-24  -1.03746269e-52
  7.12000000e-06   0.00000000e+00   0.00000000e+00  -1.09457434e-12  -1.08591460e-24   1.67286966e-24  -1.31121787e-53
  7.20000000e-06   0.00000000e+00   0.00000000e+00   2.53344806e-12   2.51340465e-24  -3.87194206e-24  -7.02521569e-53
  7.28000000e-06   0.00000000e+00   0.00000000e+00  -1.25669352e-12  -1.24675117e-24   1.92064111e-24  -1.72847147e-53
  7.36000000e-06   0.00000000e+00   0.00000000e+00   2.43338603e-12   2.41413426e-24  -3.71901436e-24  -6.48130225e-53
  7.44000000e-06   0.00000000e+00   0.00000000e+00  -3.67264932e-12  -3.64359310e-24   5.61301634e-24  -1.47644545e-52
  7.52000000e-06   0.00000000e+00   0.00000000e+00   1.53267311e-12   1.52054734e-24  -2.34242871e-24  -2.57037895e-53
  7.60000000e-06   0.00000000e+00   0.00000000e+00  -2.52004395e-13  -2.50010659e-25   3.85145617e-25  -6.92106145e-55
  7.68000000e-06   0.00000000e+00   0.00000000e+00   4.91704246e-12   4.87814121e-24  -7.51485842e-24  -2.64598166e-52
  7.76000000e-06   0.00000000e+00   0.00000000e+00   1.18760534e-11   1.17820958e-23  -1.81505164e-23  -1.54387896e-51
  7.84000000e-06   0.00000000e+00   0.00000000e+00  -1.15226609e-12  -1.14314992e-24   1.76104164e-24  -1.45310553e-53
  7.92000000e-06   0.00000000e+00   0.00000000e+00  -2.64850195e-12  -2.62754829e-24   4.04778225e-24  -7.67841965e-53
  8.00000000e-06   0.00000000e+00   0.00000000e+00  -4.48992910e-13  -4.45440695e-25   6.86208869e-25  -2.21015853e-54
  8.08000000e-06   0.00000000e+00   0.00000000e+00  -9.35415086e-13  -9.28014535e-25   1.42962197e-24  -9.57097132e-54
  8.16000000e-06   0.00000000e+00   0.00000000e+00  -4.25434276e-12  -4.22068446e-24   6.50203527e-24  -1.98112938e-52
  8.24000000e-06   0.00000000e+00   0.00000000e+00  -2.15274263e-12  -2.13571117e-24   3.29009891e-24  -5.07134213e-53
  8.32000000e-06   0.00000000e+00   0.00000000e+00  -1.01189092e-13  -1.00388533e-25   1.54650220e-25  -1.12989454e-55
  8.40000000e-06   0.00000000e+00   0.00000000e+00   2.95802875e-12   2.93462626e-24  -4.52084102e-24  -9.57704818e-53
  8.48000000e-06   0.00000000e+00   0.00000000e+00   6.18499119e-12   6.13605854e-24  -9.45270119e-24  -4.18749595e-52
  8.56000000e-06   0.00000000e+00   0.00000000e+00  -4.14981968e-12  -4.11698832e-24   6.34228962e-24  -1.88496745e-52
  8.64000000e-06   0.00000000e+00   0.00000000e+00  -3.19236702e-12  -3.16711056e-24   4.87898699e-24  -1.11555020e-52
  8.72000000e-06   0.00000000e+00   0.00000000e+00  -5.22401748e-12  -5.18268759e-24   7.98401723e-24  -2.98744285e-52
  8.80000000e-06   0.00000000e+00   0.00000000e+00  -1.92973700e-14  -1.91446985e-26   2.94927295e-26  -4.18897961e-57
  8.88000000e-06   0.00000000e+00   0.00000000e+00  -1.07926564e-12  -1.07072702e-24   1.64947295e-24  -1.27544489e-53
  8.96000000e-06   0.00000000e+00   0.00000000e+00  -3.59493190e-13  -3.56649054e-25   5.49423855e-25  -1.41556978e-54
  9.04000000e-06   0.00000000e+00   0.00000000e+00  -5.71186377e-13  -5.66667427e-25   8.72960684e-25  -3.56906262e-54
  9.12000000e-06   0.00000000e+00   0.00000000e+00   2.03397305e-12   2.01788124e-24  -3.10857992e-24  -4.53274351e-53
  9.20000000e-06   0.00000000e+00   0.00000000e+00  -4.30238658e-12  -4.26834818e-24   6.57546203e-24  -2.02577651e-52
  9.28000000e-06   0.00000000e+00   0.00000000e+00  -2.95716034e-12  -2.93376472e-24   4.51951380e-24  -9.57506596e-53
  9.36000000e-06   0.00000000e+00   0.00000000e+00   4.46241562e-12   4.42711115e-24  -6.82003905e-24  -2.17958156e-52
  9.44000000e-06   0.00000000e+00   0.00000000e+00   2.13101203e-12   2.11415250e-24  -3.25688742e-24  -4.96869430e-53
  9.52000000e-06   0.00000000e+00   0.00000000e+00   4.79699705e-13   4.75904553e-25  -7.33138954e-25  -2.52306514e-54
  9.60000000e-06   0.00000000e+00   0.00000000e+00   9.25736498e-13   9.18412519e-25  -1.41482990e-24  -9.38769113e-54
  9.68000000e-06   0.00000000e+00   0.00000000e+00   1.58783988e-12   1.57527766e-24  -2.42674169e-24  -2.76024909e-53
  9.76000000e-06   0.00000000e+00   0.00000000e+00   1.55457800e-12   1.54227893e-24  -2.37590658e-24  -2.64581787e-53
  9.84000000e-06   0.00000000e+00   0.00000000e+00  -1.54260481e-12  -1.53040047e-24   2.35760761e-24  -2.60557113e-53
  9.92000000e-06   0.00000000e+00   0.00000000e+00  -2.01003746e-12  -1.99413502e-24   3.07199847e-24  -4.42369319e-53
  1.00000000e-05   0.00000000e+00   0.00000000e+00  -1.19343758e-12  -1.18399568e-24   1.82396523e-24  -1.55957512e-53
  1.00800000e-05   0.00000000e+00   0.00000000e+00  -2.24164669e-12  -2.22391186e-24   3.42597356e-24  -5.49939851e-53
  1.01600000e-05   0.00000000e+00   0.00000000e+00  -4.46534305e-12  -4.43001542e-24   6.82451312e-24  -2.18278148e-52
  1.02400000e-05   0.00000000e+00   0.00000000e+00   5.36433068e-12   5.32189069e-24  -8.19846195e-24  -3.14926532e-52
  1.03200000e-05   0.00000000e+00   0.00000000e+00   3.54467524e-12   3.51663149e-24  -5.41742985e-24  -1.37519686e-52
  1.04000000e-05   0.00000000e+00   0.00000000e+00   7.48239627e-12   7.42319918e-24  -1.14355630e-23  -6.12853765e-52
  1.04800000e-05   0.00000000e+00   0.00000000e+00  -8.98969312e-13  -8.91857102e-25   1.37392084e-24  -8.83929777e-54
  1.05600000e-05   0.00000000e+00   0.00000000e+00  -2.79653778e-13  -2.77441293e-25   4.27402969e-25  -8.56356890e-55
  1.06400000e-05   0.00000000e+00   0.00000000e+00  -5.93307594e-12  -5.88613632e-24   9.06769181e-24  -3.85298801e-52
  1.07200000e-05   0.00000000e+00   0.00000000e+00   1.91540543e-12   1.90025167e-24  -2.92736960e-24  -4.01317778e-53
  1.08000000e-05   0.00000000e+00   0.00000000e+00   8.36412731e-12   8.29795439e-24  -1.27831380e-23  -7.65755534e-52
  1.08800000e-05   0.00000000e+00   0.00000000e+00   4.52775578e-12   4.49193437e-24  -6.91990031e-24  -2.24369406e-52
  1.09600000e-05   0.00000000e+00   0.00000000e+00  -1.30636044e-12  -1.29602515e-24   1.99654850e-24  -1.86728779e-53
  1.10400000e-05   0.00000000e+00   0.00000000e+00  -1.46566323e-12  -1.45406761e-24   2.24001557e-24  -2.35145064e-53
  1.11200000e-05   0.00000000e+00   0.00000000e+00  -3.06498336e-12  -3.04073470e-24   4.68430285e-24  -1.02838569e-52
  1.12000000e-05   0.00000000e+00   0.00000000e+00  -3.99115480e-12  -3.95957872e-24   6.09979749e-24  -1.74383158e-52
  1.12800000e-05   0.00000000e+00   0.00000000e+00  -2.18761048e-13  -2.17030316e-25   3.34338846e-25  -5.24546321e-55
  1.13600000e-05   0.00000000e+00   0.00000000e+00   5.08320755e-13   5.04299168e-25  -7.76881334e-25  -2.83657672e-54
  1.14400000e-05   0.00000000e+00   0.00000000e+00  -5.04931628e-12  -5.00936854e-24   7.71701633e-24  -2.79047558e-52
  1.15200000e-05   0.00000000e+00   0.00000000e+00   5.53339689e-13   5.48961933e-25  -8.45685074e-25  -3.34611017e-54
  1.16000000e-05   0.00000000e+00   0.00000000e+00  -5.80459560e-12  -5.75867245e-24   8.87133159e-24  -3.68807844e-52
  1.16800000e-05   0.00000000e+00   0.00000000e+00  -1.90538110e-12  -1.89030665e-24   2.91204912e-24  -3.97494591e-53
  1.17600000e-05   0.00000000e+00   0.00000000e+00  -3.66133908e-13  -3.63237233e-25   5.59573056e-25  -1.47213744e-54
  1.18400000e-05   0.00000000e+00   0.00000000e+00   8.32206829e-14   8.25622812e-26  -1.27188580e-25  -7.53834226e-56
  1.19200000e-05   0.00000000e+00   0.00000000e+00  -1.33263229e-12  -1.32208915e-24   2.03670054e-24  -1.94376193e-53
  1.20000000e-05   0.00000000e+00   0.00000000e+00  -2.68495865e-12  -2.66371656e-24   4.10350008e-24  -7.89138271e-53
  1.20800000e-05   0.00000000e+00   0.00000000e+00  -5.41188675e-12  -5.36907053e-24   8.27114328e-24  -3.20536237e-52
  1.21600000e-05   0.00000000e+00   0.00000000e+00  -1.65570714e-12  -1.64260799e-24   2.53046518e-24  -3.00014701e-53
  1.22400000e-05   0.00000000e+00   0.00000000e+00  -4.05113805e-12  -4.01908741e-24   6.19147162e-24  -1.79648036e-52
  1.23200000e-05   0.00000000e+00   0.00000000e+00   4.53743256e-14   4.50153459e-26  -6.93468960e-26  -2.21626433e-56
  1.24000000e-05   0.00000000e+00   0.00000000e+00   1.69332845e-12   1.67993166e-24  -2.58796292e-24  -3.13790052e-53
  1.24800000e-05   0.00000000e+00   0.00000000e+00   5.50195138e-12   5.45842261e-24  -8.40879166e-24  -3.31356000e-52
  1.25600000e-05   0.00000000e+00   0.00000000e+00  -5.42038108e-12  -5.37749765e-24   8.28412541e-24  -3.21616853e-52
  1.26400000e-05   0.00000000e+00   0.00000000e+00  -1.88767499e-12  -1.87274062e-24   2.88498836e-24  -3.90264241e-53
  1.27200000e-05   0.00000000e+00   0.00000000e+00  -4.23835750e-12  -4.20482567e-24   6.47760453e-24  -1.96627823e-52
  1.28000000e-05   0.00000000e+00   0.00000000e+00  -7.47001326e-12  -7.41091414e-24   1.14166376e-23  -6.10841257e-52
  1.28800000e-05   0.00000000e+00   0.00000000e+00  -1.22405850e-12  -1.21437435e-24   1.87076407e-24  -1.63994741e-53
  1.29600000e-05   0.00000000e+00   0.00000000e+00  -3.06458001e-12  -3.04033454e-24   4.68368640e-24  -1.02809636e-52
  1.30400000e-05   0.00000000e+00   0.00000000e+00  -4.21320529e-12  -4.17987245e-24   6.43916368e-24  -1.94324800e-52
  1.31200000e-05   0.00000000e+00   0.00000000e+00   1.06488637e-12   1.05646151e-24  -1.62749669e-24  -1.24055173e-53
  1.32000000e-05   0.00000000e+00   0.00000000e+00   4.24454385e-12   4.21096307e-24  -6.48705931e-24  -1.97202901e-52
  1.32800000e-05   0.00000000e+00   0.00000000e+00  -4.79348940e-13  -4.75556564e-25   7.32602870e-25  -2.51460186e-54
  1.33600000e-05   0.00000000e+00   0.00000000e+00  -1.01217702e-12  -1.00416916e-24   1.54693945e-24  -1.12150209e-53
  1.34400000e-05   0.00000000e+00   0.00000000e+00  -1.43584633e-12  -1.42448661e-24   2.19444553e-24  -2.25692162e-53
  1.35200000e-05   2.67126003e-13  -3.69694704e-14   1.75796541e-13   2.82256378e-25   5.10608980e-25  -3.21514144e-25
  1.36000000e-05   4.95351158e-12   2.05164179e-12  -2.56479256e-12  -8.52973454e-24   1.83706749e-23  -1.77873823e-24
  1.36800000e-05  -1.53810596e-12  -3.59076791e-13  -4.11841637e-12  -3.03830245e-24   1.80719442e-24   9.77149749e-25
  1.37600000e-05  -1.28331436e-12  -5.14767801e-13  -1.30234257e-12   2.09687715e-25  -1.75339184e-24   4.86426858e-25
  1.38400000e-05   2.64304704e-12   4.78676158e-13  -7.32304909e-12  -8.66154968e-24   1.89025619e-23  -1.89056190e-24
  1.39200000e-05   4.72409127e-12   1.51941566e-12  -5.30229016e-12  -9.69291662e-24   2.18851863e-23  -2.36454958e-24
  1.40000000e-05  -6.36245798e-13  -1.15229010e-13  -2.03406804e-12  -1.68181908e-24   1.25261182e-24   4.55104296e-25
  1.40800000e-05  -6.75075383e-15   1.95140250e-13   1.27499620e-12   6.95628413e-25  -1.96830753e-24   3.04935842e-25
  1.41600000e-05   0.00000000e+00   0.00000000e+00   3.68230921e-13   3.65317657e-25  -5.62777983e-25  -1.47502227e-54
  1.42400000e-05   0.00000000e+00   0.00000000e+00   9.76308936e-12   9.68584853e-24  -1.49212123e-23  -1.04328420e-51
  1.43200000e-05   0.00000000e+00   0.00000000e+00  -1.08456539e-11  -1.07598483e-23   1.65757270e-23  -1.28753573e-51
  1.44000000e-05   0.00000000e+00   0.00000000e+00  -3.50205689e-12  -3.47435032e-24   5.35229499e-24  -1.34247225e-52
  1.44800000e-05   0.00000000e+00   0.00000000e+00  -9.34747912e-12  -9.27352639e-24   1.42860231e-23  -9.56472025e-52
  1.45600000e-05   0.00000000e+00   0.00000000e+00  -4.70007843e-13  -4.66289368e-25   7.18326600e-25  -2.42352311e-54
  1.46400000e-05   0.00000000e+00   0.00000000e+00  -1.04840914e-11  -1.04011464e-23   1.60231406e-23  -1.20322963e-51
  1.47200000e-05   0.00000000e+00   0.00000000e+00   9.38729526e-12   9.31302753e-24  -1.43468752e-23  -9.64458715e-52
  1.48000000e-05   0.00000000e+00   0.00000000e+00  -3.49996184e-12  -3.47227184e-24   5.34909306e-24  -1.34067158e-52
  1.48800000e-05   0.00000000e+00   0.00000000e+00  -2.46153549e-12  -2.44206102e-24   3.76203599e-24  -6.63301095e-53
  1.49600000e-05   0.00000000e+00   0.00000000e+00  -5.15304453e-12  -5.11227614e-24   7.87554721e-24  -2.90678289e-52
  1.50400000e-05   0.00000000e+00   0.00000000e+00  -7.42087803e-12  -7.36216764e-24   1.13415428e-23  -6.02851012e-52
  1.51200000e-05   0.00000000e+00   0.00000000e+00  -4.67785520e-12  -4.64084628e-24   7.14930160e-24  -2.39577170e-52
  1.52000000e-05   0.00000000e+00   0.00000000e+00  -2.66112358e-12  -2.64007006e-24   4.06707225e-24  -7.74869146e-53
  1.52800000e-05   0.00000000e+00   0.00000000e+00  -8.40317432e-12  -8.33669248e-24   1.28428147e-23  -7.72938857e-52
  1.53600000e-05   0.00000000e+00   0.00000000e+00  -6.28763499e-12  -6.23789027e-24   9.60957468e-24  -4.32841933e-52
  1.54400000e-05   0.00000000e+00   0.00000000e+00  -5.00807351e-12  -4.96845207e-24   7.65398381e-24  -2.74600750e-52
  1.55200000e-05   0.00000000e+00   0.00000000e+00  -9.01143804e-12  -8.94014391e-24   1.37724418e-23  -8.88969190e-52
  1.56000000e-05   0.00000000e+00   0.00000000e+00  -3.78793049e-12  -3.75796222e-24   5.78920388e-24  -1.57109131e-52
  1.56800000e-05   0.00000000e+00   0.00000000e+00  -1.52584094e-12  -1.51376923e-24   2.33198691e-24  -2.54983492e-53
  1.57600000e-05   0.00000000e+00   0.00000000e+00  -7.57903213e-12  -7.51907050e-24   1.15832543e-23  -6.28777223e-52
  1.58400000e-05   0.00000000e+00   0.00000000e+00  -1.19963966e-11  -1.19014870e-23   1.83344404e-23  -1.57541233e-51
  1.59200000e-05   0.00000000e+00   0.00000000e+00  -8.07309174e-12  -8.00922135e-24   1.23383399e-23  -7.13481537e-52
  1.60000000e-05   0.00000000e+00   0.00000000e+00  -1.71550282e-12  -1.70193059e-24   2.62185265e-24  -3.22402256e-53
  1.60800000e-05   0.00000000e+00   0.00000000e+00   2.75057455e-12   2.72881334e-24  -4.20378276e-24  -8.27948116e-53
  1.61600000e-05   0.00000000e+00   0.00000000e+00  -8.60687660e-13  -8.53878317e-25   1.31541388e-24  -8.10943190e-54
  1.62400000e-05   0.00000000e+00   0.00000000e+00  -3.95142999e-12  -3.92016820e-24   6.03908491e-24  -1.70900106e-52
  1.63200000e-05   0.00000000e+00   0.00000000e+00  -7.54839661e-12  -7.48867736e-24   1.15364332e-23  -6.23720863e-52
  1.64000000e-05   0.00000000e+00   0.00000000e+00  -7.40447673e-12  -7.34589611e-24   1.13164763e-23  -6.00202360e-52
  1.64800000e-05   0.00000000e+00   0.00000000e+00  -9.01633864e-12  -8.94500575e-24   1.37799315e-23  -8.89966396e-52
  1.65600000e-05   0.00000000e+00   0.00000000e+00   9.17547617e-13   9.10288426e-25  -1.40231460e-24  -9.20021474e-54
  1.66400000e-05   0.00000000e+00   0.00000000e+00  -4.53965682e-12  -4.50374126e-24   6.93808901e-24  -2.25564428e-52
  1.67200000e-05   0.00000000e+00   0.00000000e+00  -9.05606252e-12  -8.98441535e-24   1.38406427e-23  -8.97753825e-52
  1.68000000e-05   0.00000000e+00   0.00000000e+00  -9.09418589e-12  -9.02223710e-24   1.38989077e-23  -9.05264097e-52
  1.68800000e-05   0.00000000e+00   0.00000000e+00  -7.53615625e-12  -7.47653384e-24   1.15177259e-23  -6.21792126e-52
  1.69600000e-05   0.00000000e+00   0.00000000e+00  -5.45475560e-12  -5.41160023e-24   8.33666098e-24  -3.25785115e-52
  1.70400000e-05   0.00000000e+00   0.00000000e+00  -4.49213892e-12  -4.45659930e-24   6.86546603e-24  -2.20932948e-52
  1.71200000e-05   0.00000000e+00   0.00000000e+00  -1.31555754e-12  -1.30514948e-24   2.01060469e-24  -1.89597500e-53
  1.72000000e-05   0.00000000e+00   0.00000000e+00  -4.53686149e-12  -4.50096805e-24   6.93381683e-24  -2.25359961e-52
  1.72800000e-05   0.00000000e+00   0.00000000e+00  -3.15250705e-12  -3.12756594e-24   4.81806783e-24  -1.08815910e-52
  1.73600000e-05   0.00000000e+00   0.00000000e+00  -5.65025677e-12  -5.60555468e-24   8.63545108e-24  -2.09218775e-51
  1.74400000e-05   0.00000000e+00   0.00000000e+00  -1.11889689e-11  -1.11004472e-23   1.71004252e-23  -1.37048384e-51
  1.75200000e-05   0.00000000e+00   0.00000000e+00  -1.51875844e-11  -1.50674276e-23   2.32116251e-23  -2.52511645e-51
  1.76000000e-05   0.00000000e+00   0.00000000e+00  -6.56214179e-12  -6.51022532e-24   1.00291114e-23  -4.71375539e-52
  1.76800000e-05   0.00000000e+00   0.00000000e+00  -1.28044029e-11  -1.27031007e-23   1.95693398e-23  -1.79471993e-51
  1.77600000e-05   0.00000000e+00   0.00000000e+00   4.80578377e-12   4.76776275e-24  -7.34481854e-24  -2.52743257e-52
  1.78400000e-05   0.00000000e+00   0.00000000e+00  -1.42571073e-11  -1.41443120e-23   2.17895500e-23  -2.22508404e-51
  1.79200000e-05   0.00000000e+00   0.00000000e+00  -8.74986802e-12  -8.68064332e-24   1.33726767e-23  -8.38038843e-52
  1.80000000e-05   0.00000000e+00   0.00000000e+00  -9.31108388e-12  -9.23741911e-24   1.42303992e-23  -9.49197777e-52
  1.80800000e-05   0.00000000e+00   0.00000000e+00  -7.28322754e-12  -7.22560619e-24   1.11311676e-23  -5.80778559e-52
  1.81600000e-05   0.00000000e+00   0.00000000e+00  -1.34473047e-11  -1.33409161e-23   2.05519052e-23  -1.97954767e-51
  1.82400000e-05   0.00000000e+00   0.00000000e+00  -1.37363957e-12  -1.36277201e-24   2.09937315e-24  -2.06894414e-53
  1.83200000e-05   0.00000000e+00   0.00000000e+00  -1.04620866e-11  -1.03793156e-23   1.59895099e-23  -1.19817788e-51
  1.84000000e-05   0.00000000e+00   0.00000000e+00  -6.64625140e-12  -6.59366949e-24   1.01576585e-23  -4.83542388e-52
  1.84800000e-05   0.00000000e+00   0.00000000e+00  -7.49083864e-12  -7.43157476e-24   1.14484657e-23  -6.14311985e-52
  1.85600000e-05   0.00000000e+00   0.00000000e+00  -7.80019559e-12  -7.73848424e-24   1.19212649e-23  -6.66099747e-52
  1.86400000e-05   0.00000000e+00   0.00000000e+00  -1.12019789e-11  -1.11133543e-23   1.71203089e-23  -1.37373375e-51
  1.87200000e-05   0.00000000e+00   0.00000000e+00  -7.40152135e-12  -7.34296411e-24   1.13119594e-23  -5.99818920e-52
  1.88000000e-05   0.00000000e+00   0.00000000e+00  -8.36417117e-12  -8.29799791e-24   1.27832051e-23  -7.65950686e-52
  1.88800000e-05   0.00000000e+00   0.00000000e+00  -8.05508843e-12  -7.99136049e-24   1.23108249e-23  -7.10158707e-52
  1.89600000e-05   0.00000000e+00   0.00000000e+00  -1.67938894e-11  -1.66610244e-23   2.56665876e-23  -3.08729883e-51
  1.90400000e-05   0.00000000e+00   0.00000000e+00  -9.80066634e-12  -9.72312824e-24   1.49786422e-23  -1.05168605e-51
  1.91200000e-05   0.00000000e+00   0.00000000e+00  -1.43084992e-11  -1.41952973e-23   2.18680937e-23  -2.24140822e-51
  1.92000000e-05   0.00000000e+00   0.00000000e+00  -1.28727401e-11  -1.27708972e-23   1.96737815e-23  -1.81413362e-51
  1.92800000e-05   0.00000000e+00   0.00000000e+00  -2.87035449e-12  -2.84764565e-24   4.38684591e-24  -9.02544642e-53
  1.93600000e-05   0.00000000e+00   0.00000000e+00   4.13732276e-12   4.10459028e-24  -6.32319021e-24  -1.87321435e-52
  1.94400000e-05   0.00000000e+00   0.00000000e+00  -2.21658801e-12  -2.19905144e-24   3.38767565e-24  -5.38212395e-53
  1.95200000e-05   0.00000000e+00   0.00000000e+00  -1.30362944e-11  -1.29331576e-23   1.99237464e-23  -1.86033741e-51
  1.96000000e-05   0.00000000e+00   0.00000000e+00  -1.57164775e-11  -1.55921364e-23   2.40199477e-23  -2.70416886e-51
  1.96800000e-05   0.00000000e+00   0.00000000e+00  -1.44058533e-11  -1.42918812e-23   2.20168829e-23  -2.27180393e-51
  1.97600000e-05   0.00000000e+00   0.00000000e+00  -1.96756960e-11  -1.95200315e-23   3.00709361e-23  -4.23802698e-51
  1.98400000e-05   0.00000000e+00   0.00000000e+00   9.58275730e-13   9.50694319e-25  -1.46456055e-24  -1.00325684e-53
  1.99200000e-05   0.00000000e+00   0.00000000e+00  -8.58142989e-12  -8.51353780e-24   1.31152479e-23  -8.06062157e-52
  2.00000000e-05   0.00000000e+00   0.00000000e+00  -9.14842998e-12  -9.07605206e-24   1.39818105e-23  -9.16234433e-52
  2.00800000e-05   0.00000000e+00   0.00000000e+00  -1.69497343e-11  -1.68156362e-23   2.59047698e-23  -3.14496754e-51
  2.01600000e-05   0.00000000e+00   0.00000000e+00  -1.10276086e-11  -1.09403635e-23   1.68538136e-23  -1.33135709e-51
  2.02400000e-05   0.00000000e+00   0.00000000e+00  -9.71864007e-12  -9.64175093e-24   1.48532791e-23  -1.03411001e-51
  2.03200000e-05   0.00000000e+00   0.00000000e+00  -7.64577390e-12  -7.58528427e-24   1.16852577e-23  -6.40036772e-52
  2.04000000e-05   0.00000000e+00   0.00000000e+00  -8.99581315e-12  -8.92464266e-24   1.37485618e-23  -8.86061954e-52
  2.04800000e-05   0.00000000e+00   0.00000000e+00  -1.25993303e-11  -1.24996505e-23   1.92559214e-23  -1.73773293e-51
  2.05600000e-05   0.00000000e+00   0.00000000e+00  -1.77607328e-11  -1.76202186e-23   2.71442424e-23  -3.45320848e-51
  2.06400000e-05   0.00000000e+00   0.00000000e+00  -1.70484124e-11  -1.69135337e-23   2.60555825e-23  -3.18205234e-51
  2.07200000e-05   0.00000000e+00   0.00000000e+00  -1.19430205e-11  -1.18485332e-23   1.82528642e-23  -1.56180405e-51
  2.08000000e-05   0.00000000e+00   0.00000000e+00  -4.72669874e-12  -4.68930340e-24   7.22395058e-24  -2.44688850e-52
  2.08800000e-05   0.00000000e+00   0.00000000e+00  -9.26117462e-12  -9.18790472e-24   1.41541214e-23  -9.39025384e-52
  2.09600000e-05   0.00000000e+00   0.00000000e+00  -8.99435766e-12  -8.92319869e-24   1.37463373e-23  -8.85682596e-52
  2.10400000e-05   0.00000000e+00   0.00000000e+00  -1.45323849e-11  -1.44174117e-23   2.22102647e-23  -2.31216067e-51
  2.11200000e-05   0.00000000e+00   0.00000000e+00  -1.85880115e-11  -1.84409522e-23   2.84085963e-23  -3.78233466e-51
  2.12000000e-05   0.00000000e+00   0.00000000e+00  -1.41021295e-11  -1.39905603e-23   2.15526929e-23  -2.17722474e-51
  2.12800000e-05   0.00000000e+00   0.00000000e+00  -5.46310322e-12  -5.41988181e-24   8.34941887e-24  -3.26839250e-52
  2.13600000e-05   0.00000000e+00   0.00000000e+00   7.16493957e-13   7.10825407e-25  -1.09503847e-24  -5.60816425e-54
  2.14400000e-05   0.00000000e+00   0.00000000e+00  -1.88149990e-11  -1.86661439e-23   2.87555079e-23  -3.87509452e-51
  2.15200000e-05   0.00000000e+00   0.00000000e+00  -2.03468808e-11  -2.01859062e-23   3.10967272e-23  -4.53260924e-51
  2.16000000e-05   0.00000000e+00   0.00000000e+00  -1.65971223e-11  -1.64658140e-23   2.53658627e-23  -3.01594007e-51
  2.16800000e-05   0.00000000e+00   0.00000000e+00  -1.19074998e-11  -1.18132935e-23   1.81985769e-23  -1.55243255e-51
  2.17600000e-05   0.00000000e+00   0.00000000e+00  -7.63220181e-12  -7.57181956e-24   1.16645151e-23  -6.37812604e-52
  2.18400000e-05   0.00000000e+00   0.00000000e+00  -6.82416968e-12  -6.77018019e-24   1.04295762e-23  -5.09948567e-52
  2.19200000e-05   0.00000000e+00   0.00000000e+00  -1.64060583e-11  -1.62762616e-23   2.50738541e-23  -2.94690224e-51
  2.20000000e-05   0.00000000e+00   0.00000000e+00  -1.26830973e-11  -1.25827548e-23   1.93839449e-23  -1.76122606e-51
  2.20800000e-05   0.00000000e+00   0.00000000e+00  -2.02728496e-11  -2.01124607e-23   3.09835831e-23  -4.49907962e-51
  2.21600000e-05   0.00000000e+00   0.00000000e+00  -2.19849477e-11  -2.18110135e-23   3.36002322e-23  -5.29130292e-51
  2.22400000e-05   0.00000000e+00   0.00000000e+00  -2.33500863e-11  -2.31653519e-23   3.56866132e-23  -5.96849316e-51
  2.23200000e-05   0.00000000e+00   0.00000000e+00  -1.64815173e-11  -1.63511236e-23   2.51891802e-23  -2.97427155e-51
  2.24000000e-05   0.00000000e+00   0.00000000e+00  -1.37494589e-11  -1.36406799e-23   2.10136963e-23  -2.06972904e-51
  2.24800000e-05   0.00000000e+00   0.00000000e+00  -1.89778821e-11  -1.88277384e-23   2.90044469e-23  -3.94296323e-51
  2.25600000e-05   0.00000000e+00   0.00000000e+00  -6.72612074e-12  -6.67290697e-24   1.02797251e-23  -4.95433290e-52
  2.26400000e-05   0.00000000e+00   0.00000000e+00  -2.50314924e-11  -2.48334555e-23   3.82563548e-23  -6.85914090e-51
  2.27200000e-05   0.00000000e+00   0.00000000e+00  -2.10361080e-11  -2.08696807e-23   3.21500932e-23  -4.84410947e-51
  2.28000000e-05   0.00000000e+00   0.00000000e+00  -3.06118728e-11  -3.03696867e-23   4.67850118e-23  -1.02583716e-50
  2.28800000e-05   0.00000000e+00   0.00000000e+00  -2.19002693e-11  -2.17270051e-23   3.34708159e-23  -5.25110379e-51
  2.29600000e-05   0.00000000e+00   0.00000000e+00  -2.12011048e-11  -2.10333721e-23   3.24022625e-23  -4.92128449e-51
  2.30400000e-05   0.00000000e+00   0.00000000e+00  -1.55583792e-11  -1.54352889e-23   2.37783215e-23  -2.65033438e-51
  2.31200000e-05   0.00000000e+00   0.00000000e+00  -1.86526904e-11  -1.85051194e-23   2.85074469e-23  -3.80901908e-51
  2.32000000e-05   0.00000000e+00   0.00000000e+00  -1.69809621e-11  -1.68466170e-23   2.59524961e-23  -3.15694279e-51
  2.32800000e-05   0.00000000e+00   0.00000000e+00  -2.88354661e-11  -2.86073341e-23   4.40700780e-23  -9.10241756e-51
  2.33600000e-05   0.00000000e+00   0.00000000e+00  -2.80632123e-11  -2.78411899e-23   4.28898201e-23  -8.62166256e-51
  2.34400000e-05   0.00000000e+00   0.00000000e+00  -2.51324838e-11  -2.49336479e-23   3.84107029e-23  -6.91544360e-51
  2.35200000e-05   0.00000000e+00   0.00000000e+00  -1.91167940e-11  -1.89655513e-23   2.92167499e-23  -4.00108589e-51
  2.36000000e-05   0.00000000e+00   0.00000000e+00  -1.64463839e-11  -1.63162682e-23   2.51354848e-23  -2.96135903e-51
  2.36800000e-05   0.00000000e+00   0.00000000e+00  -1.71677855e-11  -1.70319624e-23   2.62380237e-23  -3.22704506e-51
  2.37600000e-05   0.00000000e+00   0.00000000e+00  -2.79945415e-11  -2.77730625e-23   4.27848685e-23  -8.57956028e-51
  2.38400000e-05   0.00000000e+00   0.00000000e+00  -3.16755695e-11  -3.14249680e-23   4.84106902e-23  -1.09842102e-50
  2.39200000e-05   0.00000000e+00   0.00000000e+00  -2.68575957e-11  -2.66451116e-23   4.10472413e-23  -7.89753754e-51
  2.40000000e-05   0.00000000e+00   0.00000000e+00  -2.07111505e-11  -2.05472940e-23   3.16534511e-23  -4.69648844e-51
  2.40800000e-05   0.00000000e+00   0.00000000e+00  -1.25726459e-11  -1.24731773e-23   1.92151388e-23  -1.73078769e-51
  2.41600000e-05   0.00000000e+00   0.00000000e+00  -2.46921238e-11  -2.44967719e-23   3.77376879e-23  -6.67462325e-51
  2.42400000e-05   0.00000000e+00   0.00000000e+00  -2.98599741e-11  -2.96237367e-23   4.56358632e-23  -9.76096265e-51
  2.43200000e-05   0.00000000e+00   0.00000000e+00  -3.49820256e-11  -3.47052650e-23   5.34640428e-23  -1.33969237e-50
  2.44000000e-05   0.00000000e+00   0.00000000e+00  -4.05921584e-11  -4.02710133e-23   6.20381713e-23  -1.80385603e-50
  2.44800000e-05   0.00000000e+00   0.00000000e+00  -1.88595805e-11  -1.87103728e-23   2.88236430e-23  -3.89445069e-51
  2.45600000e-05   0.00000000e+00   0.00000000e+00  -2.69931303e-11  -2.67795739e-23   4.12543827e-23  -7.97677964e-51
  2.46400000e-05   0.00000000e+00   0.00000000e+00  -2.98510793e-11  -2.96149123e-23   4.56222690e-23  -9.75533686e-51
  2.47200000e-05   0.00000000e+00   0.00000000e+00  -3.10205925e-11  -3.07751728e-23   4.74096698e-23  -1.05345114e-50
  2.48000000e-05   0.00000000e+00   0.00000000e+00  -3.62677642e-11  -3.59808316e-23   5.54290744e-23  -1.43998659e-50
  2.48800000e-05   0.00000000e+00   0.00000000e+00  -3.14641163e-11  -3.12151877e-23   4.80875201e-23  -1.08383148e-50
  2.49600000e-05   0.00000000e+00   0.00000000e+00  -3.12525942e-11  -3.10053391e-23   4.77642448e-23  -1.06932668e-50
  2.50400000e-05   0.00000000e+00   0.00000000e+00  -2.96208761e-11  -2.93865304e-23   4.52704428e-23  -9.60581835e-51
  2.51200000e-05   0.00000000e+00   0.00000000e+00  -3.82394573e-11  -3.79369256e-23   5.84424700e-23  -1.60080059e-50
  2.52000000e-05   0.00000000e+00   0.00000000e+00  -3.29356033e-11  -3.26750331e-23   5.03364363e-23  -1.18756857e-50
  2.52800000e-05   0.00000000e+00   0.00000000e+00  -3.12680129e-11  -3.10206358e-23   4.77878095e-23  -1.07037055e-50
  2.53600000e-05   0.00000000e+00   0.00000000e+00  -3.13111315e-11  -3.10634133e-23   4.78537089e-23  -1.07332674e-50
  2.54400000e-05   0.00000000e+00   0.00000000e+00  -3.54432192e-11  -3.51628100e-23   5.41688982e-23  -1.37526421e-50
  2.55200000e-05   0.00000000e+00   0.00000000e+00  -4.06751904e-11  -4.03533884e-23   6.21650714e-23  -1.81124887e-50
  2.56000000e-05   0.00000000e+00   0.00000000e+00  -4.65618004e-11  -4.61934265e-23   7.11617479e-23  -2.37346263e-50
  2.56800000e-05   0.00000000e+00   0.00000000e+00  -3.30699196e-11  -3.28082868e-23   5.05417158e-23  -1.19723900e-50
  2.57600000e-05   0.00000000e+00   0.00000000e+00  -3.13758343e-11  -3.11276042e-23   4.79525961e-23  -1.07779716e-50
  2.58400000e-05   0.00000000e+00   0.00000000e+00  -2.73641277e-11  -2.71476363e-23   4.18213887e-23  -8.19807188e-51
  2.59200000e-05   0.00000000e+00   0.00000000e+00  -3.54315419e-11  -3.51512252e-23   5.41510516e-23  -1.37437530e-50
  2.60000000e-05   0.00000000e+00   0.00000000e+00  -4.33402635e-11  -4.29973768e-23   6.62381798e-23  -2.05634122e-50
  2.60800000e-05   0.00000000e+00   0.00000000e+00  -3.91462199e-11  -3.88365145e-23   5.98283015e-23  -1.67770808e-50
  2.61600000e-05   0.00000000e+00   0.00000000e+00  -3.55703824e-11  -3.52889672e-23   5.43632454e-23  -1.38519853e-50
  2.62400000e-05   0.00000000e+00   0.00000000e+00  -4.42732274e-11  -4.39229596e-23   6.76640555e-23  -2.14587005e-50
  2.63200000e-05   0.00000000e+00   0.00000000e+00  -4.01665260e-11  -3.98487484e-23   6.13876648e-23  -1.76630990e-50
  2.64000000e-05   0.00000000e+00   0.00000000e+00  -4.60395085e-11  -4.56752668e-23   7.03635140e-23  -2.32050685e-50
  2.64800000e-05   0.00000000e+00   0.00000000e+00  -3.85848541e-11  -3.82795899e-23   5.89703498e-23  -1.63004812e-50
  2.65600000e-05   0.00000000e+00   0.00000000e+00  -4.36140735e-11  -4.32690207e-23   6.66566515e-23  -2.08243886e-50
  2.66400000e-05   0.00000000e+00   0.00000000e+00  -4.90899944e-11  -4.87016188e-23   7.50256598e-23  -2.63819226e-50
  2.67200000e-05   0.00000000e+00   0.00000000e+00  -5.35314444e-11  -5.31079302e-23   8.18136565e-23  -3.13713456e-50
  2.68000000e-05   0.00000000e+00   0.00000000e+00  -4.54002344e-11  -4.50410503e-23   6.93864928e-23  -2.25658333e-50
  2.68800000e-05   0.00000000e+00   0.00000000e+00  -4.94236684e-11  -4.90326530e-23   7.55356236e-23  -2.67419295e-50
  2.69600000e-05   0.00000000e+00   0.00000000e+00  -4.38586125e-11  -4.35116250e-23   6.70303874e-23  -2.10590897e-50
  2.70400000e-05   0.00000000e+00   0.00000000e+00  -4.49783152e-11  -4.46224692e-23   6.87416615e-23  -2.21480886e-50
  2.71200000e-05   0.00000000e+00   0.00000000e+00  -5.38448795e-11  -5.34188857e-23   8.22926884e-23  -3.17403325e-50
  2.72000000e-05   0.00000000e+00   0.00000000e+00  -4.75789003e-11  -4.72024798e-23   7.27162110e-23  -2.47819874e-50
  2.72800000e-05   0.00000000e+00   0.00000000e+00  -4.82651348e-11  -4.78832851e-23   7.37650030e-23  -2.55030135e-50
  2.73600000e-05   0.00000000e+00   0.00000000e+00  -5.02950665e-11  -4.98971571e-23   7.68674065e-23  -2.76933735e-50
  2.74400000e-05   0.00000000e+00   0.00000000e+00  -4.92421175e-11  -4.88525385e-23   7.52581540e-23  -2.65469484e-50
  2.75200000e-05   0.00000000e+00   0.00000000e+00  -4.53522024e-11  -4.49933985e-23   6.93130840e-23  -2.25184589e-50
  2.76000000e-05   0.00000000e+00   0.00000000e+00  -6.13687220e-11  -6.08832034e-23   9.37915947e-23  -4.12308983e-50
  2.76800000e-05   0.00000000e+00   0.00000000e+00  -6.07903432e-11  -6.03094004e-23   9.29076416e-23  -4.04589059e-50
  2.77600000e-05   0.00000000e+00   0.00000000e+00  -5.67630937e-11  -5.63140125e-23   8.67526796e-23  -3.52750022e-50
  2.78400000e-05   0.00000000e+00   0.00000000e+00  -5.65522322e-11  -5.61048193e-23   8.64304138e-23  -3.50142940e-50
  2.79200000e-05   0.00000000e+00   0.00000000e+00  -4.96340638e-11  -4.92413840e-23   7.58571767e-23  -2.69716422e-50
  2.80000000e-05   0.00000000e+00   0.00000000e+00  -5.65057042e-11  -5.60586595e-23   8.63593038e-23  -3.49544846e-50
  2.80800000e-05   0.00000000e+00   0.00000000e+00  -6.39321721e-11  -6.34263730e-23   9.77093897e-23  -4.47464820e-50
  2.81600000e-05   0.00000000e+00   0.00000000e+00  -5.79809405e-11  -5.75222245e-23   8.86139501e-23  -3.68047368e-50
  2.82400000e-05   0.00000000e+00   0.00000000e+00  -5.98439054e-11  -5.93704506e-23   9.14611733e-23  -3.92084907e-50
  2.83200000e-05   0.00000000e+00   0.00000000e+00  -5.56107250e-11  -5.51707610e-23   8.49914811e-23  -3.38577402e-50
  2.84000000e-05   0.00000000e+00   0.00000000e+00  -5.25095406e-11  -5.20941115e-23   8.02518511e-23  -3.01880180e-50
  2.84800000e-05   0.00000000e+00   0.00000000e+00  -6.40562204e-11  -6.35494399e-23   9.78989762e-23  -4.49203211e-50
  2.85600000e-05   0.00000000e+00   0.00000000e+00  -6.04238172e-11  -5.99457745e-23   9.23474692e-23  -3.99718241e-50
  2.86400000e-05   0.00000000e+00   0.00000000e+00  -6.49469999e-11  -6.44331720e-23   9.92603802e-23  -4.61783691e-50
  2.87200000e-05   0.00000000e+00   0.00000000e+00  -7.46861698e-11  -7.40952906e-23   1.14145036e-22  -6.10649658e-50
  2.88000000e-05   0.00000000e+00   0.00000000e+00  -6.79369198e-11  -6.73994372e-23   1.03829961e-22  -5.05291789e-50
  2.88800000e-05   0.00000000e+00   0.00000000e+00  -6.92208114e-11  -6.86731714e-23   1.05792170e-22  -5.24570599e-50
  2.89600000e-05   0.00000000e+00   0.00000000e+00  -7.17482942e-11  -7.11806581e-23   1.09654995e-22  -5.63583458e-50
  2.90400000e-05   0.00000000e+00   0.00000000e+00  -6.49334748e-11  -6.44197541e-23   9.92397094e-23  -4.61609465e-50
  2.91200000e-05   0.00000000e+00   0.00000000e+00  -6.20457092e-11  -6.15548350e-23   9.48262536e-23  -4.21464643e-50
  2.92000000e-05   0.00000000e+00   0.00000000e+00  -7.36900840e-11  -7.31070855e-23   1.12622689e-22  -5.94486802e-50
  2.92800000e-05   0.00000000e+00   0.00000000e+00  -7.94414361e-11  -7.88129358e-23   1.21412647e-22  -6.90905900e-50
  2.93600000e-05   0.00000000e+00   0.00000000e+00  -6.95551413e-11  -6.90048564e-23   1.06303136e-22  -5.29663836e-50
  2.94400000e-05   0.00000000e+00   0.00000000e+00  -7.91169287e-11  -7.84909958e-23   1.20916692e-22  -6.85272717e-50
  2.95200000e-05   0.00000000e+00   0.00000000e+00  -8.49363834e-11  -8.42644100e-23   1.29810734e-22  -7.89791906e-50
  2.96000000e-05   0.00000000e+00   0.00000000e+00  -7.72821387e-11  -7.66707218e-23   1.18112530e-22  -6.53875689e-50
  2.96800000e-05   0.00000000e+00   0.00000000e+00  -7.41946334e-11  -7.36076434e-23   1.13393806e-22  -6.02673497e-50
  2.97600000e-05   0.00000000e+00   0.00000000e+00  -8.70405187e-11  -8.63518986e-23   1.33026544e-22  -8.29411463e-50
  2.98400000e-05   0.00000000e+00   0.00000000e+00  -9.27008837e-11  -9.19674818e-23   1.41677444e-22  -9.40794312e-50
  2.99200000e-05   0.00000000e+00   0.00000000e+00  -9.75285633e-11  -9.67569673e-23   1.49055727e-22  -1.04133596e-49
  3.00000000e-05   0.00000000e+00   0.00000000e+00  -8.21438718e-11  -8.14939916e-23   1.25542857e-22  -7.38737222e-50
  3.00800000e-05   0.00000000e+00   0.00000000e+00  -8.50681247e-11  -8.43951093e-23   1.30012077e-22  -7.92242551e-50
  3.01600000e-05   0.00000000e+00   0.00000000e+00  -9.14473779e-11  -9.07238932e-23   1.39761675e-22  -9.15519354e-50
  3.02400000e-05   0.00000000e+00   0.00000000e+00  -9.68828997e-11  -9.61164120e-23   1.48068940e-22  -1.02758022e-49
  3.03200000e-05   0.00000000e+00   0.00000000e+00  -1.04456234e-10  -1.03629830e-22   1.59643486e-22  -1.19452474e-49
  3.04000000e-05   0.00000000e+00   0.00000000e+00  -9.49885031e-11  -9.42370029e-23   1.45173679e-22  -9.87834142e-50
  3.04800000e-05   0.00000000e+00   0.00000000e+00  -9.22175967e-11  -9.14880186e-23   1.40938822e-22  -9.31034153e-50
  3.05600000e-05   0.00000000e+00   0.00000000e+00  -8.76106189e-11  -8.69174889e-23   1.33897845e-22  -8.40333728e-50
  3.06400000e-05   0.00000000e+00   0.00000000e+00  -7.20896609e-11  -7.15193247e-23   1.10176715e-22  -5.68973602e-50
  3.07200000e-05   0.00000000e+00   0.00000000e+00  -1.02889075e-10  -1.02075070e-22   1.57248351e-22  -1.15895156e-49
  3.08000000e-05   0.00000000e+00   0.00000000e+00  -1.03494107e-10  -1.02675315e-22   1.58173039e-22  -1.17263074e-49
  3.08800000e-05   0.00000000e+00   0.00000000e+00  -1.16942583e-10  -1.16017394e-22   1.78726734e-22  -1.49717590e-49
  3.09600000e-05   0.00000000e+00   0.00000000e+00  -9.50583928e-11  -9.43063401e-23   1.45280493e-22  -9.89308974e-50
  3.10400000e-05   0.00000000e+00   0.00000000e+00  -1.09376403e-10  -1.08511073e-22   1.67163122e-22  -1.30970252e-49
  3.11200000e-05   0.00000000e+00   0.00000000e+00  -1.03574114e-10  -1.02754690e-22   1.58295317e-22  -1.17445667e-49
  3.12000000e-05   0.00000000e+00   0.00000000e+00  -1.12766783e-10  -1.11874631e-22   1.72344738e-22  -1.39214176e-49
  3.12800000e-05   0.00000000e+00   0.00000000e+00  -1.13619174e-10  -1.12720279e-22   1.73647473e-22  -1.41331080e-49
  3.13600000e-05   0.00000000e+00   0.00000000e+00  -1.11703897e-10  -1.10820154e-22   1.70720299e-22  -1.36606417e-49
  3.14400000e-05   0.00000000e+00   0.00000000e+00  -1.35311258e-10  -1.34240746e-22   2.06800112e-22  -2.00442984e-49
  3.15200000e-05   0.00000000e+00   0.00000000e+00  -1.22586586e-10  -1.21616745e-22   1.87352627e-22  -1.64519318e-49
  3.16000000e-05   0.00000000e+00   0.00000000e+00  -1.20865696e-10  -1.19909470e-22   1.84722542e-22  -1.59933372e-49
  3.16800000e-05   0.00000000e+00   0.00000000e+00  -1.25074226e-10  -1.24084705e-22   1.91154560e-22  -1.71264238e-49
  3.17600000e-05   0.00000000e+00   0.00000000e+00  -1.31550443e-10  -1.30509685e-22   2.01052350e-22  -1.89458586e-49
  3.18400000e-05   0.00000000e+00   0.00000000e+00  -1.36828122e-10  -1.35745610e-22   2.09118379e-22  -2.04963394e-49
  3.19200000e-05   0.00000000e+00   0.00000000e+00  -1.34832283e-10  -1.33765561e-22   2.06068081e-22  -1.99029133e-49
  3.20000000e-05   0.00000000e+00   0.00000000e+00  -1.28944056e-10  -1.27923919e-22   1.97068933e-22  -1.82025895e-49
  3.20800000e-05   0.00000000e+00   0.00000000e+00  -1.31445054e-10  -1.30405130e-22   2.00891280e-22  -1.89155767e-49
  3.21600000e-05   0.00000000e+00   0.00000000e+00  -1.33262627e-10  -1.32208323e-22   2.03669129e-22  -1.94423093e-49
  3.22400000e-05   0.00000000e+00   0.00000000e+00  -1.39561485e-10  -1.38457348e-22   2.13295855e-22  -2.13234686e-49
  3.23200000e-05   0.00000000e+00   0.00000000e+00  -1.43868964e-10  -1.42730749e-22   2.19879101e-22  -2.26604320e-49
  3.24000000e-05   0.00000000e+00   0.00000000e+00  -1.42060486e-10  -1.40936579e-22   2.17115152e-22  -2.20943162e-49
  3.24800000e-05   0.00000000e+00   0.00000000e+00  -1.46913077e-10  -1.45750778e-22   2.24531506e-22  -2.36293888e-49
  3.25600000e-05   0.00000000e+00   0.00000000e+00  -1.48276563e-10  -1.47103478e-22   2.26615361e-22  -2.40700289e-49
  3.26400000e-05   0.00000000e+00   0.00000000e+00  -1.52671189e-10  -1.51463336e-22   2.33331795e-22  -2.55179089e-49
  3.27200000e-05   0.00000000e+00   0.00000000e+00  -1.54427358e-10  -1.53205611e-22   2.36015800e-22  -2.61081969e-49
  3.28000000e-05   0.00000000e+00   0.00000000e+00  -1.60392579e-10  -1.59123639e-22   2.45132619e-22  -2.81641787e-49
  3.28800000e-05   0.00000000e+00   0.00000000e+00  -1.60948204e-10  -1.59674868e-22   2.45981796e-22  -2.83598435e-49
  3.29600000e-05   0.00000000e+00   0.00000000e+00  -1.63264366e-10  -1.61972706e-22   2.49521654e-22  -2.91820334e-49
  3.30400000e-05   0.00000000e+00   0.00000000e+00  -1.65164171e-10  -1.63857481e-22   2.52425181e-22  -2.98652580e-49
  3.31200000e-05   0.00000000e+00   0.00000000e+00  -1.59407822e-10  -1.58146674e-22   2.43627587e-22  -2.78198461e-49
  3.32000000e-05   0.00000000e+00   0.00000000e+00  -1.55186155e-10  -1.53958406e-22   2.37175491e-22  -2.63658326e-49
  3.32800000e-05   0.00000000e+00   0.00000000e+00  -1.74208532e-10  -1.72830288e-22   2.66247939e-22  -3.32253122e-49
  3.33600000e-05   0.00000000e+00   0.00000000e+00  -1.77996168e-10  -1.76587958e-22   2.72036692e-22  -3.46857893e-49
  3.34400000e-05   0.00000000e+00   0.00000000e+00  -1.82870310e-10  -1.81423539e-22   2.79485984e-22  -3.66115753e-49
  3.35200000e-05   0.00000000e+00   0.00000000e+00  -1.81615478e-10  -1.80178635e-22   2.77568189e-22  -3.61106023e-49
  3.36000000e-05   0.00000000e+00   0.00000000e+00  -1.87592584e-10  -1.86108453e-22   2.86703172e-22  -3.85265800e-49
  3.36800000e-05   0.00000000e+00   0.00000000e+00  -1.76788542e-10  -1.75389887e-22   2.70191042e-22  -3.42171604e-49
  3.37600000e-05   0.00000000e+00   0.00000000e+00  -1.93714094e-10  -1.92181534e-22   2.96058854e-22  -4.10816580e-49
  3.38400000e-05   0.00000000e+00   0.00000000e+00  -1.89624187e-10  -1.88123984e-22   2.89808130e-22  -3.93662279e-49
  3.39200000e-05   0.00000000e+00   0.00000000e+00  -1.94723064e-10  -1.93182522e-22   2.97600891e-22  -4.15109615e-49
  3.40000000e-05   0.00000000e+00   0.00000000e+00  -2.03566470e-10  -2.01955964e-22   3.11116524e-22  -4.53670546e-49
  3.40800000e-05   0.00000000e+00   0.00000000e+00  -2.10913411e-10  -2.09244781e-22   3.22345067e-22  -4.87010210e-49
  3.41600000e-05   0.00000000e+00   0.00000000e+00  -2.16576339e-10  -2.14862906e-22   3.30999883e-22  -5.13513382e-49
  3.42400000e-05   0.00000000e+00   0.00000000e+00  -2.17002325e-10  -2.15285523e-22   3.31650929e-22  -5.15533535e-49
  3.43200000e-05   0.00000000e+00   0.00000000e+00  -2.18813606e-10  -2.17082474e-22   3.34419163e-22  -5.24182665e-49
  3.44000000e-05   0.00000000e+00   0.00000000e+00  -2.15955271e-10  -2.14246752e-22   3.30050686e-22  -5.10577464e-49
  3.44800000e-05   0.00000000e+00   0.00000000e+00  -2.21560865e-10  -2.19807999e-22   3.38617878e-22  -5.37420373e-49
  3.45600000e-05   0.00000000e+00   0.00000000e+00  -2.16770400e-10  -2.15055433e-22   3.31296470e-22  -5.14437207e-49
  3.46400000e-05   0.00000000e+00   0.00000000e+00  -2.28835570e-10  -2.27025151e-22   3.49736020e-22  -5.73289405e-49
  3.47200000e-05   0.00000000e+00   0.00000000e+00  -2.30298998e-10  -2.28477001e-22   3.51972618e-22  -5.80653362e-49
  3.48000000e-05   0.00000000e+00   0.00000000e+00  -2.38973493e-10  -2.37082869e-22   3.65230099e-22  -6.25214832e-49
  3.48800000e-05   0.00000000e+00   0.00000000e+00  -2.59164034e-10  -2.57113674e-22   3.96087887e-22  -7.35319370e-49
  3.49600000e-05   0.00000000e+00   0.00000000e+00  -2.58778771e-10  -2.56731459e-22   3.95499078e-22  -7.33140671e-49
  3.50400000e-05   0.00000000e+00   0.00000000e+00  -2.48847974e-10  -2.46879230e-22   3.80321554e-22  -6.77954534e-49
  3.51200000e-05   0.00000000e+00   0.00000000e+00  -2.54385015e-10  -2.52372464e-22   3.88783973e-22  -7.08454227e-49
  3.52000000e-05   0.00000000e+00   0.00000000e+00  -2.63384500e-10  -2.61300751e-22   4.02538146e-22  -7.59467694e-49
  3.52800000e-05   0.00000000e+00   0.00000000e+00  -2.62562401e-10  -2.60485156e-22   4.01281707e-22  -7.54739669e-49
  3.53600000e-05   0.00000000e+00   0.00000000e+00  -2.72292956e-10  -2.70138730e-22   4.16153197e-22  -8.11716847e-49
  3.54400000e-05   0.00000000e+00   0.00000000e+00  -2.74407113e-10  -2.72236161e-22   4.19384324e-22  -8.24370577e-49
  3.55200000e-05   0.00000000e+00   0.00000000e+00  -2.84028658e-10  -2.81781586e-22   4.34089208e-22  -8.83190010e-49
  3.56000000e-05   0.00000000e+00   0.00000000e+00  -2.91258576e-10  -2.88954306e-22   4.45138902e-22  -9.28725432e-49
  3.56800000e-05   0.00000000e+00   0.00000000e+00  -2.88737303e-10  -2.86452980e-22   4.41285566e-22  -9.12719302e-49
  3.57600000e-05   0.00000000e+00   0.00000000e+00  -2.90761050e-10  -2.88460716e-22   4.44378517e-22  -9.25558608e-49
  3.58400000e-05   0.00000000e+00   0.00000000e+00  -2.93762048e-10  -2.91437973e-22   4.48965029e-22  -9.44762953e-49
  3.59200000e-05   0.00000000e+00   0.00000000e+00  -3.05394649e-10  -3.02978544e-22   4.66743469e-22  -1.02106200e-48
  3.60000000e-05   0.00000000e+00   0.00000000e+00  -3.11822603e-10  -3.09355644e-22   4.76567496e-22  -1.06449834e-48
  3.60800000e-05   0.00000000e+00   0.00000000e+00  -3.15556070e-10  -3.13059575e-22   4.82273461e-22  -1.09014193e-48
  3.61600000e-05   0.00000000e+00   0.00000000e+00  -3.19492998e-10  -3.16965357e-22   4.88290382e-22  -1.11752143e-48
  3.62400000e-05   0.00000000e+00   0.00000000e+00  -3.26264333e-10  -3.23683122e-22   4.98639209e-22  -1.16538702e-48
  3.63200000e-05   0.00000000e+00   0.00000000e+00  -3.31060845e-10  -3.28441687e-22   5.05969857e-22  -1.19990279e-48
  3.64000000e-05   0.00000000e+00   0.00000000e+00  -3.37662633e-10  -3.34991246e-22   5.16059559e-22  -1.24823533e-48
  3.64800000e-05   0.00000000e+00   0.00000000e+00  -3.41906828e-10  -3.39201864e-22   5.22546085e-22  -1.27981324e-48
  3.65600000e-05   0.00000000e+00   0.00000000e+00  -3.52837883e-10  -3.50046440e-22   5.39252331e-22  -1.36295216e-48
  3.66400000e-05   0.00000000e+00   0.00000000e+00  -3.60607742e-10  -3.57754829e-22   5.51127231e-22  -1.42364053e-48
  3.67200000e-05   0.00000000e+00   0.00000000e+00  -3.52500087e-10  -3.49711318e-22   5.38736067e-22  -1.36035335e-48
  3.68000000e-05   0.00000000e+00   0.00000000e+00  -3.74321492e-10  -3.71360085e-22   5.72086350e-22  -1.53398054e-48
  3.68800000e-05   0.00000000e+00   0.00000000e+00  -3.82128363e-10  -3.79105194e-22   5.84017817e-22  -1.59863353e-48
  3.69600000e-05   0.00000000e+00   0.00000000e+00  -3.92505230e-10  -3.89399966e-22   5.99877081e-22  -1.68663347e-48
  3.70400000e-05   0.00000000e+00   0.00000000e+00  -3.85754386e-10  -3.82702532e-22   5.89559571e-22  -1.62912978e-48
  3.71200000e-05   0.00000000e+00   0.00000000e+00  -3.97353965e-10  -3.94210343e-22   6.07287542e-22  -1.72856345e-48
  3.72000000e-05   0.00000000e+00   0.00000000e+00  -3.90398366e-10  -3.87309773e-22   5.96657098e-22  -1.66859103e-48
  3.72800000e-05   0.00000000e+00   0.00000000e+00  -4.19253632e-10  -4.15936754e-22   6.40757434e-22  -1.92434885e-48
  3.73600000e-05   0.00000000e+00   0.00000000e+00  -4.21017074e-10  -4.17686247e-22   6.43452554e-22  -1.94057203e-48
  3.74400000e-05   0.00000000e+00   0.00000000e+00  -4.29704863e-10  -4.26305304e-22   6.56730352e-22  -2.02148690e-48
  3.75200000e-05   0.00000000e+00   0.00000000e+00  -4.26298033e-10  -4.22925428e-22   6.51523594e-22  -1.98956807e-48
  3.76000000e-05   0.00000000e+00   0.00000000e+00  -4.34206598e-10  -4.30771426e-22   6.63610481e-22  -2.06407001e-48
  3.76800000e-05   0.00000000e+00   0.00000000e+00  -4.48570250e-10  -4.45021443e-22   6.85562865e-22  -2.20288391e-48
  3.77600000e-05   0.00000000e+00   0.00000000e+00  -4.61206512e-10  -4.57557735e-22   7.04875228e-22  -2.32874205e-48
  3.78400000e-05   0.00000000e+00   0.00000000e+00  -4.69973301e-10  -4.66255169e-22   7.18273765e-22  -2.41811492e-48
  3.79200000e-05   0.00000000e+00   0.00000000e+00  -4.74507887e-10  -4.70753881e-22   7.25204103e-22  -2.46500772e-48
  3.80000000e-05   0.00000000e+00   0.00000000e+00  -4.82991181e-10  -4.79170062e-22   7.38169365e-22  -2.55394883e-48
  3.80800000e-05   0.00000000e+00   0.00000000e+00  -4.89740092e-10  -4.85865581e-22   7.48483919e-22  -2.62580516e-48
  3.81600000e-05   0.00000000e+00   0.00000000e+00  -5.06305026e-10  -5.02299466e-22   7.73800586e-22  -2.80642414e-48
  3.82400000e-05   0.00000000e+00   0.00000000e+00  -5.23837286e-10  -5.19693023e-22   8.00595644e-22  -3.00415109e-48
  3.83200000e-05   0.00000000e+00   0.00000000e+00  -5.16017960e-10  -5.11935559e-22   7.88645140e-22  -2.91515254e-48
  3.84000000e-05   0.00000000e+00   0.00000000e+00  -5.24860054e-10  -5.20707702e-22   8.02158767e-22  -3.01590510e-48
  3.84800000e-05   0.00000000e+00   0.00000000e+00  -5.34269285e-10  -5.30042494e-22   8.16539165e-22  -3.12499983e-48
  3.85600000e-05   0.00000000e+00   0.00000000e+00  -5.43581859e-10  -5.39281396e-22   8.30771840e-22  -3.23491389e-48
  3.86400000e-05   0.00000000e+00   0.00000000e+00  -5.42445893e-10  -5.38154418e-22   8.29035709e-22  -3.22140751e-48
  3.87200000e-05   0.00000000e+00   0.00000000e+00  -5.79250242e-10  -5.74667597e-22   8.85284857e-22  -3.67333957e-48
  3.88000000e-05   0.00000000e+00   0.00000000e+00  -5.66842407e-10  -5.62357926e-22   8.66321603e-22  -3.51767995e-48
  3.88800000e-05   0.00000000e+00   0.00000000e+00  -5.81219682e-10  -5.76621460e-22   8.88294806e-22  -3.69837273e-48
  3.89600000e-05   0.00000000e+00   0.00000000e+00  -6.11613540e-10  -6.06774864e-22   9.34746615e-22  -4.09526765e-48
  3.90400000e-05   0.00000000e+00   0.00000000e+00  -6.06397970e-10  -6.01600558e-22   9.26775507e-22  -4.02574436e-48
  3.91200000e-05   0.00000000e+00   0.00000000e+00  -6.16854275e-10  -6.11974142e-22   9.42756178e-22  -4.16577592e-48
  3.92000000e-05   0.00000000e+00   0.00000000e+00  -6.27336584e-10  -6.22373524e-22   9.58776593e-22  -4.30857093e-48
  3.92800000e-05   0.00000000e+00   0.00000000e+00  -6.36963705e-10  -6.31924484e-22   9.73489998e-22  -4.44178716e-48
  3.93600000e-05   0.00000000e+00   0.00000000e+00  -6.49062791e-10  -6.43927852e-22   9.91981378e-22  -4.61215669e-48
  3.94400000e-05   0.00000000e+00   0.00000000e+00  -6.72396991e-10  -6.67077451e-22   1.02764371e-21  -4.94971411e-48
  3.95200000e-05   0.00000000e+00   0.00000000e+00  -6.86386207e-10  -6.80955996e-22   1.04902383e-21  -5.15783601e-48
  3.96000000e-05   0.00000000e+00   0.00000000e+00  -6.92422490e-10  -6.86944527e-22   1.05824925e-21  -5.24895078e-48
  3.96800000e-05  -1.29283849e-05  -1.13656128e-06  -7.03970613e-10   3.31500639e-18  -3.77150665e-17   1.10880408e-17
  3.97600000e-05  -5.62374775e-05  -4.93568783e-06  -6.70258830e-10   1.43984404e-17  -1.64063112e-16   4.82385038e-17
  3.98400000e-05  -5.23432741e-05  -4.37178347e-06  -7.04880851e-10   1.27544073e-17  -1.52715544e-16   4.51923724e-17
  3.99200000e-05  -4.00546712e-05  -3.18938476e-06  -6.65480171e-10   9.30513393e-18  -1.16868070e-16   3.48018539e-17
  4.00000000e-05  -6.90909962e-05  -4.90221129e-06   2.89335580e-10   1.43046140e-17  -2.01603389e-16   6.09010547e-17
  4.00800000e-05  -6.73263628e-06  -2.80122429e-07   1.09752414e-10   8.17532748e-19  -1.96466473e-17   6.23289536e-18
  4.01600000e-05   0.00000000e+00   0.00000000e+00   0.00000000e+00   0.00000000e+00   0.00000000e+00   0.00000000e+00
