       time             b_x              b_y              b_z              F_x              F_y              F_z
  0.00000000e+00   0.00000000e+00   0.00000000e+00   0.00000000e+00   0.00000000e+00   0.00000000e+00   0.00000000e+00
  8.00000000e-08   0.00000000e+00   0.00000000e+00   0.00000000e+00   0.00000000e+00   0.00000000e+00   0.00000000e+00
  1.60000000e-07   0.00000000e+00   0.00000000e+00   0.00000000e+00   0.00000000e+00   0.00000000e+00   0.00000000e+00
  2.40000000e-07   0.00000000e+00   0.00000000e+00   0.00000000e+00   0.00000000e+00   0.00000000e+00   0.00000000e+00
  3.20000000e-07   0.00000000e+00   0.00000000e+00   0.00000000e+00   0.00000000e+00   0.00000000e+00   0.00000000e+00
  4.00000000e-07   0.00000000e+00   0.00000000e+00   0.00000000e+00   0.00000000e+00   0.00000000e+00   0.00000000e+00
  4.80000000e-07   0.00000000e+00   0.00000000e+00   0.00000000e+00   0.00000000e+00   0.00000000e+00   0.00000000e+00
  5.60000000e-07   0.00000000e+00   0.00000000e+00   0.00000000e+00   0.00000000e+00   0.00000000e+00   0.00000000e+00
  6.40000000e-07   0.00000000e+00   0.00000000e+00   0.00000000e+00   0.00000000e+00   0.00000000e+00   0.00000000e+00
  7.20000000e-07   0.00000000e+00   0.00000000e+00   0.00000000e+00   0.00000000e+00   0.00000000e+00   0.00000000e+00
  8.00000000e-07   0.00000000e+00   0.00000000e+00   0.00000000e+00   0.00000000e+00   0.00000000e+00   0.00000000e+00
  8.80000000e-07   0.00000000e+00   0.00000000e+00   0.00000000e+00   0.00000000e+00   0.00000000e+00   0.00000000e+00
  9.60000000e-07   0.00000000e+00   0.00000000e+00   0.00000000e+00   0.00000000e+00   0.00000000e+00   0.00000000e+00
  1.04000000e-06   0.00000000e+00   0.00000000e+00   0.00000000e+00   0.00000000e+00   0.00000000e+00   0.00000000e+00
  1.12000000e-06   0.00000000e+00   0.00000000e+00   0.00000000e+00   0.00000000e+00   0.00000000e+00   0.00000000e+00
  1.20000000e-06   0.00000000e+00   0.00000000e+00   0.00000000e+00   0.00000000e+00   0.00000000e+00   0.00000000e+00
  1.28000000e-06   0.00000000e+00   0.00000000e+00   0.00000000e+00   0.00000000e+00   0.00000000e+00   0.00000000e+00
  1.36000000e-06   0.00000000e+00   0.00000000e+00   0.00000000e+00   0.00000000e+00   0.00000000e+00   0.00000000e+00
  1.44000000e-06   0.00000000e+00   0.00000000e+00   0.00000000e+00   0.00000000e+00   0.00000000e+00   0.00000000e+00
  1.52000000e-06   0.00000000e+00   0.00000000e+00   0.00000000e+00   0.00000000e+00   0.00000000e+00   0.00000000e+00
  1.60000000e-06   0.00000000e+00   0.00000000e+00   0.00000000e+00   0.00000000e+00   0.00000000e+00   0.00000000e+00
  1.68000000e-06   0.00000000e+00   0.00000000e+00   0.00000000e+00   0.00000000e+00   0.00000000e+00   0.00000000e+00
  1.76000000e-06   0.00000000e+00   0.00000000e+00   0.00000000e+00   0.00000000e+00   0.00000000e+00   0.00000000e+00
  1.84000000e-06   0.00000000e+00   0.00000000e+00   0.00000000e+00   0.00000000e+00   0.00000000e+00   0.00000000e+00
  1.92000000e-06   0.00000000e+00   0.00000000e+00   0.00000000e+00   0.00000000e+00   0.00000000e+00   0.00000000e+00
  2.00000000e-06   0.00000000e+00   0.00000000e+00   0.00000000e+00   0.00000000e+00   0.00000000e+00   0.00000000e+00
  2.08000000e-06   0.00000000e+00   0.00000000e+00   0.00000000e+00   0.00000000e+00   0.00000000e+00   0.00000000e+00
  2.16000000e-06   0.00000000e+00   0.00000000e+00   0.00000000e+00   0.00000000e+00   0.00000000e+00   0.00000000e+00
  2.24000000e-06   0.00000000e+00   0.00000000e+00   0.00000000e+00   0.00000000e+00   0.00000000e+00   0.00000000e+00
  2.32000000e-06   0.00000000e+00   0.00000000e+00   0.00000000e+00   0.00000000e+00   0.00000000e+00   0.00000000e+00
  2.40000000e-06   0.00000000e+00   0.00000000e+00   0.00000000e+00   0.00000000e+00   0.00000000e+00   0.00000000e+00
  2.48000000e-06   0.00000000e+00   0.00000000e+00   0.00000000e+00   0.00000000e+00   0.00000000e+00   0.00000000e+00
  2.56000000e-06   0.00000000e+00   0.00000000e+00   0.00000000e+00   0.00000000e+00   0.00000000e+00   0.00000000e+00
  2.64000000e-06   0.00000000e+00   0.00000000e+00   0.00000000e+00   0.00000000e+00   0.00000000e+00   0.00000000e+00
  2.72000000e-06   0.00000000e+00   0.00000000e+00   0.00000000e+00   0.00000000e+00   0.00000000e+00   0.00000000e+00
  2.80000000e-06   0.00000000e+00   0.00000000e+00   0.00000000e+00   0.00000000e+00   0.00000000e+00   0.00000000e+00
  2.88000000e-06   1.67626659e-06   4.20945877e-07   0.00000000e+00  -1.49289752e-18   5.94493108e-18  -4.34901805e-18
  2.96000000e-06   1.00117031e-05   2.50416010e-06  -4.57405007e-14  -8.88106293e-18   3.55067408e-17  -2.60096148e-17
  3.04000000e-06   3.70443721e-05   9.20313989e-06  -6.36467012e-13  -3.26379608e-17   1.31373935e-16  -9.64610874e-17
  3.12000000e-06   3.80282374e-05   9.30214995e-06  -1.29100992e-12  -3.29854666e-17   1.34848291e-16  -9.95462050e-17
  3.20000000e-06   5.00652232e-05   1.20751976e-05  -3.05224264e-12  -4.28147722e-17   1.77515168e-16  -1.31670014e-16
  3.28000000e-06   5.88912360e-06   1.26467221e-06  -1.37649553e-11  -4.48381054e-18   2.08793185e-17  -1.60279806e-17
  3.36000000e-06   2.06811492e-05   4.84629076e-06  -1.31425635e-11  -1.71814701e-17   7.33203687e-17  -5.48919670e-17
  3.44000000e-06  -8.56174861e-12  -1.42908950e-12  -1.46119026e-11  -4.55347722e-23   2.00721413e-23   2.47176836e-23
  3.52000000e-06   1.05126073e-12   1.41735464e-13  -1.95490678e-11  -6.82010794e-23   7.11899577e-23  -3.15140218e-24
  3.60000000e-06   1.11720089e-12   2.50160452e-13  -1.54315366e-11  -5.43264170e-23   5.72142924e-23  -3.00558328e-24
  3.68000000e-06   0.00000000e+00   0.00000000e+00  -1.18467658e-11  -4.10254589e-23   4.08827132e-23  -1.34419004e-50
  3.76000000e-06   0.00000000e+00   0.00000000e+00  -1.50407826e-11  -5.20863684e-23   5.19051369e-23  -2.16652999e-50
  3.84000000e-06   0.00000000e+00   0.00000000e+00  -1.71894223e-11  -5.95271275e-23   5.93200063e-23  -2.83000826e-50
  3.92000000e-06   0.00000000e+00   0.00000000e+00  -1.31334420e-11  -4.54812303e-23   4.53229809e-23  -1.65219431e-50
  4.00000000e-06   0.00000000e+00   0.00000000e+00  -6.17478483e-12  -2.13833366e-23   2.13089345e-23  -3.65356042e-51
  4.08000000e-06   0.00000000e+00   0.00000000e+00  -1.78968578e-11  -6.19769830e-23   6.17613376e-23  -3.06792866e-50
  4.16000000e-06   0.00000000e+00   0.00000000e+00  -1.50705166e-11  -5.21893376e-23   5.20077477e-23  -2.17577061e-50
  4.24000000e-06   0.00000000e+00   0.00000000e+00  -1.61772677e-11  -5.60220270e-23   5.58271015e-23  -2.50619851e-50
  4.32000000e-06   0.00000000e+00   0.00000000e+00  -1.52425451e-11  -5.27850739e-23   5.26014112e-23  -2.22527788e-50
  4.40000000e-06   0.00000000e+00   0.00000000e+00  -1.45513843e-11  -5.03915777e-23   5.02162430e-23  -2.02833133e-50
  4.48000000e-06   0.00000000e+00   0.00000000e+00  -1.88099829e-11  -6.51391436e-23   6.49124956e-23  -3.38847066e-50
  4.56000000e-06   0.00000000e+00   0.00000000e+00  -1.71135272e-11  -5.92643020e-23   5.90580951e-23  -2.80522884e-50
  4.64000000e-06   0.00000000e+00   0.00000000e+00  -1.57363775e-11  -5.44952199e-23   5.43056069e-23  -2.37245042e-50
  4.72000000e-06   0.00000000e+00   0.00000000e+00  -2.11342139e-11  -7.31879771e-23   7.29333236e-23  -4.27801645e-50
  4.80000000e-06   0.00000000e+00   0.00000000e+00  -1.57481202e-11  -5.45358851e-23   5.43461305e-23  -2.37579190e-50
  4.88000000e-06   0.00000000e+00   0.00000000e+00  -2.58000397e-11  -8.93457747e-23   8.90349010e-23  -6.37469795e-50
  4.96000000e-06   0.00000000e+00   0.00000000e+00  -2.28147973e-11  -7.90078529e-23   7.87329495e-23  -4.98560303e-50
  5.04000000e-06   0.00000000e+00   0.00000000e+00  -2.83211021e-11  -9.80762371e-23   9.77349862e-23  -7.68151244e-50
  5.12000000e-06   0.00000000e+00   0.00000000e+00  -1.00368199e-11  -3.47575995e-23   3.46366624e-23  -9.65392875e-51
  5.20000000e-06   0.00000000e+00   0.00000000e+00  -2.67552285e-11  -9.26536025e-23   9.23312194e-23  -6.85546722e-50
  5.28000000e-06   0.00000000e+00   0.00000000e+00  -1.76220124e-11  -6.10251910e-23   6.08128572e-23  -2.97454428e-50
  5.36000000e-06   0.00000000e+00   0.00000000e+00  -2.04441668e-11  -7.07983376e-23   7.05519987e-23  -4.00360787e-50
  5.44000000e-06   0.00000000e+00   0.00000000e+00  -2.58256657e-11  -8.94345178e-23   8.91233352e-23  -6.38776326e-50
  5.52000000e-06   0.00000000e+00   0.00000000e+00  -2.48166957e-11  -8.59404455e-23   8.56414204e-23  -5.89869208e-50
  5.60000000e-06   0.00000000e+00   0.00000000e+00  -1.98957327e-11  -6.88991053e-23   6.86593746e-23  -3.79188587e-50
  5.68000000e-06   0.00000000e+00   0.00000000e+00  -2.72617902e-11  -9.44078303e-23   9.40793433e-23  -7.11831012e-50
  5.76000000e-06   0.00000000e+00   0.00000000e+00  -1.63364910e-11  -5.65734188e-23   5.63765746e-23  -2.55702665e-50
  5.84000000e-06   0.00000000e+00   0.00000000e+00  -3.24077862e-11  -1.12228462e-22   1.11837969e-22  -1.00588047e-49
  5.92000000e-06   0.00000000e+00   0.00000000e+00  -2.56368179e-11  -8.87805364e-23   8.84716292e-23  -6.29584526e-50
  6.00000000e-06   0.00000000e+00   0.00000000e+00  -2.43997475e-11  -8.44965501e-23   8.42025488e-23  -5.70262246e-50
  6.08000000e-06   0.00000000e+00   0.00000000e+00  -2.59282732e-11  -8.97898488e-23   8.94774297e-23  -6.44001036e-50
  6.16000000e-06   0.00000000e+00   0.00000000e+00  -3.46492822e-11  -1.19990783e-22   1.19573281e-22  -1.14985565e-49
  6.24000000e-06   0.00000000e+00   0.00000000e+00  -2.67147030e-11  -9.25132623e-23   9.21913673e-23  -6.83674550e-50
  6.32000000e-06   0.00000000e+00   0.00000000e+00  -3.61026462e-11  -1.25023796e-22   1.24588782e-22  -1.24836115e-49
  6.40000000e-06   0.00000000e+00   0.00000000e+00  -2.48115008e-11  -8.59224555e-23   8.56234928e-23  -5.89722343e-50
  6.48000000e-06   0.00000000e+00   0.00000000e+00  -3.18335106e-11  -1.10239740e-22   1.09856167e-22  -9.70575893e-50
  6.56000000e-06   0.00000000e+00   0.00000000e+00  -3.31003401e-11  -1.14626783e-22   1.14227945e-22  -1.04947687e-49
  6.64000000e-06   0.00000000e+00   0.00000000e+00  -3.99772016e-11  -1.38441417e-22   1.37959717e-22  -1.53066094e-49
  6.72000000e-06   0.00000000e+00   0.00000000e+00  -3.10456527e-11  -1.07511381e-22   1.07137301e-22  -9.23240556e-50
  6.80000000e-06   0.00000000e+00   0.00000000e+00  -3.72937905e-11  -1.29148740e-22   1.28699373e-22  -1.33211602e-49
  6.88000000e-06   0.00000000e+00   0.00000000e+00  -3.63047549e-11  -1.25723701e-22   1.25286251e-22  -1.26233203e-49
  6.96000000e-06   0.00000000e+00   0.00000000e+00  -4.37601987e-11  -1.51541971e-22   1.51014688e-22  -1.83405960e-49
  7.04000000e-06   0.00000000e+00   0.00000000e+00  -3.38410507e-11  -1.17191870e-22   1.16784107e-22  -1.09699654e-49
  7.12000000e-06   0.00000000e+00   0.00000000e+00  -4.12300866e-11  -1.42780169e-22   1.42283373e-22  -1.62822058e-49
  7.20000000e-06   0.00000000e+00   0.00000000e+00  -3.94277640e-11  -1.36538710e-22   1.36063630e-22  -1.48890675e-49
  7.28000000e-06   0.00000000e+00   0.00000000e+00  -4.83826251e-11  -1.67549476e-22   1.66966496e-22  -2.24201080e-49
  7.36000000e-06   0.00000000e+00   0.00000000e+00  -4.26410772e-11  -1.47666443e-22   1.47152645e-22  -1.74156017e-49
  7.44000000e-06   0.00000000e+00   0.00000000e+00  -4.85490550e-11  -1.68125824e-22   1.67540839e-22  -2.25754409e-49
  7.52000000e-06   0.00000000e+00   0.00000000e+00  -4.09961548e-11  -1.41970062e-22   1.41476084e-22  -1.60981097e-49
  7.60000000e-06   0.00000000e+00   0.00000000e+00  -4.65118513e-11  -1.61070969e-22   1.60510531e-22  -2.07196996e-49
  7.68000000e-06   0.00000000e+00   0.00000000e+00  -4.99288056e-11  -1.72903914e-22   1.72302303e-22  -2.38776256e-49
  7.76000000e-06   0.00000000e+00   0.00000000e+00  -4.90889049e-11  -1.69995330e-22   1.69403839e-22  -2.30816398e-49
  7.84000000e-06   0.00000000e+00   0.00000000e+00  -5.00446335e-11  -1.73305027e-22   1.72702020e-22  -2.39873754e-49
  7.92000000e-06   0.00000000e+00   0.00000000e+00  -5.80122377e-11  -2.00896914e-22   2.00197902e-22  -3.22323855e-49
  8.00000000e-06   0.00000000e+00   0.00000000e+00  -4.84971897e-11  -1.67946215e-22   1.67361854e-22  -2.25285415e-49
  8.08000000e-06   0.00000000e+00   0.00000000e+00  -5.01521202e-11  -1.73677254e-22   1.73072952e-22  -2.40915514e-49
  8.16000000e-06   0.00000000e+00   0.00000000e+00  -4.52822329e-11  -1.56812790e-22   1.56267167e-22  -1.96400956e-49
  8.24000000e-06   0.00000000e+00   0.00000000e+00  -4.87063122e-11  -1.68670408e-22   1.68083527e-22  -2.27230408e-49
  8.32000000e-06   0.00000000e+00   0.00000000e+00  -5.65687385e-11  -1.95898063e-22   1.95216444e-22  -3.06485642e-49
  8.40000000e-06   0.00000000e+00   0.00000000e+00  -4.50836543e-11  -1.56125110e-22   1.55581880e-22  -1.94689990e-49
  8.48000000e-06   0.00000000e+00   0.00000000e+00  -5.48263000e-11  -1.89863982e-22   1.89203359e-22  -2.87897859e-49
  8.56000000e-06   0.00000000e+00   0.00000000e+00  -6.13775704e-11  -2.12551092e-22   2.11811530e-22  -3.60827563e-49
  8.64000000e-06   0.00000000e+00   0.00000000e+00  -5.62854712e-11  -1.94917105e-22   1.94238900e-22  -3.03453113e-49
  8.72000000e-06   0.00000000e+00   0.00000000e+00  -5.80484541e-11  -2.01022332e-22   2.00322883e-22  -3.22734851e-49
  8.80000000e-06   0.00000000e+00   0.00000000e+00  -7.51459278e-11  -2.60231041e-22   2.59325578e-22  -5.40835332e-49
  8.88000000e-06   0.00000000e+00   0.00000000e+00  -6.23481529e-11  -2.15912228e-22   2.15160971e-22  -3.72331218e-49
  8.96000000e-06   0.00000000e+00   0.00000000e+00  -7.33729611e-11  -2.54091241e-22   2.53207141e-22  -5.15626462e-49
  9.04000000e-06   0.00000000e+00   0.00000000e+00  -6.23857701e-11  -2.16042497e-22   2.15290786e-22  -3.72767053e-49
  9.12000000e-06   0.00000000e+00   0.00000000e+00  -6.77248696e-11  -2.34531848e-22   2.33715804e-22  -4.39307956e-49
  9.20000000e-06   0.00000000e+00   0.00000000e+00  -7.40942441e-11  -2.56589051e-22   2.55696259e-22  -5.25835068e-49
  9.28000000e-06   0.00000000e+00   0.00000000e+00  -6.03315567e-11  -2.08928738e-22   2.08201778e-22  -3.48644534e-49
  9.36000000e-06   0.00000000e+00   0.00000000e+00  -7.02296059e-11  -2.43205773e-22   2.42359548e-22  -4.72428346e-49
  9.44000000e-06   0.00000000e+00   0.00000000e+00  -6.96784935e-11  -2.41297266e-22   2.40457681e-22  -4.65024406e-49
  9.52000000e-06   0.00000000e+00   0.00000000e+00  -7.39962404e-11  -2.56249663e-22   2.55358052e-22  -5.24452142e-49
  9.60000000e-06   0.00000000e+00   0.00000000e+00  -7.47103964e-11  -2.58722792e-22   2.57822576e-22  -5.34612531e-49
  9.68000000e-06   0.00000000e+00   0.00000000e+00  -6.13174968e-11  -2.12343057e-22   2.11604218e-22  -3.60147520e-49
  9.76000000e-06   0.00000000e+00   0.00000000e+00  -7.40194304e-11  -2.56329971e-22   2.55438080e-22  -5.24805646e-49
  9.84000000e-06   0.00000000e+00   0.00000000e+00  -6.18509891e-11  -2.14190546e-22   2.13445278e-22  -3.66473715e-49
  9.92000000e-06   0.00000000e+00   0.00000000e+00  -7.91428312e-11  -2.74072355e-22   2.73118730e-22  -5.99914877e-49
  1.00000000e-05   0.00000000e+00   0.00000000e+00  -7.66506373e-11  -2.65441865e-22   2.64518269e-22  -5.62764622e-49
  1.00800000e-05   0.00000000e+00   0.00000000e+00  -7.78340154e-11  -2.69539914e-22   2.68602059e-22  -5.80249586e-49
  1.01600000e-05   0.00000000e+00   0.00000000e+00  -7.66886764e-11  -2.65573594e-22   2.64649540e-22  -5.63325873e-49
  1.02400000e-05   0.00000000e+00   0.00000000e+00  -8.89446391e-11  -3.08016107e-22   3.06944375e-22  -7.57704654e-49
  1.03200000e-05   0.00000000e+00   0.00000000e+00  -8.80542324e-11  -3.04932620e-22   3.03871617e-22  -7.42625201e-49
  1.04000000e-05   0.00000000e+00   0.00000000e+00  -8.39875044e-11  -2.90849504e-22   2.89837502e-22  -6.75626339e-49
  1.04800000e-05   0.00000000e+00   0.00000000e+00  -8.31837257e-11  -2.88066011e-22   2.87063694e-22  -6.62750080e-49
  1.05600000e-05   0.00000000e+00   0.00000000e+00  -8.53503614e-11  -2.95569090e-22   2.94540667e-22  -6.97757775e-49
  1.06400000e-05   0.00000000e+00   0.00000000e+00  -8.60088501e-11  -2.97849443e-22   2.96813085e-22  -7.08528110e-49
  1.07200000e-05   0.00000000e+00   0.00000000e+00  -9.18043798e-11  -3.17919416e-22   3.16813225e-22  -8.07199954e-49
  1.08000000e-05   0.00000000e+00   0.00000000e+00  -7.90807448e-11  -2.73857350e-22   2.72904471e-22  -5.99023724e-49
  1.08800000e-05   0.00000000e+00   0.00000000e+00  -8.70424544e-11  -3.01428824e-22   3.00380011e-22  -7.25671967e-49
  1.09600000e-05   0.00000000e+00   0.00000000e+00  -8.77174233e-11  -3.03766248e-22   3.02709302e-22  -7.36998520e-49
  1.10400000e-05   0.00000000e+00   0.00000000e+00  -7.91935107e-11  -2.74247860e-22   2.73293622e-22  -6.00721730e-49
  1.11200000e-05   0.00000000e+00   0.00000000e+00  -9.06198032e-11  -3.13817217e-22   3.12725298e-22  -7.86558412e-49
  1.12000000e-05   0.00000000e+00   0.00000000e+00  -8.59010327e-11  -2.97476071e-22   2.96441010e-22  -7.06783324e-49
  1.12800000e-05   0.00000000e+00   0.00000000e+00  -9.15099638e-11  -3.16899851e-22   3.15797206e-22  -8.02068957e-49
  1.13600000e-05   0.00000000e+00   0.00000000e+00  -9.91169250e-11  -3.43242828e-22   3.42048523e-22  -9.40945526e-49
  1.14400000e-05   0.00000000e+00   0.00000000e+00  -8.64661722e-11  -2.99433154e-22   2.98391284e-22  -7.16095147e-49
  1.15200000e-05   0.00000000e+00   0.00000000e+00  -8.60889160e-11  -2.98126713e-22   2.97089388e-22  -7.09959142e-49
  1.16000000e-05   0.00000000e+00   0.00000000e+00  -9.38125650e-11  -3.24873781e-22   3.23743390e-22  -8.42912430e-49
  1.16800000e-05   0.00000000e+00   0.00000000e+00  -8.62396399e-11  -2.98648671e-22   2.97609530e-22  -7.12376074e-49
  1.17600000e-05   0.00000000e+00   0.00000000e+00  -9.19298951e-11  -3.18354078e-22   3.17246372e-22  -8.09451948e-49
  1.18400000e-05   0.00000000e+00   0.00000000e+00  -9.09503282e-11  -3.14961828e-22   3.13865925e-22  -7.92297691e-49
  1.19200000e-05   0.00000000e+00   0.00000000e+00  -9.91586729e-11  -3.43387402e-22   3.42192593e-22  -9.41735121e-49
  1.20000000e-05   0.00000000e+00   0.00000000e+00  -9.21817904e-11  -3.19226394e-22   3.18115652e-22  -8.13904239e-49
  1.20800000e-05   0.00000000e+00   0.00000000e+00  -8.87883499e-11  -3.07474878e-22   3.06405025e-22  -7.55119222e-49
  1.21600000e-05   0.00000000e+00   0.00000000e+00  -8.62403099e-11  -2.98650992e-22   2.97611841e-22  -7.12366942e-49
  1.22400000e-05   0.00000000e+00   0.00000000e+00  -9.40013111e-11  -3.25527411e-22   3.24394744e-22  -8.46339221e-49
  1.23200000e-05   0.00000000e+00   0.00000000e+00  -8.68008639e-11  -3.00592196e-22   2.99546290e-22  -7.21701341e-49
  1.24000000e-05   0.00000000e+00   0.00000000e+00  -8.62590409e-11  -2.98715858e-22   2.97676481e-22  -7.12635576e-49
  1.24800000e-05   0.00000000e+00   0.00000000e+00  -8.13187602e-11  -2.81607620e-22   2.80627771e-22  -6.33343159e-49
  1.25600000e-05   0.00000000e+00   0.00000000e+00  -7.74729204e-11  -2.68289441e-22   2.67355932e-22  -5.74889436e-49
  1.26400000e-05   0.00000000e+00   0.00000000e+00  -7.98862256e-11  -2.76646739e-22   2.75684151e-22  -6.11248582e-49
  1.27200000e-05   0.00000000e+00   0.00000000e+00  -6.38991289e-11  -2.21283276e-22   2.20513324e-22  -3.91116325e-49
  1.28000000e-05   0.00000000e+00   0.00000000e+00  -9.93356976e-11  -3.44000441e-22   3.42803497e-22  -9.45043410e-49
  1.28800000e-05   0.00000000e+00   0.00000000e+00  -7.44549155e-11  -2.57838063e-22   2.56940919e-22  -5.30952975e-49
  1.29600000e-05   0.00000000e+00   0.00000000e+00  -7.23092831e-11  -2.50407718e-22   2.49536427e-22  -5.00800064e-49
  1.30400000e-05   0.00000000e+00   0.00000000e+00  -7.99101719e-11  -2.76729666e-22   2.75766789e-22  -6.11609735e-49
  1.31200000e-05   0.00000000e+00   0.00000000e+00  -8.15007840e-11  -2.82237971e-22   2.81255927e-22  -6.36206768e-49
  1.32000000e-05   0.00000000e+00   0.00000000e+00  -6.39299903e-11  -2.21390149e-22   2.20619825e-22  -3.91500316e-49
  1.32800000e-05   0.00000000e+00   0.00000000e+00  -6.71748508e-11  -2.32627131e-22   2.31817708e-22  -4.32188469e-49
  1.33600000e-05   0.00000000e+00   0.00000000e+00  -6.44957161e-11  -2.23349263e-22   2.22572122e-22  -3.98422106e-49
  1.34400000e-05   0.00000000e+00   0.00000000e+00  -5.82685004e-11  -2.01784357e-22   2.01082251e-22  -3.25217694e-49
  1.35200000e-05   0.00000000e+00   0.00000000e+00  -6.17928127e-11  -2.13989084e-22   2.13244511e-22  -3.65745975e-49
  1.36000000e-05   0.00000000e+00   0.00000000e+00  -4.89345974e-11  -1.69460965e-22   1.68871327e-22  -2.29374904e-49
  1.36800000e-05   0.00000000e+00   0.00000000e+00  -4.82169811e-11  -1.66975853e-22   1.66394862e-22  -2.22682700e-49
  1.37600000e-05   0.00000000e+00   0.00000000e+00  -5.31216202e-11  -1.83960664e-22   1.83320574e-22  -2.70296098e-49
  1.38400000e-05  -2.28154562e-12   8.61787501e-13  -4.47718784e-11  -1.58100623e-22   1.46417459e-22   1.08750076e-23
  1.39200000e-05   9.47882172e-13  -5.91748265e-13  -2.10791793e-11  -7.08995390e-23   7.61038136e-23  -5.32462421e-24
  1.40000000e-05   5.61584540e-12  -2.31686457e-14  -1.64591842e-11  -5.69161705e-23   7.67091704e-23  -1.95276788e-23
  1.40800000e-05  -9.08575809e-13   7.81633112e-13  -3.08716313e-11  -1.09679777e-22   1.03315692e-22   5.84379088e-24
  1.41600000e-05   6.42359922e-13  -6.23448119e-13  -2.77340761e-11  -9.38331265e-23   9.79864628e-23  -4.37599275e-24
  1.42400000e-05  -7.91980832e-12   2.55602753e-12  -1.93164871e-11  -7.59547542e-23   3.85832663e-23   3.62471179e-23
  1.43200000e-05  -9.56101386e-12   5.63603794e-12  -1.21066243e-11  -6.19061266e-23   7.88394929e-24   5.25596199e-23
  1.44000000e-05   7.94448321e-13  -1.23489307e-13  -6.47277852e-12  -2.19775002e-23   2.51537613e-23  -3.17733854e-24
  1.44800000e-05   0.00000000e+00   0.00000000e+00  -7.11453885e-12  -2.46377141e-23   2.45519873e-23  -4.84680359e-51
  1.45600000e-05   0.00000000e+00   0.00000000e+00   4.09081609e-13   1.41665341e-24  -1.41172417e-24  -1.60218049e-53
  1.46400000e-05   0.00000000e+00   0.00000000e+00   1.33400536e-11   4.61967294e-23  -4.60359882e-23  -1.70353661e-50
  1.47200000e-05   0.00000000e+00   0.00000000e+00   2.11751137e-11   7.33296153e-23  -7.30744654e-23  -4.29408952e-50
  1.48000000e-05   0.00000000e+00   0.00000000e+00   3.20390064e-11   1.10951376e-22  -1.10565322e-22  -9.82975697e-50
  1.48800000e-05   0.00000000e+00   0.00000000e+00   3.23034310e-11   1.11867081e-22  -1.11477841e-22  -9.99360117e-50
  1.49600000e-05   0.00000000e+00   0.00000000e+00   3.65587591e-11   1.26603322e-22  -1.26162807e-22  -1.28021900e-49
  1.50400000e-05   0.00000000e+00   0.00000000e+00   4.70406502e-11   1.62902208e-22  -1.62335391e-22  -2.11933983e-49
  1.51200000e-05   0.00000000e+00   0.00000000e+00   4.83915814e-11   1.67580495e-22  -1.66997400e-22  -2.24288395e-49
  1.52000000e-05   0.00000000e+00   0.00000000e+00   5.27040683e-11   1.82514677e-22  -1.81879619e-22  -2.66038475e-49
  1.52800000e-05   0.00000000e+00   0.00000000e+00   5.74402841e-11   1.98916237e-22  -1.98224110e-22  -3.16034697e-49
  1.53600000e-05   0.00000000e+00   0.00000000e+00   6.62594005e-11   2.29456919e-22  -2.28658525e-22  -4.20512691e-49
  1.54400000e-05   0.00000000e+00   0.00000000e+00   7.22259606e-11   2.50119172e-22  -2.49248885e-22  -4.99669778e-49
  1.55200000e-05   0.00000000e+00   0.00000000e+00   7.46666215e-11   2.58571203e-22  -2.57671507e-22  -5.34013137e-49
  1.56000000e-05   0.00000000e+00   0.00000000e+00   8.48539256e-11   2.93849931e-22  -2.92827484e-22  -6.89626861e-49
  1.56800000e-05   0.00000000e+00   0.00000000e+00   9.60556732e-11   3.32641687e-22  -3.31484264e-22  -8.83735956e-49
  1.57600000e-05   0.00000000e+00   0.00000000e+00   1.00559968e-10   3.48240100e-22  -3.47028403e-22  -9.68555493e-49
  1.58400000e-05   0.00000000e+00   0.00000000e+00   1.15260906e-10   3.99149587e-22  -3.97760751e-22  -1.27243346e-48
  1.59200000e-05   0.00000000e+00   0.00000000e+00   1.12564004e-10   3.89810188e-22  -3.88453849e-22  -1.21361860e-48
  1.60000000e-05   0.00000000e+00   0.00000000e+00   1.28265086e-10   4.44183182e-22  -4.42637653e-22  -1.57576157e-48
  1.60800000e-05   0.00000000e+00   0.00000000e+00   1.32160306e-10   4.57672365e-22  -4.56079901e-22  -1.67296269e-48
  1.61600000e-05   0.00000000e+00   0.00000000e+00   1.35999325e-10   4.70966923e-22  -4.69328201e-22  -1.77157518e-48
  1.62400000e-05   0.00000000e+00   0.00000000e+00   1.49081648e-10   5.16271127e-22  -5.14474771e-22  -2.12875189e-48
  1.63200000e-05   0.00000000e+00   0.00000000e+00   1.51939411e-10   5.26167587e-22  -5.24336797e-22  -2.21108857e-48
  1.64000000e-05   0.00000000e+00   0.00000000e+00   1.69849786e-10   5.88191380e-22  -5.86144780e-22  -2.76310304e-48
  1.64800000e-05   0.00000000e+00   0.00000000e+00   1.72120997e-10   5.96056606e-22  -5.93982640e-22  -2.83754625e-48
  1.65600000e-05   0.00000000e+00   0.00000000e+00   1.68984686e-10   5.85195531e-22  -5.83159356e-22  -2.73515551e-48
  1.66400000e-05   0.00000000e+00   0.00000000e+00   1.82633599e-10   6.32461845e-22  -6.30261209e-22  -3.19479415e-48
  1.67200000e-05   0.00000000e+00   0.00000000e+00   1.85306133e-10   6.41716853e-22  -6.39484015e-22  -3.28898052e-48
  1.68000000e-05   0.00000000e+00   0.00000000e+00   1.98925493e-10   6.88880820e-22  -6.86483877e-22  -3.79014830e-48
  1.68800000e-05   0.00000000e+00   0.00000000e+00   1.98089899e-10   6.85987153e-22  -6.83600280e-22  -3.75842399e-48
  1.69600000e-05   0.00000000e+00   0.00000000e+00   2.06044323e-10   7.13533396e-22  -7.11050677e-22  -4.06630478e-48
  1.70400000e-05   0.00000000e+00   0.00000000e+00   2.15881579e-10   7.47599902e-22  -7.44998651e-22  -4.46385446e-48
  1.71200000e-05   0.00000000e+00   0.00000000e+00   2.19573699e-10   7.60385749e-22  -7.57740011e-22  -4.61783138e-48
  1.72000000e-05   0.00000000e+00   0.00000000e+00   2.22839337e-10   7.71694683e-22  -7.69009597e-22  -4.75632069e-48
  1.72800000e-05   0.00000000e+00   0.00000000e+00   2.25642603e-10   7.81402416e-22  -7.78683554e-22  -4.87662157e-48
  1.73600000e-05   0.00000000e+00   0.00000000e+00   2.25061563e-10   7.79390269e-22  -7.76678410e-22  -4.85161380e-48
  1.74400000e-05   0.00000000e+00   0.00000000e+00   2.30231771e-10   7.97294746e-22  -7.94520589e-22  -5.07706769e-48
  1.75200000e-05   0.00000000e+00   0.00000000e+00   2.41191846e-10   8.35249587e-22  -8.32343369e-22  -5.57201983e-48
  1.76000000e-05   0.00000000e+00   0.00000000e+00   2.40501120e-10   8.32857597e-22  -8.29959704e-22  -5.54006203e-48
  1.76800000e-05   0.00000000e+00   0.00000000e+00   2.42433685e-10   8.39550088e-22  -8.36628909e-22  -5.62947752e-48
  1.77600000e-05   0.00000000e+00   0.00000000e+00   2.46970156e-10   8.55259926e-22  -8.52284088e-22  -5.84221042e-48
  1.78400000e-05   0.00000000e+00   0.00000000e+00   2.56132517e-10   8.86989266e-22  -8.83903029e-22  -6.28362381e-48
  1.79200000e-05   0.00000000e+00   0.00000000e+00   2.57972900e-10   8.93362528e-22  -8.90254116e-22  -6.37429756e-48
  1.80000000e-05   0.00000000e+00   0.00000000e+00   2.56187500e-10   8.87179669e-22  -8.84092772e-22  -6.28635166e-48
  1.80800000e-05   0.00000000e+00   0.00000000e+00   2.58849891e-10   8.96399554e-22  -8.93280578e-22  -6.41763715e-48
  1.81600000e-05   0.00000000e+00   0.00000000e+00   2.54853789e-10   8.82561017e-22  -8.79490193e-22  -6.22113870e-48
  1.82400000e-05   0.00000000e+00   0.00000000e+00   2.53423035e-10   8.77606301e-22  -8.74552719e-22  -6.15147041e-48
  1.83200000e-05   0.00000000e+00   0.00000000e+00   2.66242974e-10   9.22001868e-22  -9.18793816e-22  -6.78947896e-48
  1.84000000e-05   0.00000000e+00   0.00000000e+00   2.63019629e-10   9.10839394e-22  -9.07670182e-22  -6.62627486e-48
  1.84800000e-05   0.00000000e+00   0.00000000e+00   2.56833442e-10   8.89416571e-22  -8.86321900e-22  -6.31808421e-48
  1.85600000e-05   0.00000000e+00   0.00000000e+00   2.61853246e-10   9.06800194e-22  -9.03645040e-22  -6.56745570e-48
  1.86400000e-05   0.00000000e+00   0.00000000e+00   2.55123592e-10   8.83495340e-22  -8.80421275e-22  -6.23433168e-48
  1.87200000e-05   0.00000000e+00   0.00000000e+00   2.54202931e-10   8.80307081e-22  -8.77244112e-22  -6.18936706e-48
  1.88000000e-05   0.00000000e+00   0.00000000e+00   2.47524262e-10   8.57178789e-22  -8.54196294e-22  -5.86844225e-48
  1.88800000e-05   0.00000000e+00   0.00000000e+00   2.43100291e-10   8.41858537e-22  -8.38929350e-22  -5.66069751e-48
  1.89600000e-05   0.00000000e+00   0.00000000e+00   2.49523236e-10   8.64101255e-22  -8.61094677e-22  -5.96358500e-48
  1.90400000e-05   0.00000000e+00   0.00000000e+00   2.42938773e-10   8.41299196e-22  -8.38371958e-22  -5.65303272e-48
  1.91200000e-05   0.00000000e+00   0.00000000e+00   2.39025975e-10   8.27749141e-22  -8.24869051e-22  -5.47236759e-48
  1.92000000e-05   0.00000000e+00   0.00000000e+00   2.38665103e-10   8.26499439e-22  -8.23623698e-22  -5.45585987e-48
  1.92800000e-05   0.00000000e+00   0.00000000e+00   2.27674817e-10   7.88439977e-22  -7.85696663e-22  -4.96486245e-48
  1.93600000e-05   0.00000000e+00   0.00000000e+00   2.25400027e-10   7.80562357e-22  -7.77846453e-22  -4.86624592e-48
  1.94400000e-05   0.00000000e+00   0.00000000e+00   2.22012043e-10   7.68829738e-22  -7.66154658e-22  -4.72105535e-48
  1.95200000e-05   0.00000000e+00   0.00000000e+00   2.22559064e-10   7.70724074e-22  -7.68042404e-22  -4.74439718e-48
  1.96000000e-05   0.00000000e+00   0.00000000e+00   1.96611132e-10   6.80866147e-22  -6.78497131e-22  -3.70266103e-48
  1.96800000e-05   0.00000000e+00   0.00000000e+00   2.11239445e-10   7.31524128e-22  -7.28978853e-22  -4.27395862e-48
  1.97600000e-05   0.00000000e+00   0.00000000e+00   1.99274503e-10   6.90089426e-22  -6.87688320e-22  -3.80362586e-48
  1.98400000e-05   0.00000000e+00   0.00000000e+00   1.88552138e-10   6.52957777e-22  -6.50685868e-22  -3.40529790e-48
  1.99200000e-05   0.00000000e+00   0.00000000e+00   1.88366752e-10   6.52315782e-22  -6.50046108e-22  -3.39857331e-48
  2.00000000e-05   0.00000000e+00   0.00000000e+00   1.86465503e-10   6.45731742e-22  -6.43484977e-22  -3.33025049e-48
  2.00800000e-05   0.00000000e+00   0.00000000e+00   1.78243727e-10   6.17259653e-22  -6.15111956e-22  -3.04310498e-48
  2.01600000e-05   0.00000000e+00   0.00000000e+00   1.69646669e-10   5.87487965e-22  -5.85443856e-22  -2.75664256e-48
  2.02400000e-05   0.00000000e+00   0.00000000e+00   1.55574787e-10   5.38756906e-22  -5.36882353e-22  -2.31834079e-48
  2.03200000e-05   0.00000000e+00   0.00000000e+00   1.57379210e-10   5.45005641e-22  -5.43109346e-22  -2.37234588e-48
  2.04000000e-05   0.00000000e+00   0.00000000e+00   1.41659763e-10   4.90569050e-22  -4.88862163e-22  -1.92208759e-48
  2.04800000e-05   0.00000000e+00   0.00000000e+00   1.55182055e-10   5.37396873e-22  -5.35527053e-22  -2.30651877e-48
  2.05600000e-05   0.00000000e+00   0.00000000e+00   1.36434082e-10   4.72472471e-22  -4.70828550e-22  -1.78292363e-48
  2.06400000e-05   0.00000000e+00   0.00000000e+00   1.27687482e-10   4.42182914e-22  -4.40644383e-22  -1.56165098e-48
  2.07200000e-05   0.00000000e+00   0.00000000e+00   1.23533579e-10   4.27797911e-22  -4.26309432e-22  -1.46169750e-48
  2.08000000e-05   0.00000000e+00   0.00000000e+00   1.12616078e-10   3.89990504e-22  -3.88633572e-22  -1.21476281e-48
  2.08800000e-05   0.00000000e+00   0.00000000e+00   1.07122864e-10   3.70967453e-22  -3.69676710e-22  -1.09915881e-48
  2.09600000e-05   0.00000000e+00   0.00000000e+00   9.65039131e-11   3.34193930e-22  -3.33031137e-22  -8.92024130e-49
  2.10400000e-05   0.00000000e+00   0.00000000e+00   9.08978922e-11   3.14780229e-22  -3.13684984e-22  -7.91403191e-49
  2.11200000e-05   0.00000000e+00   0.00000000e+00   8.13579221e-11   2.81743225e-22  -2.80762930e-22  -6.34017152e-49
  2.12000000e-05   0.00000000e+00   0.00000000e+00   7.76194747e-11   2.68796948e-22  -2.67861697e-22  -5.77051251e-49
  2.12800000e-05   0.00000000e+00   0.00000000e+00   8.53505995e-11   2.95569903e-22  -2.94541499e-22  -6.97729555e-49
  2.13600000e-05   0.00000000e+00   0.00000000e+00   5.42648739e-11   1.87919753e-22  -1.87265906e-22  -2.82073300e-49
  2.14400000e-05   0.00000000e+00   0.00000000e+00   5.66070718e-11   1.96030805e-22  -1.95348737e-22  -3.06940376e-49
  2.15200000e-05   0.00000000e+00   0.00000000e+00   4.75964734e-11   1.64827021e-22  -1.64253523e-22  -2.16982503e-49
  2.16000000e-05   0.00000000e+00   0.00000000e+00   5.13839168e-11   1.77942972e-22  -1.77323839e-22  -2.52889159e-49
  2.16800000e-05   0.00000000e+00   0.00000000e+00   3.85259918e-11   1.33415860e-22  -1.32951654e-22  -1.42168045e-49
  2.17600000e-05   0.00000000e+00   0.00000000e+00   3.65263187e-11   1.26490974e-22  -1.26050862e-22  -1.27787462e-49
  2.18400000e-05   0.00000000e+00   0.00000000e+00   1.90788550e-11   6.60702487e-23  -6.58403644e-23  -3.48745868e-50
  2.19200000e-05   0.00000000e+00   0.00000000e+00   3.47725412e-11   1.20417627e-22  -1.19998647e-22  -1.15799387e-49
  2.20000000e-05   0.00000000e+00   0.00000000e+00   2.35151696e-11   8.14332464e-23  -8.11499084e-23  -5.29540610e-50
  2.20800000e-05   0.00000000e+00   0.00000000e+00   5.44058690e-12   1.88408020e-23  -1.87752475e-23  -2.83699754e-51
  2.21600000e-05   0.00000000e+00   0.00000000e+00   1.54716127e-11   5.35783356e-23  -5.33919157e-23  -2.29206136e-50
  2.22400000e-05   0.00000000e+00   0.00000000e+00  -2.99115782e-12  -1.03584068e-23   1.03223658e-23  -8.56698178e-52
  2.23200000e-05   0.00000000e+00   0.00000000e+00  -7.95710857e-12  -2.75555394e-23   2.74596629e-23  -6.06084022e-51
  2.24000000e-05   0.00000000e+00   0.00000000e+00  -9.88915216e-12  -3.42462240e-23   3.41270680e-23  -9.36635809e-51
  2.24800000e-05   0.00000000e+00   0.00000000e+00  -1.27276255e-11  -4.40758831e-23   4.39225259e-23  -1.55150925e-50
  2.25600000e-05   0.00000000e+00   0.00000000e+00  -3.27592334e-11  -1.13445524e-22   1.13050802e-22  -1.02770197e-49
  2.26400000e-05   0.00000000e+00   0.00000000e+00  -2.99048639e-11  -1.03560816e-22   1.03200487e-22  -8.56742538e-50
  2.27200000e-05   0.00000000e+00   0.00000000e+00  -3.48269745e-11  -1.20606130e-22   1.20186494e-22  -1.16168171e-49
  2.28000000e-05   0.00000000e+00   0.00000000e+00  -4.72291884e-11  -1.63555109e-22   1.62986037e-22  -2.13639846e-49
  2.28800000e-05   0.00000000e+00   0.00000000e+00  -4.20601510e-11  -1.45654686e-22   1.45147896e-22  -1.69456921e-49
  2.29600000e-05   0.00000000e+00   0.00000000e+00  -5.90055665e-11  -2.04336814e-22   2.03625846e-22  -3.33553502e-49
  2.30400000e-05   0.00000000e+00   0.00000000e+00  -4.02048629e-11  -1.39229806e-22   1.38745371e-22  -1.54827577e-49
  2.31200000e-05   0.00000000e+00   0.00000000e+00  -4.92570030e-11  -1.70577450e-22   1.69983944e-22  -2.32389400e-49
  2.32000000e-05   0.00000000e+00   0.00000000e+00  -5.86309202e-11  -2.03039411e-22   2.02332957e-22  -3.29265021e-49
  2.32800000e-05   0.00000000e+00   0.00000000e+00  -4.76779980e-11  -1.65109341e-22   1.64534861e-22  -2.17743085e-49
  2.33600000e-05   0.00000000e+00   0.00000000e+00  -6.37024490e-11  -2.20602161e-22   2.19834599e-22  -3.88683847e-49
  2.34400000e-05   0.00000000e+00   0.00000000e+00  -6.35011474e-11  -2.19905052e-22   2.19139915e-22  -3.86238050e-49
  2.35200000e-05   0.00000000e+00   0.00000000e+00  -7.20923027e-11  -2.49656301e-22   2.48787648e-22  -4.97762600e-49
  2.36000000e-05   0.00000000e+00   0.00000000e+00  -6.26883112e-11  -2.17090193e-22   2.16334850e-22  -3.76432424e-49
  2.36800000e-05   0.00000000e+00   0.00000000e+00  -6.33223014e-11  -2.19285707e-22   2.18522725e-22  -3.84068946e-49
  2.37600000e-05   0.00000000e+00   0.00000000e+00  -6.92279817e-11  -2.39737131e-22   2.38902991e-22  -4.59057132e-49
  2.38400000e-05   0.00000000e+00   0.00000000e+00  -7.17922303e-11  -2.48617148e-22   2.47752110e-22  -4.93678682e-49
  2.39200000e-05   0.00000000e+00   0.00000000e+00  -9.22889711e-11  -3.19597548e-22   3.18485541e-22  -8.15740038e-49
  2.40000000e-05   0.00000000e+00   0.00000000e+00  -7.93501568e-11  -2.74790317e-22   2.73834212e-22  -6.03017669e-49
  2.40800000e-05   0.00000000e+00   0.00000000e+00  -7.84583371e-11  -2.71701937e-22   2.70756577e-22  -5.89606592e-49
  2.41600000e-05   0.00000000e+00   0.00000000e+00  -8.54223855e-11  -2.95818500e-22   2.94789229e-22  -6.98906061e-49
  2.42400000e-05   0.00000000e+00   0.00000000e+00  -8.96308597e-11  -3.10392484e-22   3.09312505e-22  -7.69458283e-49
  2.43200000e-05   0.00000000e+00   0.00000000e+00  -8.37330331e-11  -2.89968257e-22   2.88959342e-22  -6.71541480e-49
  2.44000000e-05   0.00000000e+00   0.00000000e+00  -8.68360473e-11  -3.00714024e-22   2.99667719e-22  -7.22266305e-49
  2.44800000e-05   0.00000000e+00   0.00000000e+00  -8.31832212e-11  -2.88064254e-22   2.87061963e-22  -6.62792871e-49
  2.45600000e-05   0.00000000e+00   0.00000000e+00  -8.04319573e-11  -2.78536602e-22   2.77567461e-22  -6.19655537e-49
  2.46400000e-05   0.00000000e+00   0.00000000e+00  -9.20747178e-11  -3.18855588e-22   3.17746161e-22  -8.12006039e-49
  2.47200000e-05   0.00000000e+00   0.00000000e+00  -7.87311967e-11  -2.72646853e-22   2.71698204e-22  -5.93737369e-49
  2.48000000e-05   0.00000000e+00   0.00000000e+00  -7.87967865e-11  -2.72873991e-22   2.71924552e-22  -5.94723466e-49
  2.48800000e-05   0.00000000e+00   0.00000000e+00  -9.04567286e-11  -3.13252477e-22   3.12162545e-22  -7.83688427e-49
  2.49600000e-05   0.00000000e+00   0.00000000e+00  -9.04701829e-11  -3.13299069e-22   3.12208975e-22  -7.83979229e-49
  2.50400000e-05   0.00000000e+00   0.00000000e+00  -7.98076084e-11  -2.76374477e-22   2.75412858e-22  -6.10079426e-49
  2.51200000e-05   0.00000000e+00   0.00000000e+00  -8.28400310e-11  -2.86875784e-22   2.85877626e-22  -6.57332841e-49
  2.52000000e-05   0.00000000e+00   0.00000000e+00  -9.27994966e-11  -3.21365504e-22   3.20247343e-22  -8.24867581e-49
  2.52800000e-05   0.00000000e+00   0.00000000e+00  -8.49431881e-11  -2.94159036e-22   2.93135537e-22  -6.91116019e-49
  2.53600000e-05   0.00000000e+00   0.00000000e+00  -9.67556459e-11  -3.35065686e-22   3.33899855e-22  -8.96643486e-49
  2.54400000e-05   0.00000000e+00   0.00000000e+00  -8.72886467e-11  -3.02281381e-22   3.01229620e-22  -7.29790847e-49
  2.55200000e-05   0.00000000e+00   0.00000000e+00  -8.93004824e-11  -3.09248386e-22   3.08172385e-22  -7.63821407e-49
  2.56000000e-05   0.00000000e+00   0.00000000e+00  -8.89604023e-11  -3.08070686e-22   3.06998782e-22  -7.58014816e-49
  2.56800000e-05   0.00000000e+00   0.00000000e+00  -8.29168140e-11  -2.87141685e-22   2.86142601e-22  -6.58535859e-49
  2.57600000e-05   0.00000000e+00   0.00000000e+00  -8.78983147e-11  -3.04392667e-22   3.03333560e-22  -7.40057611e-49
  2.58400000e-05   0.00000000e+00   0.00000000e+00  -8.94197622e-11  -3.09661454e-22   3.08584014e-22  -7.65848751e-49
  2.59200000e-05   0.00000000e+00   0.00000000e+00  -9.19499547e-11  -3.18423534e-22   3.17315607e-22  -8.09800707e-49
  2.60000000e-05   0.00000000e+00   0.00000000e+00  -8.47614983e-11  -2.93529844e-22   2.92508532e-22  -6.88165898e-49
  2.60800000e-05   0.00000000e+00   0.00000000e+00  -8.34755302e-11  -2.89076524e-22   2.88070708e-22  -6.67423269e-49
  2.61600000e-05   0.00000000e+00   0.00000000e+00  -8.41149058e-11  -2.91290688e-22   2.90277167e-22  -6.77686608e-49
  2.62400000e-05   0.00000000e+00   0.00000000e+00  -7.43279082e-11  -2.57398226e-22   2.56502631e-22  -5.29190485e-49
  2.63200000e-05   0.00000000e+00   0.00000000e+00  -7.92637422e-11  -2.74491064e-22   2.73535996e-22  -6.01765125e-49
  2.64000000e-05   0.00000000e+00   0.00000000e+00  -8.09519036e-11  -2.80337183e-22   2.79361773e-22  -6.27677295e-49
  2.64800000e-05   0.00000000e+00   0.00000000e+00  -7.60309607e-11  -2.63295913e-22   2.62379796e-22  -5.53696843e-49
  2.65600000e-05   0.00000000e+00   0.00000000e+00  -8.29320978e-11  -2.87194614e-22   2.86195344e-22  -6.58731983e-49
  2.66400000e-05   0.00000000e+00   0.00000000e+00  -7.46848853e-11  -2.58634441e-22   2.57734544e-22  -5.34254402e-49
  2.67200000e-05   0.00000000e+00   0.00000000e+00  -7.35647428e-11  -2.54755378e-22   2.53868977e-22  -5.18354708e-49
  2.68000000e-05   0.00000000e+00   0.00000000e+00  -7.00969445e-11  -2.42746360e-22   2.41901744e-22  -4.70652142e-49
  2.68800000e-05   0.00000000e+00   0.00000000e+00  -7.44518765e-11  -2.57827530e-22   2.56930440e-22  -5.30917566e-49
  2.69600000e-05   0.00000000e+00   0.00000000e+00  -7.90455858e-11  -2.73735587e-22   2.72783146e-22  -5.98431082e-49
  2.70400000e-05   0.00000000e+00   0.00000000e+00  -7.16205976e-11  -2.48022785e-22   2.47159810e-22  -4.91343478e-49
  2.71200000e-05   0.00000000e+00   0.00000000e+00  -8.01922616e-11  -2.77706536e-22   2.76740278e-22  -6.15925984e-49
  2.72000000e-05   0.00000000e+00   0.00000000e+00  -7.22379195e-11  -2.50160577e-22   2.49290163e-22  -4.99839326e-49
  2.72800000e-05   0.00000000e+00   0.00000000e+00  -5.90740188e-11  -2.04573868e-22   2.03862069e-22  -3.34273815e-49
  2.73600000e-05   0.00000000e+00   0.00000000e+00  -6.61507125e-11  -2.29080523e-22   2.28283455e-22  -4.19142502e-49
  2.74400000e-05   0.00000000e+00   0.00000000e+00  -6.36305131e-11  -2.20353050e-22   2.19586348e-22  -3.87785226e-49
  2.75200000e-05   0.00000000e+00   0.00000000e+00  -7.65303962e-11  -2.65025463e-22   2.64103327e-22  -5.60956126e-49
  2.76000000e-05   0.00000000e+00   0.00000000e+00  -6.07094655e-11  -2.10237435e-22   2.09505930e-22  -3.53023074e-49
  2.76800000e-05   0.00000000e+00   0.00000000e+00  -5.52010186e-11  -1.91161633e-22   1.90496501e-22  -2.91883228e-49
  2.77600000e-05   0.00000000e+00   0.00000000e+00  -6.67555363e-11  -2.31175034e-22   2.30370678e-22  -4.26810404e-49
  2.78400000e-05   0.00000000e+00   0.00000000e+00  -6.14351734e-11  -2.12750569e-22   2.12010319e-22  -3.61516899e-49
  2.79200000e-05   0.00000000e+00   0.00000000e+00  -5.81948848e-11  -2.01529419e-22   2.00828213e-22  -3.24385678e-49
  2.80000000e-05   0.00000000e+00   0.00000000e+00  -5.12665841e-11  -1.77536650e-22   1.76918925e-22  -2.51764325e-49
  2.80800000e-05   0.00000000e+00   0.00000000e+00  -6.01609049e-11  -2.08337765e-22   2.07612869e-22  -3.46643478e-49
  2.81600000e-05   0.00000000e+00   0.00000000e+00  -5.45181327e-11  -1.88796793e-22   1.88139889e-22  -2.84698444e-49
  2.82400000e-05   0.00000000e+00   0.00000000e+00  -5.38593657e-11  -1.86515477e-22   1.85866510e-22  -2.77859206e-49
  2.83200000e-05   0.00000000e+00   0.00000000e+00  -4.55967605e-11  -1.57902000e-22   1.57352591e-22  -1.99147720e-49
  2.84000000e-05   0.00000000e+00   0.00000000e+00  -5.77774032e-11  -2.00083677e-22   1.99387500e-22  -3.19744121e-49
  2.84800000e-05   0.00000000e+00   0.00000000e+00  -6.26223132e-11  -2.16861645e-22   2.16107090e-22  -3.75588743e-49
  2.85600000e-05   0.00000000e+00   0.00000000e+00  -5.08274032e-11  -1.76015763e-22   1.75403329e-22  -2.47457302e-49
  2.86400000e-05   0.00000000e+00   0.00000000e+00  -5.18322113e-11  -1.79495423e-22   1.78870882e-22  -2.57331106e-49
  2.87200000e-05   0.00000000e+00   0.00000000e+00  -5.23169052e-11  -1.81173922e-22   1.80543541e-22  -2.62159418e-49
  2.88000000e-05   0.00000000e+00   0.00000000e+00  -5.11356862e-11  -1.77083350e-22   1.76467201e-22  -2.50462879e-49
  2.88800000e-05   0.00000000e+00   0.00000000e+00  -4.87352008e-11  -1.68770447e-22   1.68183222e-22  -2.27502920e-49
  2.89600000e-05   0.00000000e+00   0.00000000e+00  -4.11726604e-11  -1.42581301e-22   1.42085199e-22  -1.62378837e-49
  2.90400000e-05   0.00000000e+00   0.00000000e+00  -3.19663970e-11  -1.10699926e-22   1.10314753e-22  -9.78893298e-50
  2.91200000e-05   0.00000000e+00   0.00000000e+00  -3.94644422e-11  -1.36665725e-22   1.36190206e-22  -1.49188456e-49
  2.92000000e-05   0.00000000e+00   0.00000000e+00  -4.24391849e-11  -1.46967287e-22   1.46455924e-22  -1.72514596e-49
  2.92800000e-05   0.00000000e+00   0.00000000e+00  -4.93979057e-11  -1.71065401e-22   1.70470190e-22  -2.33716092e-49
  2.93600000e-05   0.00000000e+00   0.00000000e+00  -3.75713921e-11  -1.30110076e-22   1.29657367e-22  -1.35211928e-49
  2.94400000e-05   0.00000000e+00   0.00000000e+00  -4.26227331e-11  -1.47602916e-22   1.47089341e-22  -1.74021961e-49
  2.95200000e-05   0.00000000e+00   0.00000000e+00  -4.39386992e-11  -1.52160119e-22   1.51630688e-22  -1.84917569e-49
  2.96000000e-05   0.00000000e+00   0.00000000e+00  -4.74239625e-11  -1.64229618e-22   1.63658192e-22  -2.15405028e-49
  2.96800000e-05   0.00000000e+00   0.00000000e+00  -3.67466997e-11  -1.27254158e-22   1.26811386e-22  -1.29340606e-49
  2.97600000e-05   0.00000000e+00   0.00000000e+00  -3.61801962e-11  -1.25292352e-22   1.24856405e-22  -1.25386889e-49
  2.98400000e-05   0.00000000e+00   0.00000000e+00  -4.10805795e-11  -1.42262424e-22   1.41767431e-22  -1.61632171e-49
  2.99200000e-05   0.00000000e+00   0.00000000e+00  -4.31548405e-11  -1.49445609e-22   1.48925623e-22  -1.78363583e-49
  3.00000000e-05   0.00000000e+00   0.00000000e+00  -3.63884404e-11  -1.26013503e-22   1.25575048e-22  -1.26815946e-49
  3.00800000e-05   0.00000000e+00   0.00000000e+00  -3.47262535e-11  -1.20257335e-22   1.19838907e-22  -1.15507443e-49
  3.01600000e-05   0.00000000e+00   0.00000000e+00  -2.65237197e-11  -9.18518847e-23   9.15322921e-23  -6.73882296e-50
  3.02400000e-05   0.00000000e+00   0.00000000e+00  -2.79961947e-11  -9.69510793e-23   9.66137443e-23  -7.50796947e-50
  3.03200000e-05   0.00000000e+00   0.00000000e+00  -3.34099616e-11  -1.15699004e-22   1.15296437e-22  -1.06919419e-49
  3.04000000e-05   0.00000000e+00   0.00000000e+00  -3.03352915e-11  -1.05051393e-22   1.04685873e-22  -8.81485982e-50
  3.04800000e-05   0.00000000e+00   0.00000000e+00  -2.13869746e-11  -7.40632895e-23   7.38055911e-23  -4.38155212e-50
  3.05600000e-05   0.00000000e+00   0.00000000e+00  -2.80204680e-11  -9.70351379e-23   9.66975104e-23  -7.52095802e-50
  3.06400000e-05   0.00000000e+00   0.00000000e+00  -2.50992020e-11  -8.69187670e-23   8.66163387e-23  -6.03494974e-50
  3.07200000e-05   0.00000000e+00   0.00000000e+00  -3.17261916e-11  -1.09868093e-22   1.09485814e-22  -9.64082268e-50
  3.08000000e-05   0.00000000e+00   0.00000000e+00  -2.44613556e-11  -8.47098992e-23   8.44151565e-23  -5.73139428e-50
  3.08800000e-05   0.00000000e+00   0.00000000e+00  -2.61858479e-11  -9.06818318e-23   9.03663102e-23  -6.56897525e-50
  3.09600000e-05   0.00000000e+00   0.00000000e+00  -2.53201721e-11  -8.76839887e-23   8.73788978e-23  -6.14060739e-50
  3.10400000e-05   0.00000000e+00   0.00000000e+00  -3.57399845e-11  -1.23767895e-22   1.23337252e-22  -1.22339681e-49
  3.11200000e-05   0.00000000e+00   0.00000000e+00  -2.28869666e-11  -7.92577754e-23   7.89820030e-23  -5.01720159e-50
  3.12000000e-05   0.00000000e+00   0.00000000e+00  -2.40161063e-11  -8.31679967e-23   8.28786189e-23  -5.52449467e-50
  3.12800000e-05   0.00000000e+00   0.00000000e+00  -1.92832302e-11  -6.67780032e-23   6.65456533e-23  -3.56158337e-50
  3.13600000e-05   0.00000000e+00   0.00000000e+00  -2.45030294e-11  -8.48542158e-23   8.45589709e-23  -5.75031395e-50
  3.14400000e-05   0.00000000e+00   0.00000000e+00  -2.07105106e-11  -7.17206886e-23   7.14711409e-23  -4.10873002e-50
  3.15200000e-05   0.00000000e+00   0.00000000e+00  -2.22739083e-11  -7.71347489e-23   7.68663633e-23  -4.75242818e-50
  3.16000000e-05   0.00000000e+00   0.00000000e+00  -2.28763656e-11  -7.92210642e-23   7.89454195e-23  -5.01195697e-50
  3.16800000e-05   0.00000000e+00   0.00000000e+00  -2.41705224e-11  -8.37027409e-23   8.34115024e-23  -5.59591276e-50
  3.17600000e-05   0.00000000e+00   0.00000000e+00  -2.07925024e-11  -7.20046268e-23   7.17540912e-23  -4.14081985e-50
  3.18400000e-05   0.00000000e+00   0.00000000e+00  -1.47300078e-11  -5.10101525e-23   5.08326658e-23  -2.07830941e-50
  3.19200000e-05   0.00000000e+00   0.00000000e+00  -2.31607901e-11  -8.02060288e-23   7.99269569e-23  -5.13719063e-50
  3.20000000e-05   0.00000000e+00   0.00000000e+00  -1.91287203e-11  -6.62429340e-23   6.60124458e-23  -3.50480622e-50
  3.20800000e-05   0.00000000e+00   0.00000000e+00  -1.72212639e-11  -5.96373950e-23   5.94298903e-23  -2.84061038e-50
  3.21600000e-05   0.00000000e+00   0.00000000e+00  -1.26214271e-11  -4.37081180e-23   4.35560382e-23  -1.52624056e-50
  3.22400000e-05   0.00000000e+00   0.00000000e+00  -1.84445102e-11  -6.38735084e-23   6.36512644e-23  -3.25867710e-50
  3.23200000e-05   0.00000000e+00   0.00000000e+00  -1.52686993e-11  -5.28756459e-23   5.26916683e-23  -2.23311732e-50
  3.24000000e-05   0.00000000e+00   0.00000000e+00  -1.53906522e-11  -5.32979699e-23   5.31125228e-23  -2.26872909e-50
  3.24800000e-05   0.00000000e+00   0.00000000e+00  -1.71044538e-11  -5.92328808e-23   5.90267836e-23  -2.80204474e-50
  3.25600000e-05   0.00000000e+00   0.00000000e+00  -1.67068903e-11  -5.78561145e-23   5.76548077e-23  -2.67341988e-50
  3.26400000e-05   0.00000000e+00   0.00000000e+00  -2.08297688e-11  -7.21336808e-23   7.18826960e-23  -4.15545068e-50
  3.27200000e-05   0.00000000e+00   0.00000000e+00  -1.38157856e-11  -4.78441925e-23   4.76777215e-23  -1.82838616e-50
  3.28000000e-05   0.00000000e+00   0.00000000e+00  -1.32083863e-11  -4.57407632e-23   4.55816110e-23  -1.67128160e-50
  3.28800000e-05   0.00000000e+00   0.00000000e+00  -2.03830036e-11  -7.05865287e-23   7.03409271e-23  -3.97908966e-50
  3.29600000e-05   0.00000000e+00   0.00000000e+00  -1.27405823e-11  -4.41207535e-23   4.39672380e-23  -1.55470899e-50
  3.30400000e-05   0.00000000e+00   0.00000000e+00  -1.56830027e-11  -5.43103825e-23   5.41214127e-23  -2.35558924e-50
  3.31200000e-05   0.00000000e+00   0.00000000e+00  -1.47715595e-11  -5.11540463e-23   5.09760588e-23  -2.08971276e-50
  3.32000000e-05   0.00000000e+00   0.00000000e+00  -7.02067777e-12  -2.43126716e-23   2.42280772e-23  -4.72226470e-51
  3.32800000e-05   0.00000000e+00   0.00000000e+00  -1.35893335e-11  -4.70599868e-23   4.68962444e-23  -1.76908008e-50
  3.33600000e-05   0.00000000e+00   0.00000000e+00  -1.22672637e-11  -4.24816470e-23   4.23338346e-23  -1.44129420e-50
  3.34400000e-05   0.00000000e+00   0.00000000e+00  -1.10499303e-11  -3.82660102e-23   3.81328659e-23  -1.16936039e-50
  3.35200000e-05   0.00000000e+00   0.00000000e+00  -6.33231490e-12  -2.19288647e-23   2.18525645e-23  -3.84158719e-51
  3.36000000e-05   0.00000000e+00   0.00000000e+00  -6.05281427e-12  -2.09609515e-23   2.08880191e-23  -3.50987872e-51
  3.36800000e-05   0.00000000e+00   0.00000000e+00  -1.29991579e-11  -4.50162033e-23   4.48595721e-23  -1.61830046e-50
  3.37600000e-05   0.00000000e+00   0.00000000e+00  -1.22411471e-11  -4.23912051e-23   4.22437074e-23  -1.43524738e-50
  3.38400000e-05   0.00000000e+00   0.00000000e+00  -4.61487128e-12  -1.59813417e-23   1.59257355e-23  -2.04087135e-51
  3.39200000e-05   0.00000000e+00   0.00000000e+00  -1.06419543e-11  -3.68531856e-23   3.67249571e-23  -1.08479040e-50
  3.40000000e-05   0.00000000e+00   0.00000000e+00  -7.09278522e-12  -2.45623804e-23   2.44769171e-23  -4.82186637e-51
  3.40800000e-05   0.00000000e+00   0.00000000e+00  -9.65579652e-12  -3.34381121e-23   3.33217661e-23  -8.92842295e-51
  3.41600000e-05   0.00000000e+00   0.00000000e+00  -5.30175430e-12  -1.83600239e-23   1.82961412e-23  -2.69262153e-51
  3.42400000e-05   0.00000000e+00   0.00000000e+00  -1.10107451e-11  -3.81303113e-23   3.79976392e-23  -1.16108483e-50
  3.43200000e-05   0.00000000e+00   0.00000000e+00  -8.88117372e-12  -3.07555862e-23   3.06485740e-23  -7.55639199e-51
  3.44000000e-05   0.00000000e+00   0.00000000e+00  -1.00187772e-11  -3.46951175e-23   3.45743979e-23  -9.61374818e-51
  3.44800000e-05   0.00000000e+00   0.00000000e+00  -7.19992053e-12  -2.49333910e-23   2.48466367e-23  -4.96573334e-51
  3.45600000e-05   0.00000000e+00   0.00000000e+00  -8.80502816e-12  -3.04918935e-23   3.03857987e-23  -7.42390891e-51
  3.46400000e-05   0.00000000e+00   0.00000000e+00  -2.74992869e-12  -9.52302834e-24   9.48989352e-24  -7.24711758e-52
  3.47200000e-05   0.00000000e+00   0.00000000e+00  -9.12774204e-12  -3.16094546e-23   3.14994713e-23  -7.97896481e-51
  3.48000000e-05   0.00000000e+00   0.00000000e+00  -1.15887330e-11  -4.01318891e-23   3.99922525e-23  -1.28626020e-50
  3.48800000e-05   0.00000000e+00   0.00000000e+00  -6.92765900e-12  -2.39905468e-23   2.39070731e-23  -4.59551004e-51
  3.49600000e-05   0.00000000e+00   0.00000000e+00  -8.23600490e-12  -2.85213607e-23   2.84221223e-23  -6.49416802e-51
  3.50400000e-05   0.00000000e+00   0.00000000e+00  -8.21316551e-12  -2.84422677e-23   2.83433045e-23  -6.46124702e-51
  3.51200000e-05   0.00000000e+00   0.00000000e+00  -5.24081292e-12  -1.81489833e-23   1.80858350e-23  -2.63063865e-51
  3.52000000e-05   0.00000000e+00   0.00000000e+00  -4.68544763e-12  -1.62257482e-23   1.61692917e-23  -2.10282076e-51
  3.52800000e-05   0.00000000e+00   0.00000000e+00  -6.90300446e-12  -2.39051679e-23   2.38219913e-23  -4.56388896e-51
  3.53600000e-05   0.00000000e+00   0.00000000e+00  -4.85261220e-12  -1.68046407e-23   1.67461699e-23  -2.25587742e-51
  3.54400000e-05   7.61023155e-07   2.57660705e-06  -6.61313124e-12  -9.13456595e-18   2.69798904e-18   6.25632961e-18
  3.55200000e-05   3.96088876e-06   1.34120182e-05  -2.88439078e-12  -4.75486408e-17   1.40422544e-17   3.25667898e-17
  3.56000000e-05   2.40423653e-06   8.05927159e-06  -8.37370631e-12  -2.85727389e-17   8.52382066e-18   1.94845250e-17
  3.56800000e-05   1.57891354e-05   5.23958282e-05  -2.66700378e-12  -1.85772640e-16   5.59813596e-17   1.26106081e-16
  3.57600000e-05   6.17912284e-06   2.01066755e-05  -5.59965437e-12  -7.12972634e-17   2.19108732e-17   4.79641450e-17
  3.58400000e-05   0.00000000e+00   0.00000000e+00   0.00000000e+00   0.00000000e+00   0.00000000e+00   0.00000000e+00
  3.59200000e-05   0.00000000e+00   0.00000000e+00   0.00000000e+00   0.00000000e+00   0.00000000e+00   0.00000000e+00
