     timestep     time              x             y              z              vx             vy             vz             ax             ay             az         v_magnitude      ELoss        Electronic      Nuclear
           0   0.000000e+00   1.000000e-01   1.025577e+01   1.239338e+00   3.842689e+05  -1.399535e+05  -1.835505e+06   0.000000e+00   0.000000e+00   0.000000e+00   1.880513e+06   0.000000e+00   0.000000e+00   0.000000e+00
        8000   7.999000e-08   1.307415e-01   1.024457e+01   1.092498e+00   3.842689e+05  -1.399535e+05  -1.835505e+06   0.000000e+00   0.000000e+00   0.000000e+00   1.880513e+06   0.000000e+00   0.000000e+00   0.000000e+00
       16000   1.599900e-07   1.614830e-01   1.023338e+01   9.456571e-01   3.842689e+05  -1.399535e+05  -1.835505e+06   0.000000e+00   0.000000e+00   0.000000e+00   1.880513e+06   0.000000e+00   0.000000e+00   0.000000e+00
       24000   2.399900e-07   1.922245e-01   1.022218e+01   7.988167e-01   3.842689e+05  -1.399535e+05  -1.835505e+06   0.000000e+00   0.000000e+00   0.000000e+00   1.880513e+06   0.000000e+00   0.000000e+00   0.000000e+00
       32000   3.199900e-07   2.229660e-01   1.021098e+01   6.519763e-01   3.842689e+05  -1.399535e+05  -1.835505e+06   0.000000e+00   0.000000e+00   0.000000e+00   1.880513e+06   0.000000e+00   0.000000e+00   0.000000e+00
       40000   3.999900e-07   2.537076e-01   1.019979e+01   5.051359e-01   3.842689e+05  -1.399535e+05  -1.835505e+06   0.000000e+00   0.000000e+00   0.000000e+00   1.880513e+06   0.000000e+00   0.000000e+00   0.000000e+00
       48000   4.799900e-07   2.844491e-01   1.018859e+01   3.582954e-01   3.842689e+05  -1.399535e+05  -1.835505e+06   0.000000e+00   0.000000e+00   0.000000e+00   1.880513e+06   0.000000e+00   0.000000e+00   0.000000e+00
       56000   5.599900e-07   3.151906e-01   1.017740e+01   2.114550e-01   3.842689e+05  -1.399535e+05  -1.835505e+06   0.000000e+00   0.000000e+00   0.000000e+00   1.880513e+06   0.000000e+00   0.000000e+00   0.000000e+00
       64000   6.399900e-07   3.459321e-01   1.016620e+01   6.461457e-02   3.842689e+05  -1.399535e+05  -1.835505e+06   0.000000e+00   0.000000e+00   0.000000e+00   1.880513e+06   0.000000e+00   0.000000e+00   0.000000e+00
