       time             b_x              b_y              b_z              F_x              F_y              F_z
  0.00000000e+00  -3.25149837e-13  -6.63728772e-14  -8.10321536e-06  -7.97706732e-18   2.19995233e-17   1.39891441e-25
  8.00000000e-08   0.00000000e+00   0.00000000e+00   1.95617377e-06   1.92616779e-18  -5.31067970e-18  -2.37770574e-40
  1.60000000e-07   0.00000000e+00   0.00000000e+00  -2.02322545e-06  -1.99200067e-18   5.49278263e-18  -2.55602556e-40
  2.40000000e-07   0.00000000e+00   0.00000000e+00   3.24536242e-06   3.19531160e-18  -8.81070588e-18  -6.57749877e-40
  3.20000000e-07   0.00000000e+00   0.00000000e+00   3.57487017e-12   3.51975552e-24  -9.70526691e-24  -7.99173162e-52
  4.00000000e-07   0.00000000e+00   0.00000000e+00   6.72988982e-12   6.62613347e-24  -1.82706991e-23  -2.82993516e-51
  4.80000000e-07   0.00000000e+00   0.00000000e+00   1.67397334e-12   1.64816529e-24  -4.54460088e-24  -1.75172887e-52
  5.60000000e-07   0.00000000e+00   0.00000000e+00   6.88665798e-12   6.78048470e-24  -1.86963024e-23  -2.96387060e-51
  6.40000000e-07   0.00000000e+00   0.00000000e+00   4.78798294e-12   4.71416545e-24  -1.29986965e-23  -1.43279791e-51
  7.20000000e-07   0.00000000e+00   0.00000000e+00   1.76460438e-12   1.73739905e-24  -4.79065134e-24  -1.94804742e-52
  8.00000000e-07   0.00000000e+00   0.00000000e+00   6.37985043e-12   6.28149073e-24  -1.73203916e-23  -2.54290125e-51
  8.80000000e-07   0.00000000e+00   0.00000000e+00   6.32983953e-12   6.23225085e-24  -1.71846191e-23  -2.50384628e-51
  9.60000000e-07   0.00000000e+00   0.00000000e+00   3.18039143e-12   3.13135856e-24  -8.63431292e-24  -6.32447117e-52
  1.04000000e-06   0.00000000e+00   0.00000000e+00   3.98761046e-12   3.92613250e-24  -1.08257984e-23  -9.93704424e-52
  1.12000000e-06   0.00000000e+00   0.00000000e+00   3.54091706e-12   3.48632588e-24  -9.61308904e-24  -7.83612817e-52
  1.20000000e-06   0.00000000e+00   0.00000000e+00   5.28708662e-12   5.20557432e-24  -1.43536924e-23  -1.74694013e-51
  1.28000000e-06   0.00000000e+00   0.00000000e+00   9.69336231e-12   9.54391738e-24  -2.63161077e-23  -5.87010299e-51
  1.36000000e-06   0.00000000e+00   0.00000000e+00   3.13495186e-12   3.08661954e-24  -8.51095092e-24  -6.15077377e-52
  1.44000000e-06   0.00000000e+00   0.00000000e+00   7.03112501e-12   6.92272444e-24  -1.90885100e-23  -3.08822051e-51
  1.52000000e-06   0.00000000e+00   0.00000000e+00  -1.64824625e-12  -1.62283484e-24   4.47475547e-24  -1.69575057e-52
  1.60000000e-06   0.00000000e+00   0.00000000e+00   6.80250250e-12   6.69762666e-24  -1.84678322e-23  -2.89106926e-51
  1.68000000e-06   0.00000000e+00   0.00000000e+00  -7.96697612e-13  -7.84414731e-25   2.16292134e-24  -3.95737712e-53
  1.76000000e-06   0.00000000e+00   0.00000000e+00   1.28963060e-12   1.26974806e-24  -3.50116470e-24  -1.03699982e-52
  1.84000000e-06   0.00000000e+00   0.00000000e+00  -8.70802351e-13  -8.57376979e-25   2.36410523e-24  -4.72589087e-53
  1.92000000e-06   0.00000000e+00   0.00000000e+00   8.06275694e-12   7.93845145e-24  -2.18892448e-23  -4.06221997e-51
  2.00000000e-06   0.00000000e+00   0.00000000e+00   2.36422293e-12   2.32777313e-24  -6.41853088e-24  -3.49485943e-52
  2.08000000e-06   0.00000000e+00   0.00000000e+00  -6.23302418e-12  -6.13692812e-24   1.69217791e-23  -2.42747264e-51
  2.16000000e-06   0.00000000e+00   0.00000000e+00  -7.18581175e-13  -7.07502634e-25   1.95084626e-24  -3.23019731e-53
  2.24000000e-06   0.00000000e+00   0.00000000e+00   5.22421045e-12   5.14366752e-24  -1.41829925e-23  -1.70542431e-51
  2.32000000e-06   0.00000000e+00   0.00000000e+00   1.24746943e-13   1.22823689e-25  -3.38670308e-25  -1.00225253e-54
  2.40000000e-06   0.00000000e+00   0.00000000e+00  -7.40120885e-13  -7.28710261e-25   2.00932353e-24  -3.40591072e-53
  2.48000000e-06   0.00000000e+00   0.00000000e+00   8.19686931e-14   8.07049618e-26  -2.22533409e-25  -4.27106032e-55
  2.56000000e-06   0.00000000e+00   0.00000000e+00   1.57411199e-13   1.54984353e-25  -4.27349144e-25  -1.56779569e-54
  2.64000000e-06   0.00000000e+00   0.00000000e+00   6.69581286e-12   6.59258187e-24  -1.81781849e-23  -2.80274206e-51
  2.72000000e-06   0.00000000e+00   0.00000000e+00   9.45781059e-12   9.31199722e-24  -2.56766181e-23  -5.58946588e-51
  2.80000000e-06   0.00000000e+00   0.00000000e+00   4.22347874e-12   4.15836434e-24  -1.14661475e-23  -1.11480737e-51
  2.88000000e-06   0.00000000e+00   0.00000000e+00   5.68553730e-12   5.59788198e-24  -1.54354297e-23  -2.01918992e-51
  2.96000000e-06   0.00000000e+00   0.00000000e+00   1.45996928e-12   1.43746057e-24  -3.96361011e-24  -1.33151841e-52
  3.04000000e-06   0.00000000e+00   0.00000000e+00   5.18611099e-12   5.10615545e-24  -1.40795579e-23  -1.68019277e-51
  3.12000000e-06   0.00000000e+00   0.00000000e+00   6.42298018e-12   6.32395553e-24  -1.74374828e-23  -2.57818372e-51
  3.20000000e-06   0.00000000e+00   0.00000000e+00   6.54173895e-12   6.44088336e-24  -1.77598960e-23  -2.67456361e-51
  3.28000000e-06   0.00000000e+00   0.00000000e+00   4.32291409e-12   4.25626666e-24  -1.17361004e-23  -1.16797191e-51
  3.36000000e-06   0.00000000e+00   0.00000000e+00   4.12104658e-12   4.05751140e-24  -1.11880586e-23  -1.06133382e-51
  3.44000000e-06   0.00000000e+00   0.00000000e+00   2.99211910e-12   2.94598887e-24  -8.12318018e-24  -5.59596332e-52
  3.52000000e-06   0.00000000e+00   0.00000000e+00   2.78836966e-12   2.74538068e-24  -7.57002926e-24  -4.85984828e-52
  3.60000000e-06   0.00000000e+00   0.00000000e+00   4.63126123e-12   4.55985995e-24  -1.25732193e-23  -1.34050120e-51
  3.68000000e-06   0.00000000e+00   0.00000000e+00   7.55484131e-12   7.43836647e-24  -2.05103257e-23  -3.56649763e-51
  3.76000000e-06   0.00000000e+00   0.00000000e+00   5.66616784e-12   5.57881115e-24  -1.53828443e-23  -2.00620367e-51
  3.84000000e-06   0.00000000e+00   0.00000000e+00   3.63419731e-12   3.57816800e-24  -9.86633172e-24  -8.25576506e-52
  3.92000000e-06   0.00000000e+00   0.00000000e+00   4.17619455e-12   4.11180914e-24  -1.13377776e-23  -1.09015948e-51
  4.00000000e-06   0.00000000e+00   0.00000000e+00   1.69449918e-12   1.66837467e-24  -4.60032563e-24  -1.79510025e-52
  4.08000000e-06   0.00000000e+00   0.00000000e+00   3.91545991e-12   3.85509430e-24  -1.06299199e-23  -9.57722949e-52
  4.16000000e-06   0.00000000e+00   0.00000000e+00   4.40165656e-12   4.33379514e-24  -1.19498750e-23  -1.21026538e-51
  4.24000000e-06   0.00000000e+00   0.00000000e+00   5.86171380e-12   5.77134233e-24  -1.59137240e-23  -2.14755179e-51
  4.32000000e-06   0.00000000e+00   0.00000000e+00   2.77535515e-12   2.73256682e-24  -7.53469673e-24  -4.81780868e-52
  4.40000000e-06   0.00000000e+00   0.00000000e+00   2.31919219e-12   2.28343664e-24  -6.29627881e-24  -3.36071567e-52
  4.48000000e-06   0.00000000e+00   0.00000000e+00   4.41977524e-12   4.35163448e-24  -1.19990647e-23  -1.22072748e-51
  4.56000000e-06   0.00000000e+00   0.00000000e+00   6.05001607e-12   5.95674149e-24  -1.64249380e-23  -2.28757695e-51
  4.64000000e-06   0.00000000e+00   0.00000000e+00   5.34459704e-12   5.26219808e-24  -1.45098251e-23  -1.78518410e-51
  4.72000000e-06   0.00000000e+00   0.00000000e+00   6.56392886e-12   6.46273116e-24  -1.78201385e-23  -2.69212237e-51
  4.80000000e-06   0.00000000e+00   0.00000000e+00   3.63372471e-12   3.57770268e-24  -9.86504867e-24  -8.25370311e-52
  4.88000000e-06   0.00000000e+00   0.00000000e+00   4.24827081e-12   4.18277418e-24  -1.15334544e-23  -1.12805562e-51
  4.96000000e-06   0.00000000e+00   0.00000000e+00   3.10445723e-12   3.05659505e-24  -8.42816233e-24  -6.02091589e-52
  5.04000000e-06   0.00000000e+00   0.00000000e+00   2.03072238e-12   1.99941424e-24  -5.51312407e-24  -2.57821287e-52
  5.12000000e-06   0.00000000e+00   0.00000000e+00   7.16682271e-12   7.05633005e-24  -1.94569101e-23  -3.20952326e-51
  5.20000000e-06   0.00000000e+00   0.00000000e+00   1.32761143e-11   1.30714332e-23  -3.60427727e-23  -1.10143288e-50
  5.28000000e-06   0.00000000e+00   0.00000000e+00   4.89655286e-12   4.82106150e-24  -1.32934485e-23  -1.49879186e-51
  5.36000000e-06   0.00000000e+00   0.00000000e+00   4.35619364e-12   4.28903313e-24  -1.18264496e-23  -1.18628350e-51
  5.44000000e-06   0.00000000e+00   0.00000000e+00   9.65928836e-12   9.51036874e-24  -2.62236018e-23  -5.82947051e-51
  5.52000000e-06  -1.90199393e-13  -3.04344436e-13   5.36376576e-12   7.29865767e-24  -1.58227517e-23  -6.38985059e-25
  5.60000000e-06   4.77904066e-12   3.92444188e-12   7.68494943e-12  -1.84497803e-23   1.08180781e-23   5.94894368e-24
  5.68000000e-06  -8.24206961e-13  -2.16547224e-12   5.17598891e-12   1.94517250e-23  -1.95159818e-23  -5.06745092e-24
  5.76000000e-06   1.33926100e-12   3.38724746e-12   3.23226196e-12  -1.92726039e-23   1.03210578e-25   7.87728452e-24
  5.84000000e-06   0.00000000e+00   0.00000000e+00   7.18302432e-12   7.07228187e-24  -1.95008951e-23  -3.22423039e-51
  5.92000000e-06   0.00000000e+00   0.00000000e+00   6.03779076e-12   5.94470465e-24  -1.63917480e-23  -2.27818271e-51
  6.00000000e-06   0.00000000e+00   0.00000000e+00   7.44152649e-12   7.32679865e-24  -2.02026920e-23  -3.46051987e-51
  6.08000000e-06   0.00000000e+00   0.00000000e+00   7.06078451e-12   6.95192666e-24  -1.91690314e-23  -3.11543896e-51
  6.16000000e-06   0.00000000e+00   0.00000000e+00   1.87333978e-12   1.84445804e-24  -5.08585257e-24  -2.19594764e-52
  6.24000000e-06   0.00000000e+00   0.00000000e+00   7.96130867e-12   7.83856722e-24  -2.16138271e-23  -3.95983958e-51
  6.32000000e-06   0.00000000e+00   0.00000000e+00  -1.35505142e-12  -1.33416026e-24   3.67877297e-24  -1.14515499e-52
  6.40000000e-06   0.00000000e+00   0.00000000e+00   8.37245868e-12   8.24337843e-24  -2.27300412e-23  -4.37980142e-51
  6.48000000e-06   0.00000000e+00   0.00000000e+00   5.89174269e-12   5.80090824e-24  -1.59952482e-23  -2.17023066e-51
  6.56000000e-06   0.00000000e+00   0.00000000e+00   3.69784287e-12   3.64083232e-24  -1.00391204e-23  -8.55051732e-52
  6.64000000e-06   0.00000000e+00   0.00000000e+00   2.13187204e-12   2.09900444e-24  -5.78773109e-24  -2.84313890e-52
  6.72000000e-06   0.00000000e+00   0.00000000e+00   9.36990116e-12   9.22544308e-24  -2.54379565e-23  -5.48545455e-51
  6.80000000e-06   0.00000000e+00   0.00000000e+00   1.09420492e-11   1.07733530e-23  -2.97061161e-23  -7.48304074e-51
  6.88000000e-06   0.00000000e+00   0.00000000e+00   8.49748143e-12   8.36647366e-24  -2.30694603e-23  -4.51304957e-51
  6.96000000e-06   0.00000000e+00   0.00000000e+00   7.71854657e-12   7.59954784e-24  -2.09547623e-23  -3.72270370e-51
  7.04000000e-06   0.00000000e+00   0.00000000e+00   6.85708326e-12   6.75136591e-24  -1.86160113e-23  -2.93804473e-51
  7.12000000e-06   0.00000000e+00   0.00000000e+00   6.21608254e-12   6.12024766e-24  -1.68757850e-23  -2.41502740e-51
  7.20000000e-06   0.00000000e+00   0.00000000e+00   1.15708430e-11   1.13924525e-23  -3.14132024e-23  -8.36615011e-51
  7.28000000e-06   0.00000000e+00   0.00000000e+00   8.74818447e-12   8.61331155e-24  -2.37500836e-23  -4.78375389e-51
  7.36000000e-06   0.00000000e+00   0.00000000e+00   1.45310889e-11   1.43070595e-23  -3.94498513e-23  -1.31944784e-50
  7.44000000e-06   0.00000000e+00   0.00000000e+00   6.01946020e-12   5.92665670e-24  -1.63419831e-23  -2.26449706e-51
  7.52000000e-06   0.00000000e+00   0.00000000e+00   1.10766557e-11   1.09058842e-23  -3.00715537e-23  -7.66649494e-51
  7.60000000e-06   0.00000000e+00   0.00000000e+00   1.23517230e-11   1.21612934e-23  -3.35331811e-23  -9.53316748e-51
  7.68000000e-06   0.00000000e+00   0.00000000e+00   9.80959549e-12   9.65835853e-24  -2.66316644e-23  -6.01367006e-51
  7.76000000e-06   0.00000000e+00   0.00000000e+00   9.07370326e-12   8.93381172e-24  -2.46338211e-23  -5.14597002e-51
  7.84000000e-06   0.00000000e+00   0.00000000e+00   1.24372439e-12   1.22454958e-24  -3.37653581e-24  -9.68208642e-53
  7.92000000e-06   0.00000000e+00   0.00000000e+00  -3.45686283e-12  -3.40356752e-24   9.38489368e-24  -7.46401983e-52
  8.00000000e-06   0.00000000e+00   0.00000000e+00   1.12049295e-11   1.10321803e-23  -3.04197988e-23  -7.84535746e-51
  8.08000000e-06   0.00000000e+00   0.00000000e+00   8.01072186e-12   7.88721857e-24  -2.17479769e-23  -4.01090741e-51
  8.16000000e-06   0.00000000e+00   0.00000000e+00   5.88741697e-12   5.79664920e-24  -1.59835044e-23  -2.16654012e-51
  8.24000000e-06   0.00000000e+00   0.00000000e+00   5.15910604e-12   5.07956683e-24  -1.40062433e-23  -1.66426830e-51
  8.32000000e-06   0.00000000e+00   0.00000000e+00   4.35464431e-12   4.28750768e-24  -1.18222434e-23  -1.18582683e-51
  8.40000000e-06   0.00000000e+00   0.00000000e+00   1.22129120e-11   1.20246225e-23  -3.31563287e-23  -9.32090103e-51
  8.48000000e-06   0.00000000e+00   0.00000000e+00   4.21485586e-12   4.14987438e-24  -1.14427376e-23  -1.11090896e-51
  8.56000000e-06   0.00000000e+00   0.00000000e+00   5.26100645e-12   5.17989621e-24  -1.42828885e-23  -1.73018822e-51
  8.64000000e-06   0.00000000e+00   0.00000000e+00   9.56310717e-12   9.41567037e-24  -2.59624835e-23  -5.71472553e-51
  8.72000000e-06   0.00000000e+00   0.00000000e+00   1.44088853e-11   1.41867399e-23  -3.91180858e-23  -1.29740567e-50
  8.80000000e-06   0.00000000e+00   0.00000000e+00   1.05634639e-11   1.04006043e-23  -2.86783104e-23  -6.97373966e-51
  8.88000000e-06   0.00000000e+00   0.00000000e+00   4.57752255e-12   4.50694974e-24  -1.24273263e-23  -1.31016926e-51
  8.96000000e-06   0.00000000e+00   0.00000000e+00   1.01501194e-11   9.99363245e-24  -2.75561386e-23  -6.43871876e-51
  9.04000000e-06   0.00000000e+00   0.00000000e+00   1.79666518e-11   1.76896555e-23  -4.87769187e-23  -2.01718596e-50
  9.12000000e-06   0.00000000e+00   0.00000000e+00   1.90656124e-11   1.87716731e-23  -5.17604412e-23  -2.27139443e-50
  9.20000000e-06   0.00000000e+00   0.00000000e+00   7.58373279e-12   7.46681249e-24  -2.05887620e-23  -3.59512357e-51
  9.28000000e-06   0.00000000e+00   0.00000000e+00   1.44334480e-11   1.42109240e-23  -3.91847702e-23  -1.30167607e-50
  9.36000000e-06   0.00000000e+00   0.00000000e+00   9.91755806e-12   9.76465659e-24  -2.69247675e-23  -6.14585502e-51
  9.44000000e-06   0.00000000e+00   0.00000000e+00   1.08662580e-11   1.06987302e-23  -2.95003538e-23  -7.37991778e-51
  9.52000000e-06   0.00000000e+00   0.00000000e+00   3.37630478e-12   3.32425145e-24  -9.16618999e-24  -7.13054289e-52
  9.60000000e-06   0.00000000e+00   0.00000000e+00   1.65854382e-11   1.63297364e-23  -4.50271191e-23  -1.71893998e-50
  9.68000000e-06   0.00000000e+00   0.00000000e+00   1.44194172e-11   1.41971094e-23  -3.91466784e-23  -1.29954786e-50
  9.76000000e-06   0.00000000e+00   0.00000000e+00   1.60510108e-11   1.58035484e-23  -4.35762244e-23  -1.61006322e-50
  9.84000000e-06   0.00000000e+00   0.00000000e+00   5.35977016e-12   5.27713725e-24  -1.45510180e-23  -1.79637146e-51
  9.92000000e-06   0.00000000e+00   0.00000000e+00   1.35192765e-11   1.33108464e-23  -3.67029236e-23  -1.14233797e-50
  1.00000000e-05   0.00000000e+00   0.00000000e+00   1.41549141e-11   1.39366843e-23  -3.84285900e-23  -1.25227727e-50
  1.00800000e-05   0.00000000e+00   0.00000000e+00   1.46838130e-11   1.44574289e-23  -3.98644755e-23  -1.34745600e-50
  1.01600000e-05   0.00000000e+00   0.00000000e+00   1.24648878e-11   1.22727135e-23  -3.38404075e-23  -9.71014483e-51
  1.02400000e-05   0.00000000e+00   0.00000000e+00   1.25207644e-11   1.23277287e-23  -3.39921047e-23  -9.79783644e-51
  1.03200000e-05   0.00000000e+00   0.00000000e+00   6.30412025e-12   6.20692805e-24  -1.71147949e-23  -2.48471399e-51
  1.04000000e-05   0.00000000e+00   0.00000000e+00   1.05929028e-11   1.04295893e-23  -2.87582329e-23  -7.01307180e-51
  1.04800000e-05   0.00000000e+00   0.00000000e+00   1.78068606e-11   1.75323277e-23  -4.83431081e-23  -1.98171654e-50
  1.05600000e-05   0.00000000e+00   0.00000000e+00   1.97795176e-11   1.94745718e-23  -5.36985930e-23  -2.44492125e-50
  1.06400000e-05   0.00000000e+00   0.00000000e+00   8.77092770e-12   8.63570411e-24  -2.38118283e-23  -4.80958146e-51
  1.07200000e-05   0.00000000e+00   0.00000000e+00   1.53625723e-11   1.51257237e-23  -4.17072113e-23  -1.47498647e-50
  1.08000000e-05   0.00000000e+00   0.00000000e+00   1.80472710e-11   1.77690317e-23  -4.89957884e-23  -2.03545670e-50
  1.08800000e-05   0.00000000e+00   0.00000000e+00   1.58832650e-11   1.56383887e-23  -4.31208181e-23  -1.57658297e-50
  1.09600000e-05   0.00000000e+00   0.00000000e+00   1.70516162e-11   1.67887271e-23  -4.62927265e-23  -1.81701898e-50
  1.10400000e-05   0.00000000e+00   0.00000000e+00   1.74440767e-11   1.71751369e-23  -4.73582011e-23  -1.90162477e-50
  1.11200000e-05   0.00000000e+00   0.00000000e+00   1.95163702e-11   1.92154814e-23  -5.29841849e-23  -2.38037720e-50
  1.12000000e-05   0.00000000e+00   0.00000000e+00   1.50699654e-11   1.48376279e-23  -4.09128247e-23  -1.41937782e-50
  1.12800000e-05   0.00000000e+00   0.00000000e+00   1.09273715e-11   1.07589015e-23  -2.96662683e-23  -7.46300716e-51
  1.13600000e-05   0.00000000e+00   0.00000000e+00   1.29968093e-11   1.27964342e-23  -3.52844992e-23  -1.05586837e-50
  1.14400000e-05   0.00000000e+00   0.00000000e+00   2.04983079e-11   2.01822803e-23  -5.56500069e-23  -2.62563173e-50
  1.15200000e-05   0.00000000e+00   0.00000000e+00   2.06575384e-11   2.03390559e-23  -5.60822953e-23  -2.66723332e-50
  1.16000000e-05   0.00000000e+00   0.00000000e+00   2.63586432e-11   2.59522653e-23  -7.15599885e-23  -4.34165375e-50
  1.16800000e-05   0.00000000e+00   0.00000000e+00   1.75276452e-11   1.72574170e-23  -4.75850778e-23  -1.92014888e-50
  1.17600000e-05   0.00000000e+00   0.00000000e+00   2.16273036e-11   2.12938700e-23  -5.87150706e-23  -2.92329910e-50
  1.18400000e-05   0.00000000e+00   0.00000000e+00   1.90084157e-11   1.87153581e-23  -5.16051604e-23  -2.25799310e-50
  1.19200000e-05   0.00000000e+00   0.00000000e+00   1.91265357e-11   1.88316570e-23  -5.19258395e-23  -2.28662744e-50
  1.20000000e-05   0.00000000e+00   0.00000000e+00   2.17110770e-11   2.13763518e-23  -5.89425036e-23  -2.94548422e-50
  1.20800000e-05   0.00000000e+00   0.00000000e+00   2.00935979e-11   1.97838098e-23  -5.45512766e-23  -2.52314995e-50
  1.21600000e-05   0.00000000e+00   0.00000000e+00   2.18482541e-11   2.15114140e-23  -5.93149200e-23  -2.98306634e-50
  1.22400000e-05   0.00000000e+00   0.00000000e+00   1.71130281e-11   1.68491922e-23  -4.64594512e-23  -1.83042863e-50
  1.23200000e-05   0.00000000e+00   0.00000000e+00   1.24317896e-11   1.22401255e-23  -3.37505505e-23  -9.65822499e-51
  1.24000000e-05   0.00000000e+00   0.00000000e+00   2.09969123e-11   2.06731976e-23  -5.70036475e-23  -2.75522440e-50
  1.24800000e-05   0.00000000e+00   0.00000000e+00   3.03757456e-11   2.99074350e-23  -8.24658535e-23  -5.76603612e-50
  1.25600000e-05   0.00000000e+00   0.00000000e+00   3.08575559e-11   3.03818171e-23  -8.37739003e-23  -5.95041050e-50
  1.26400000e-05   0.00000000e+00   0.00000000e+00   1.73448933e-11   1.70774826e-23  -4.70889323e-23  -1.88019059e-50
  1.27200000e-05   0.00000000e+00   0.00000000e+00   1.70788842e-11   1.68155747e-23  -4.63667553e-23  -1.82293181e-50
  1.28000000e-05   0.00000000e+00   0.00000000e+00   2.37243628e-11   2.33585982e-23  -6.44082899e-23  -3.51702990e-50
  1.28800000e-05   0.00000000e+00   0.00000000e+00   2.55846342e-11   2.51901893e-23  -6.94586636e-23  -4.09104911e-50
  1.29600000e-05   0.00000000e+00   0.00000000e+00   2.67164192e-11   2.63045253e-23  -7.25312999e-23  -4.46095492e-50
  1.30400000e-05   0.00000000e+00   0.00000000e+00   2.16983549e-11   2.13638258e-23  -5.89079649e-23  -2.94224850e-50
  1.31200000e-05   0.00000000e+00   0.00000000e+00   2.36820037e-11   2.33168922e-23  -6.42932910e-23  -3.50500381e-50
  1.32000000e-05   0.00000000e+00   0.00000000e+00   2.66196153e-11   2.62092138e-23  -7.22684908e-23  -4.42851510e-50
  1.32800000e-05   0.00000000e+00   0.00000000e+00   3.47387898e-11   3.42032129e-23  -9.43109013e-23  -7.54122978e-50
  1.33600000e-05   0.00000000e+00   0.00000000e+00   3.15132588e-11   3.10274108e-23  -8.55540409e-23  -6.20605623e-50
  1.34400000e-05   0.00000000e+00   0.00000000e+00   2.56732393e-11   2.52774284e-23  -6.96992140e-23  -4.11921775e-50
  1.35200000e-05   0.00000000e+00   0.00000000e+00   2.33293316e-11   2.29696573e-23  -6.33358360e-23  -3.40152105e-50
  1.36000000e-05   0.00000000e+00   0.00000000e+00   2.70320729e-11   2.66153124e-23  -7.33882549e-23  -4.56646128e-50
  1.36800000e-05   0.00000000e+00   0.00000000e+00   3.55840252e-11   3.50354171e-23  -9.66055960e-23  -7.91296373e-50
  1.37600000e-05   0.00000000e+00   0.00000000e+00   3.19210424e-11   3.14289074e-23  -8.66611158e-23  -6.36827371e-50
  1.38400000e-05   0.00000000e+00   0.00000000e+00   2.90611038e-11   2.86130612e-23  -7.88967870e-23  -5.27829257e-50
  1.39200000e-05   0.00000000e+00   0.00000000e+00   3.27939605e-11   3.22883674e-23  -8.90309648e-23  -6.72022580e-50
  1.40000000e-05   0.00000000e+00   0.00000000e+00   3.66243678e-11   3.60597204e-23  -9.94299790e-23  -8.38189138e-50
  1.40800000e-05   0.00000000e+00   0.00000000e+00   3.10252415e-11   3.05469172e-23  -8.42291429e-23  -6.01601177e-50
  1.41600000e-05   0.00000000e+00   0.00000000e+00   3.19704707e-11   3.14775736e-23  -8.67953066e-23  -6.38773206e-50
  1.42400000e-05   0.00000000e+00   0.00000000e+00   3.12692621e-11   3.07871757e-23  -8.48916245e-23  -6.11083144e-50
  1.43200000e-05   0.00000000e+00   0.00000000e+00   3.39064206e-11   3.33836764e-23  -9.20511367e-23  -7.18453685e-50
  1.44000000e-05   0.00000000e+00   0.00000000e+00   3.13521303e-11   3.08687663e-23  -8.51165998e-23  -6.14322870e-50
  1.44800000e-05   0.00000000e+00   0.00000000e+00   3.58601934e-11   3.53073274e-23  -9.73553536e-23  -8.03680491e-50
  1.45600000e-05   0.00000000e+00   0.00000000e+00   2.96697547e-11   2.92123283e-23  -8.05491881e-23  -5.50160204e-50
  1.46400000e-05   0.00000000e+00   0.00000000e+00   3.65621334e-11   3.59984453e-23  -9.92610214e-23  -8.35419132e-50
  1.47200000e-05   0.00000000e+00   0.00000000e+00   2.82721456e-11   2.78362665e-23  -7.67548770e-23  -4.99595762e-50
  1.48000000e-05   0.00000000e+00   0.00000000e+00   3.42925231e-11   3.37638263e-23  -9.30993506e-23  -7.34934500e-50
  1.48800000e-05   0.00000000e+00   0.00000000e+00   4.12745666e-11   4.06382257e-23  -1.12054611e-22  -1.06463663e-49
  1.49600000e-05   0.00000000e+00   0.00000000e+00   5.75386999e-11   5.66516106e-23  -1.56209433e-22  -2.06891132e-49
  1.50400000e-05   0.00000000e+00   0.00000000e+00   3.40962502e-11   3.35705793e-23  -9.25664974e-23  -7.26530961e-50
  1.51200000e-05   0.00000000e+00   0.00000000e+00   3.57582342e-11   3.52069400e-23  -9.70785489e-23  -7.99085844e-50
  1.52000000e-05   0.00000000e+00   0.00000000e+00   4.34228580e-11   4.27533963e-23  -1.17886919e-22  -1.17830484e-49
  1.52800000e-05   0.00000000e+00   0.00000000e+00   4.75491596e-11   4.68160815e-23  -1.29089244e-22  -1.41289232e-49
  1.53600000e-05   0.00000000e+00   0.00000000e+00   3.52808025e-11   3.47368689e-23  -9.57823893e-23  -7.77905927e-50
  1.54400000e-05   0.00000000e+00   0.00000000e+00   4.94599878e-11   4.86974500e-23  -1.34276872e-22  -1.52879420e-49
  1.55200000e-05   0.00000000e+00   0.00000000e+00   4.33549461e-11   4.26865313e-23  -1.17702547e-22  -1.17467320e-49
  1.56000000e-05   0.00000000e+00   0.00000000e+00   4.33992248e-11   4.27301274e-23  -1.17822758e-22  -1.17708074e-49
  1.56800000e-05   0.00000000e+00   0.00000000e+00   4.08369191e-11   4.02073254e-23  -1.10866460e-22  -1.04219208e-49
  1.57600000e-05   0.00000000e+00   0.00000000e+00   4.10959979e-11   4.04624099e-23  -1.11569822e-22  -1.05548800e-49
  1.58400000e-05   0.00000000e+00   0.00000000e+00   3.88191157e-11   3.82206310e-23  -1.05388409e-22  -9.41833263e-50
  1.59200000e-05   0.00000000e+00   0.00000000e+00   4.77362863e-11   4.70003231e-23  -1.29597266e-22  -1.42401720e-49
  1.60000000e-05   0.00000000e+00   0.00000000e+00   4.68884110e-11   4.61655197e-23  -1.27295405e-22  -1.37405640e-49
  1.60800000e-05   0.00000000e+00   0.00000000e+00   5.24444185e-11   5.16358687e-23  -1.42379180e-22  -1.71887979e-49
  1.61600000e-05   0.00000000e+00   0.00000000e+00   5.20362036e-11   5.12339474e-23  -1.41270934e-22  -1.69229104e-49
  1.62400000e-05   0.00000000e+00   0.00000000e+00   4.82223095e-11   4.74788531e-23  -1.30916751e-22  -1.45330382e-49
  1.63200000e-05   0.00000000e+00   0.00000000e+00   5.02372079e-11   4.94626872e-23  -1.36386915e-22  -1.57722982e-49
  1.64000000e-05   0.00000000e+00   0.00000000e+00   5.88241427e-11   5.79172348e-23  -1.59699229e-22  -2.16244595e-49
  1.64800000e-05   0.00000000e+00   0.00000000e+00   5.29220917e-11   5.21061774e-23  -1.43675995e-22  -1.75034320e-49
  1.65600000e-05   0.00000000e+00   0.00000000e+00   5.42347491e-11   5.33985971e-23  -1.47239674e-22  -1.83820835e-49
  1.66400000e-05   0.00000000e+00   0.00000000e+00   5.47356395e-11   5.38917652e-23  -1.48599521e-22  -1.87228198e-49
  1.67200000e-05   0.00000000e+00   0.00000000e+00   5.13533316e-11   5.05616032e-23  -1.39417033e-22  -1.64810018e-49
  1.68000000e-05   0.00000000e+00   0.00000000e+00   5.76512140e-11   5.67623893e-23  -1.56514893e-22  -2.07712993e-49
  1.68800000e-05   0.00000000e+00   0.00000000e+00   6.45620351e-11   6.35666645e-23  -1.75276795e-22  -2.60488333e-49
  1.69600000e-05   0.00000000e+00   0.00000000e+00   5.94632437e-11   5.85464825e-23  -1.61434298e-22  -2.20979361e-49
  1.70400000e-05   0.00000000e+00   0.00000000e+00   6.06471891e-11   5.97121746e-23  -1.64648542e-22  -2.29851567e-49
  1.71200000e-05  -5.45075638e-05  -3.49255523e-05   5.22919635e-11   2.31529819e-16  -3.61343706e-16  -4.11839568e-17
  1.72000000e-05  -5.74862003e-05  -3.69126437e-05   4.88448420e-11   2.44696730e-16  -3.81080462e-16  -4.37623928e-17
  1.72800000e-05   0.00000000e+00   0.00000000e+00   0.00000000e+00   0.00000000e+00   0.00000000e+00   0.00000000e+00
