     timestep     time              x             y              z              vx             vy             vz             ax             ay             az         v_magnitude      ELoss        Electronic      Nuclear
           0   0.000000e+00   1.000000e-01   2.765331e+00   5.934309e+00   4.012996e+05  -1.293277e+06  -7.955803e+05   0.000000e+00   0.000000e+00   0.000000e+00   1.570527e+06   0.000000e+00   0.000000e+00   0.000000e+00
        8000   7.999000e-08   1.321040e-01   2.661869e+00   5.870663e+00   4.012996e+05  -1.293277e+06  -7.955803e+05   0.000000e+00   0.000000e+00   0.000000e+00   1.570527e+06   0.000000e+00   0.000000e+00   0.000000e+00
       16000   1.599900e-07   1.642079e-01   2.558407e+00   5.807016e+00   4.012996e+05  -1.293277e+06  -7.955803e+05   0.000000e+00   0.000000e+00   0.000000e+00   1.570527e+06   0.000000e+00   0.000000e+00   0.000000e+00
       24000   2.399900e-07   1.963119e-01   2.454945e+00   5.743370e+00   4.012996e+05  -1.293277e+06  -7.955803e+05   0.000000e+00   0.000000e+00   0.000000e+00   1.570527e+06   0.000000e+00   0.000000e+00   0.000000e+00
       32000   3.199900e-07   2.284159e-01   2.351482e+00   5.679723e+00   4.012996e+05  -1.293277e+06  -7.955803e+05   0.000000e+00   0.000000e+00   0.000000e+00   1.570527e+06   0.000000e+00   0.000000e+00   0.000000e+00
       40000   3.999900e-07   2.605198e-01   2.248020e+00   5.616077e+00   4.012996e+05  -1.293277e+06  -7.955803e+05   0.000000e+00   0.000000e+00   0.000000e+00   1.570527e+06   0.000000e+00   0.000000e+00   0.000000e+00
       48000   4.799900e-07   2.926238e-01   2.144558e+00   5.552430e+00   4.012996e+05  -1.293277e+06  -7.955803e+05   0.000000e+00   0.000000e+00   0.000000e+00   1.570527e+06   0.000000e+00   0.000000e+00   0.000000e+00
       56000   5.599900e-07   3.247278e-01   2.041096e+00   5.488784e+00   4.012996e+05  -1.293277e+06  -7.955803e+05   0.000000e+00   0.000000e+00   0.000000e+00   1.570527e+06   0.000000e+00   0.000000e+00   0.000000e+00
       64000   6.399900e-07   3.568317e-01   1.937634e+00   5.425138e+00   4.012996e+05  -1.293277e+06  -7.955803e+05   0.000000e+00   0.000000e+00   0.000000e+00   1.570527e+06   0.000000e+00   0.000000e+00   0.000000e+00
       72000   7.199900e-07   3.889357e-01   1.834172e+00   5.361491e+00   4.012996e+05  -1.293277e+06  -7.955803e+05   0.000000e+00   0.000000e+00   0.000000e+00   1.570527e+06   0.000000e+00   0.000000e+00   0.000000e+00
       80000   7.999900e-07   4.210396e-01   1.730710e+00   5.297845e+00   4.012996e+05  -1.293277e+06  -7.955803e+05   0.000000e+00   0.000000e+00   0.000000e+00   1.570527e+06   0.000000e+00   0.000000e+00   0.000000e+00
       88000   8.799900e-07   4.531436e-01   1.627247e+00   5.234198e+00   4.012996e+05  -1.293277e+06  -7.955803e+05   0.000000e+00   0.000000e+00   0.000000e+00   1.570527e+06   0.000000e+00   0.000000e+00   0.000000e+00
       96000   9.599900e-07   4.852476e-01   1.523785e+00   5.170552e+00   4.012996e+05  -1.293277e+06  -7.955803e+05   0.000000e+00   0.000000e+00   0.000000e+00   1.570527e+06   0.000000e+00   0.000000e+00   0.000000e+00
      104000   1.039990e-06   5.173515e-01   1.420323e+00   5.106905e+00   4.012996e+05  -1.293277e+06  -7.955803e+05   0.000000e+00   0.000000e+00   0.000000e+00   1.570527e+06   0.000000e+00   0.000000e+00   0.000000e+00
      112000   1.119990e-06   5.494555e-01   1.316861e+00   5.043259e+00   4.012996e+05  -1.293277e+06  -7.955803e+05   0.000000e+00   0.000000e+00   0.000000e+00   1.570527e+06   0.000000e+00   0.000000e+00   0.000000e+00
      120000   1.199990e-06   5.815595e-01   1.213399e+00   4.979613e+00   4.012996e+05  -1.293277e+06  -7.955803e+05   0.000000e+00   0.000000e+00   0.000000e+00   1.570527e+06   0.000000e+00   0.000000e+00   0.000000e+00
      128000   1.279990e-06   6.136634e-01   1.109937e+00   4.915966e+00   4.012996e+05  -1.293277e+06  -7.955803e+05   0.000000e+00   0.000000e+00   0.000000e+00   1.570527e+06   0.000000e+00   0.000000e+00   0.000000e+00
      136000   1.359990e-06   6.457674e-01   1.006475e+00   4.852320e+00   4.012996e+05  -1.293277e+06  -7.955803e+05   0.000000e+00   0.000000e+00   0.000000e+00   1.570527e+06   0.000000e+00   0.000000e+00   0.000000e+00
      144000   1.439990e-06   6.778714e-01   9.030124e-01   4.788673e+00   4.012996e+05  -1.293277e+06  -7.955803e+05   0.000000e+00   0.000000e+00   0.000000e+00   1.570527e+06   0.000000e+00   0.000000e+00   0.000000e+00
      152000   1.519990e-06   7.099753e-01   7.995502e-01   4.725027e+00   4.012996e+05  -1.293277e+06  -7.955803e+05   0.000000e+00   0.000000e+00   0.000000e+00   1.570527e+06   0.000000e+00   0.000000e+00   0.000000e+00
      160000   1.599990e-06   7.420793e-01   6.960881e-01   4.661381e+00   4.012996e+05  -1.293277e+06  -7.955803e+05   0.000000e+00   0.000000e+00   0.000000e+00   1.570527e+06   0.000000e+00   0.000000e+00   0.000000e+00
      168000   1.679990e-06   7.741833e-01   5.926259e-01   4.597734e+00   4.012996e+05  -1.293277e+06  -7.955803e+05   0.000000e+00   0.000000e+00   0.000000e+00   1.570527e+06   0.000000e+00   0.000000e+00   0.000000e+00
      176000   1.759990e-06   8.062872e-01   4.891638e-01   4.534088e+00   4.012996e+05  -1.293277e+06  -7.955803e+05   0.000000e+00   0.000000e+00   0.000000e+00   1.570527e+06   0.000000e+00   0.000000e+00   0.000000e+00
      184000   1.839990e-06   8.383912e-01   3.857016e-01   4.470441e+00   4.012996e+05  -1.293277e+06  -7.955803e+05   0.000000e+00   0.000000e+00   0.000000e+00   1.570527e+06   0.000000e+00   0.000000e+00   0.000000e+00
      192000   1.919990e-06   8.704951e-01   2.822395e-01   4.406795e+00   4.012996e+05  -1.293277e+06  -7.955803e+05   0.000000e+00   0.000000e+00   0.000000e+00   1.570527e+06   0.000000e+00   0.000000e+00   0.000000e+00
      200000   1.999990e-06   9.025991e-01   1.787773e-01   4.343148e+00   4.012996e+05  -1.293277e+06  -7.955803e+05   0.000000e+00   0.000000e+00   0.000000e+00   1.570527e+06   0.000000e+00   0.000000e+00   0.000000e+00
      208000   2.079990e-06   9.347031e-01   7.531520e-02   4.279502e+00   4.012996e+05  -1.293277e+06  -7.955803e+05   0.000000e+00   0.000000e+00   0.000000e+00   1.570527e+06   0.000000e+00   0.000000e+00   0.000000e+00
