       time             b_x              b_y              b_z              F_x              F_y              F_z
  0.00000000e+00   0.00000000e+00   0.00000000e+00   0.00000000e+00   0.00000000e+00   0.00000000e+00   0.00000000e+00
  8.00000000e-08   0.00000000e+00   0.00000000e+00   0.00000000e+00   0.00000000e+00   0.00000000e+00   0.00000000e+00
  1.60000000e-07   0.00000000e+00   0.00000000e+00   0.00000000e+00   0.00000000e+00   0.00000000e+00   0.00000000e+00
  2.40000000e-07   0.00000000e+00   0.00000000e+00   0.00000000e+00   0.00000000e+00   0.00000000e+00   0.00000000e+00
  3.20000000e-07   0.00000000e+00   0.00000000e+00   0.00000000e+00   0.00000000e+00   0.00000000e+00   0.00000000e+00
  4.00000000e-07   0.00000000e+00   0.00000000e+00   0.00000000e+00   0.00000000e+00   0.00000000e+00   0.00000000e+00
  4.80000000e-07   0.00000000e+00   0.00000000e+00   0.00000000e+00   0.00000000e+00   0.00000000e+00   0.00000000e+00
  5.60000000e-07   0.00000000e+00   0.00000000e+00   0.00000000e+00   0.00000000e+00   0.00000000e+00   0.00000000e+00
  6.40000000e-07   0.00000000e+00   0.00000000e+00   0.00000000e+00   0.00000000e+00   0.00000000e+00   0.00000000e+00
  7.20000000e-07   4.63537417e-06   1.48859576e-06   0.00000000e+00  -5.46407734e-18   1.70147219e-17  -1.01111300e-17
  8.00000000e-07   5.64379945e-06   1.81243965e-06   0.00000000e+00  -6.65273040e-18   2.07160973e-17  -1.23111323e-17
  8.80000000e-07   1.91309431e-05   6.06499162e-06  -6.23436753e-14  -2.22613056e-17   7.02193497e-17  -4.18318032e-17
  9.60000000e-07   4.34372161e-05   1.36796651e-05  -2.47231693e-12  -5.02082556e-17   1.59426900e-16  -9.51047417e-17
  1.04000000e-06   8.58936914e-06   2.65835832e-06  -2.56066339e-12  -9.75636877e-18   3.15235925e-17  -1.88663282e-17
  1.12000000e-06   3.16801035e-05   9.86783173e-06  -2.75875889e-13  -3.62135628e-17   1.16261549e-16  -6.95201599e-17
  1.20000000e-06  -3.86957116e-12  -1.29676689e-12  -4.66621904e-13   3.55824549e-24  -1.36335536e-23   8.38078273e-24
  1.28000000e-06   3.89544995e-13   1.20360570e-13  -3.45144443e-12  -9.32242701e-24   5.62367727e-24  -8.56057759e-25
  1.36000000e-06   0.00000000e+00   0.00000000e+00  -3.45883617e-12  -8.89974611e-24   4.20310427e-24  -4.01746957e-52
  1.44000000e-06   0.00000000e+00   0.00000000e+00  -8.61173333e-12  -2.21583899e-23   1.04647955e-23  -2.49083805e-51
  1.52000000e-06   0.00000000e+00   0.00000000e+00  -1.85499942e-12  -4.77299966e-24   2.25415590e-24  -1.15669095e-52
  1.60000000e-06   0.00000000e+00   0.00000000e+00  -5.43954408e-12  -1.39961996e-23   6.61001847e-24  -9.93988702e-52
  1.68000000e-06   0.00000000e+00   0.00000000e+00  -6.25278009e-12  -1.60886936e-23   7.59824560e-24  -1.31311916e-51
  1.76000000e-06   0.00000000e+00   0.00000000e+00  -1.01244237e-12  -2.60506124e-24   1.23029847e-24  -3.44794195e-53
  1.84000000e-06   0.00000000e+00   0.00000000e+00  -8.85313032e-12  -2.27795155e-23   1.07581360e-23  -2.63231658e-51
  1.92000000e-06   0.00000000e+00   0.00000000e+00  -5.63101769e-12  -1.44888701e-23   6.84269313e-24  -1.06510110e-51
  2.00000000e-06   0.00000000e+00   0.00000000e+00  -8.39462295e-12  -2.15997548e-23   1.02009676e-23  -2.36665302e-51
  2.08000000e-06   0.00000000e+00   0.00000000e+00  -3.41909384e-12  -8.79748726e-24   4.15481023e-24  -3.92819377e-52
  2.16000000e-06   0.00000000e+00   0.00000000e+00  -3.03509030e-12  -7.80942832e-24   3.68817729e-24  -3.09436971e-52
  2.24000000e-06   0.00000000e+00   0.00000000e+00  -5.57185956e-12  -1.43366534e-23   6.77080543e-24  -1.04292444e-51
  2.32000000e-06   0.00000000e+00   0.00000000e+00  -3.89139294e-12  -1.00127348e-23   4.72873808e-24  -5.08657337e-52
  2.40000000e-06   0.00000000e+00   0.00000000e+00  -6.99065250e-12  -1.79872736e-23   8.49489249e-24  -1.64124798e-51
  2.48000000e-06   0.00000000e+00   0.00000000e+00  -2.48746426e-12  -6.40036109e-24   3.02271376e-24  -2.07838536e-52
  2.56000000e-06   0.00000000e+00   0.00000000e+00  -6.80572593e-12  -1.75114489e-23   8.27017364e-24  -1.55568060e-51
  2.64000000e-06   0.00000000e+00   0.00000000e+00  -4.24224279e-12  -1.09154878e-23   5.15508337e-24  -6.04365460e-52
  2.72000000e-06   0.00000000e+00   0.00000000e+00  -5.49668956e-12  -1.41432376e-23   6.67946044e-24  -1.01490302e-51
  2.80000000e-06   0.00000000e+00   0.00000000e+00  -7.74515087e-12  -1.99286329e-23   9.41174288e-24  -2.01475139e-51
  2.88000000e-06   0.00000000e+00   0.00000000e+00  -7.21682206e-12  -1.85692184e-23   8.76972893e-24  -1.74931138e-51
  2.96000000e-06   0.00000000e+00   0.00000000e+00  -5.88051442e-12  -1.51308368e-23   7.14587626e-24  -1.16138750e-51
  3.04000000e-06   0.00000000e+00   0.00000000e+00  -6.52925483e-12  -1.68000760e-23   7.93421183e-24  -1.43198312e-51
  3.12000000e-06   0.00000000e+00   0.00000000e+00  -9.08659997e-12  -2.33802438e-23   1.10418433e-23  -2.77300725e-51
  3.20000000e-06   0.00000000e+00   0.00000000e+00  -3.39265064e-12  -8.72944767e-24   4.12267701e-24  -3.86730906e-52
  3.28000000e-06   0.00000000e+00   0.00000000e+00  -4.49369962e-12  -1.15624978e-23   5.46064836e-24  -6.78412233e-52
  3.36000000e-06   0.00000000e+00   0.00000000e+00  -1.16021957e-11  -2.98529886e-23   1.40987419e-23  -4.52082486e-51
  3.44000000e-06   0.00000000e+00   0.00000000e+00  -1.22855941e-12  -3.16114043e-24   1.49291931e-24  -5.07696096e-53
  3.52000000e-06   0.00000000e+00   0.00000000e+00  -8.35096541e-12  -2.14874219e-23   1.01479158e-23  -2.34235255e-51
  3.60000000e-06   0.00000000e+00   0.00000000e+00  -6.00806466e-12  -1.54590294e-23   7.30087259e-24  -1.21280523e-51
  3.68000000e-06   0.00000000e+00   0.00000000e+00  -7.01982544e-12  -1.80623369e-23   8.53034281e-24  -1.65505870e-51
  3.76000000e-06   0.00000000e+00   0.00000000e+00  -5.47518125e-12  -1.40878957e-23   6.65332399e-24  -1.00701995e-51
  3.84000000e-06   0.00000000e+00   0.00000000e+00  -6.87714812e-12  -1.76952216e-23   8.35696437e-24  -1.58889361e-51
  3.92000000e-06   0.00000000e+00   0.00000000e+00  -1.22897690e-11  -3.16221466e-23   1.49342664e-23  -5.07249943e-51
  4.00000000e-06   0.00000000e+00   0.00000000e+00  -6.33461534e-12  -1.62992595e-23   7.69769005e-24  -1.34789388e-51
  4.08000000e-06   0.00000000e+00   0.00000000e+00  -5.09773296e-12  -1.31167037e-23   6.19465685e-24  -8.72920138e-52
  4.16000000e-06   0.00000000e+00   0.00000000e+00  -9.34826685e-12  -2.40535248e-23   1.13598154e-23  -2.93496630e-51
  4.24000000e-06   0.00000000e+00   0.00000000e+00  -6.70926052e-12  -1.72632390e-23   8.15295092e-24  -1.51215396e-51
  4.32000000e-06   0.00000000e+00   0.00000000e+00  -7.65739972e-12  -1.97028452e-23   9.30510954e-24  -1.96959121e-51
  4.40000000e-06   0.00000000e+00   0.00000000e+00  -3.17595720e-12  -8.17188539e-24   3.85935575e-24  -3.38924419e-52
  4.48000000e-06   0.00000000e+00   0.00000000e+00  -9.26255992e-12  -2.38329969e-23   1.12556661e-23  -2.88209923e-51
  4.56000000e-06   0.00000000e+00   0.00000000e+00  -1.34141516e-11  -3.45152351e-23   1.63005922e-23  -6.04353836e-51
  4.64000000e-06   0.00000000e+00   0.00000000e+00  -5.66837407e-12  -1.45849898e-23   6.88808781e-24  -1.07928532e-51
  4.72000000e-06   0.00000000e+00   0.00000000e+00  -3.11476394e-12  -8.01443230e-24   3.78499500e-24  -3.25984307e-52
  4.80000000e-06   0.00000000e+00   0.00000000e+00  -1.41208319e-11  -3.63335564e-23   1.71593351e-23  -6.69693072e-51
  4.88000000e-06   0.00000000e+00   0.00000000e+00  -1.09366781e-11  -2.81405807e-23   1.32900190e-23  -4.01790701e-51
  4.96000000e-06   0.00000000e+00   0.00000000e+00  -7.07106509e-12  -1.81941789e-23   8.59260815e-24  -1.67954785e-51
  5.04000000e-06   0.00000000e+00   0.00000000e+00  -1.06362058e-11  -2.73674515e-23   1.29248914e-23  -3.79975149e-51
  5.12000000e-06   0.00000000e+00   0.00000000e+00  -1.49595448e-11  -3.84916037e-23   1.81785212e-23  -7.51629097e-51
  5.20000000e-06   0.00000000e+00   0.00000000e+00  -1.19340666e-11  -3.07069078e-23   1.45020244e-23  -4.78326495e-51
  5.28000000e-06   0.00000000e+00   0.00000000e+00  -6.74514729e-12  -1.73555773e-23   8.19655975e-24  -1.52849099e-51
  5.36000000e-06   0.00000000e+00   0.00000000e+00  -1.53425380e-11  -3.94770630e-23   1.86439264e-23  -7.90695953e-51
  5.44000000e-06   0.00000000e+00   0.00000000e+00  -4.81947956e-12  -1.24007448e-23   5.85652921e-24  -7.80587792e-52
  5.52000000e-06   0.00000000e+00   0.00000000e+00  -7.31679001e-12  -1.88264406e-23   8.89120785e-24  -1.79858334e-51
  5.60000000e-06   0.00000000e+00   0.00000000e+00  -1.36794915e-11  -3.51979670e-23   1.66230276e-23  -6.28504057e-51
  5.68000000e-06   0.00000000e+00   0.00000000e+00  -1.72384382e-11  -4.43553022e-23   2.09477840e-23  -9.98039284e-51
  5.76000000e-06   0.00000000e+00   0.00000000e+00  -1.16211818e-11  -2.99018406e-23   1.41218133e-23  -4.53593210e-51
  5.84000000e-06   0.00000000e+00   0.00000000e+00  -8.98315320e-12  -2.31140705e-23   1.09161370e-23  -2.71066499e-51
  5.92000000e-06   0.00000000e+00   0.00000000e+00  -1.31796198e-11  -3.39117740e-23   1.60155941e-23  -5.83404922e-51
  6.00000000e-06   0.00000000e+00   0.00000000e+00  -1.35533337e-11  -3.48733572e-23   1.64697233e-23  -6.16959489e-51
  6.08000000e-06   0.00000000e+00   0.00000000e+00  -1.12859622e-11  -2.90393051e-23   1.37144616e-23  -4.27809592e-51
  6.16000000e-06   0.00000000e+00   0.00000000e+00  -1.34348785e-11  -3.45685665e-23   1.63257791e-23  -6.06239358e-51
  6.24000000e-06   0.00000000e+00   0.00000000e+00  -1.31827428e-11  -3.39198096e-23   1.60193891e-23  -5.83800720e-51
  6.32000000e-06   0.00000000e+00   0.00000000e+00  -1.95675688e-11  -5.03482635e-23   2.37780941e-23  -1.28597599e-50
  6.40000000e-06   0.00000000e+00   0.00000000e+00  -1.33235845e-11  -3.42822019e-23   1.61905370e-23  -5.96204729e-51
  6.48000000e-06   0.00000000e+00   0.00000000e+00  -1.83243792e-11  -4.71494789e-23   2.22673965e-23  -1.12777618e-50
  6.56000000e-06   0.00000000e+00   0.00000000e+00  -2.04184089e-11  -5.25375146e-23   2.48120169e-23  -1.40015973e-50
  6.64000000e-06   0.00000000e+00   0.00000000e+00  -9.89767566e-12  -2.54671792e-23   1.20274453e-23  -3.29106807e-51
  6.72000000e-06   0.00000000e+00   0.00000000e+00  -1.62016955e-11  -4.16877152e-23   1.96879563e-23  -8.81734812e-51
  6.80000000e-06   0.00000000e+00   0.00000000e+00  -1.27623726e-11  -3.28381776e-23   1.55085642e-23  -5.47124428e-51
  6.88000000e-06   0.00000000e+00   0.00000000e+00  -1.35792496e-11  -3.49400399e-23   1.65012157e-23  -6.19372521e-51
  6.96000000e-06   0.00000000e+00   0.00000000e+00  -9.64454376e-12  -2.48158591e-23   1.17198447e-23  -3.12452942e-51
  7.04000000e-06   0.00000000e+00   0.00000000e+00  -1.46406630e-11  -3.76711059e-23   1.77910227e-23  -7.19982701e-51
  7.12000000e-06   0.00000000e+00   0.00000000e+00  -2.11781992e-11  -5.44924904e-23   2.57352979e-23  -1.50643128e-50
  7.20000000e-06   0.00000000e+00   0.00000000e+00  -1.25795898e-11  -3.23678689e-23   1.52864503e-23  -5.31578481e-51
  7.28000000e-06   0.00000000e+00   0.00000000e+00  -8.82149867e-12  -2.26981258e-23   1.07196978e-23  -2.61371405e-51
  7.36000000e-06   0.00000000e+00   0.00000000e+00  -1.42545951e-11  -3.66777353e-23   1.73218812e-23  -6.82422884e-51
  7.44000000e-06   0.00000000e+00   0.00000000e+00  -1.34122383e-11  -3.45103123e-23   1.62982672e-23  -6.04170968e-51
  7.52000000e-06   0.00000000e+00   0.00000000e+00  -1.79431295e-11  -4.61685057e-23   2.18041099e-23  -1.08134175e-50
  7.60000000e-06   0.00000000e+00   0.00000000e+00  -1.86554276e-11  -4.80012818e-23   2.26696794e-23  -1.16883862e-50
  7.68000000e-06   0.00000000e+00   0.00000000e+00  -1.52760063e-11  -3.93058737e-23   1.85630784e-23  -7.83880605e-51
  7.76000000e-06   0.00000000e+00   0.00000000e+00  -1.72294997e-11  -4.43323030e-23   2.09369221e-23  -9.97238193e-51
  7.84000000e-06   0.00000000e+00   0.00000000e+00  -7.77679025e-12  -2.00100426e-23   9.45019033e-24  -2.03201420e-51
  7.92000000e-06   0.00000000e+00   0.00000000e+00  -1.44108721e-11  -3.70798433e-23   1.75117857e-23  -6.97587167e-51
  8.00000000e-06   0.00000000e+00   0.00000000e+00  -2.24008372e-11  -5.76383946e-23   2.72210215e-23  -1.68533432e-50
  8.08000000e-06   0.00000000e+00   0.00000000e+00  -1.83650033e-11  -4.72540065e-23   2.23167619e-23  -1.13276990e-50
  8.16000000e-06   0.00000000e+00   0.00000000e+00  -2.41711974e-11  -6.21936137e-23   2.93723257e-23  -1.96229481e-50
  8.24000000e-06   0.00000000e+00   0.00000000e+00  -1.48579565e-11  -3.82302123e-23   1.80550732e-23  -7.41562629e-51
  8.32000000e-06   0.00000000e+00   0.00000000e+00  -1.59997784e-11  -4.11681730e-23   1.94425909e-23  -8.59861119e-51
  8.40000000e-06   0.00000000e+00   0.00000000e+00  -2.07811368e-11  -5.34708304e-23   2.52527961e-23  -1.45045945e-50
  8.48000000e-06   0.00000000e+00   0.00000000e+00  -1.49301297e-11  -3.84159174e-23   1.81427765e-23  -7.48768519e-51
  8.56000000e-06   0.00000000e+00   0.00000000e+00  -2.09713791e-11  -5.39603326e-23   2.54839744e-23  -1.47717403e-50
  8.64000000e-06   0.00000000e+00   0.00000000e+00  -2.04814365e-11  -5.26996875e-23   2.48886066e-23  -1.40902129e-50
  8.72000000e-06   0.00000000e+00   0.00000000e+00  -1.56513871e-11  -4.02717462e-23   1.90192332e-23  -8.22881128e-51
  8.80000000e-06   0.00000000e+00   0.00000000e+00  -1.84683298e-11  -4.75198706e-23   2.24423221e-23  -1.14557432e-50
  8.88000000e-06   0.00000000e+00   0.00000000e+00  -1.82228506e-11  -4.68882410e-23   2.21440209e-23  -1.11536724e-50
  8.96000000e-06   0.00000000e+00   0.00000000e+00  -2.08075794e-11  -5.35388683e-23   2.52849284e-23  -1.45414808e-50
  9.04000000e-06   0.00000000e+00   0.00000000e+00  -1.66546534e-11  -4.28531968e-23   2.02383810e-23  -9.31712696e-51
  9.12000000e-06   0.00000000e+00   0.00000000e+00  -1.61333176e-11  -4.15117756e-23   1.96048648e-23  -8.74362984e-51
  9.20000000e-06   0.00000000e+00   0.00000000e+00  -2.82776558e-11  -7.27597219e-23   3.43624066e-23  -2.68568346e-50
  9.28000000e-06   0.00000000e+00   0.00000000e+00  -2.02707361e-11  -5.21575455e-23   2.46325679e-23  -1.38018188e-50
  9.36000000e-06   0.00000000e+00   0.00000000e+00  -1.93960343e-11  -4.99068973e-23   2.35696489e-23  -1.26359537e-50
  9.44000000e-06   0.00000000e+00   0.00000000e+00  -2.36126676e-11  -6.07564907e-23   2.86936121e-23  -1.87271246e-50
  9.52000000e-06   0.00000000e+00   0.00000000e+00  -2.20863631e-11  -5.68292383e-23   2.68388793e-23  -1.63840419e-50
  9.60000000e-06   0.00000000e+00   0.00000000e+00  -1.58069506e-11  -4.06720182e-23   1.92082706e-23  -8.39331968e-51
  9.68000000e-06   0.00000000e+00   0.00000000e+00  -2.19888206e-11  -5.65782568e-23   2.67203476e-23  -1.62399593e-50
  9.76000000e-06   0.00000000e+00   0.00000000e+00  -2.59397114e-11  -6.67440825e-23   3.15213862e-23  -2.25999977e-50
  9.84000000e-06   0.00000000e+00   0.00000000e+00  -2.11694406e-11  -5.44699542e-23   2.57246545e-23  -1.50529035e-50
  9.92000000e-06   0.00000000e+00   0.00000000e+00  -2.13736173e-11  -5.49953101e-23   2.59727656e-23  -1.53443894e-50
  1.00000000e-05   0.00000000e+00   0.00000000e+00  -2.31882119e-11  -5.96643465e-23   2.81778225e-23  -1.80603763e-50
  1.00800000e-05   0.00000000e+00   0.00000000e+00  -1.97645454e-11  -5.08550934e-23   2.40174557e-23  -1.31213859e-50
  1.01600000e-05   0.00000000e+00   0.00000000e+00  -2.10175325e-11  -5.40790876e-23   2.55400590e-23  -1.48388172e-50
  1.02400000e-05   0.00000000e+00   0.00000000e+00  -1.29214175e-11  -3.32474076e-23   1.57018321e-23  -5.60896012e-51
  1.03200000e-05   0.00000000e+00   0.00000000e+00  -2.45952796e-11  -6.32847970e-23   2.98876612e-23  -2.03175929e-50
  1.04000000e-05   0.00000000e+00   0.00000000e+00  -3.09355156e-11  -7.95985188e-23   3.75921813e-23  -3.21428085e-50
  1.04800000e-05   0.00000000e+00   0.00000000e+00  -2.20015086e-11  -5.66109036e-23   2.67357658e-23  -1.62582252e-50
  1.05600000e-05   0.00000000e+00   0.00000000e+00  -2.36684967e-11  -6.09001416e-23   2.87614544e-23  -1.88166156e-50
  1.06400000e-05   0.00000000e+00   0.00000000e+00  -2.14077016e-11  -5.50830108e-23   2.60141842e-23  -1.53936292e-50
  1.07200000e-05   0.00000000e+00   0.00000000e+00  -1.94161979e-11  -4.99587791e-23   2.35941511e-23  -1.26629607e-50
  1.08000000e-05   0.00000000e+00   0.00000000e+00  -2.54210630e-11  -6.54095759e-23   3.08911356e-23  -2.17055019e-50
  1.08800000e-05   0.00000000e+00   0.00000000e+00  -2.26661661e-11  -5.83210983e-23   2.75434435e-23  -1.72574298e-50
  1.09600000e-05   0.00000000e+00   0.00000000e+00  -2.99782985e-11  -7.71355548e-23   3.64289914e-23  -3.01849881e-50
  1.10400000e-05   0.00000000e+00   0.00000000e+00  -2.46304507e-11  -6.33752939e-23   2.99304004e-23  -2.03755466e-50
  1.11200000e-05   0.00000000e+00   0.00000000e+00  -2.25167233e-11  -5.79365750e-23   2.73618437e-23  -1.70303008e-50
  1.12000000e-05   0.00000000e+00   0.00000000e+00  -2.59330107e-11  -6.67268412e-23   3.15132436e-23  -2.25887119e-50
  1.12800000e-05  -1.96281347e-12  -7.76025223e-14  -1.82167777e-11  -4.65878289e-23   1.49334929e-23   4.95610931e-24
  1.13600000e-05   5.42440134e-13   1.07787791e-13  -2.81944909e-11  -7.29412955e-23   3.62519974e-23  -1.26474223e-24
  1.14400000e-05  -6.16008935e-13  -2.18575219e-13  -2.41205638e-11  -6.12612023e-23   2.70501622e-23   1.31941165e-24
  1.15200000e-05   2.89558372e-12   2.48166701e-13  -2.16032150e-11  -5.64967998e-23   3.68780036e-23  -7.14890453e-24
  1.16000000e-05   1.86870591e-14   1.69755020e-13  -2.61192186e-11  -6.78289312e-23   3.18080974e-23   1.58200022e-25
  1.16800000e-05   9.91800380e-12   2.79202549e-13  -2.84394302e-11  -7.42005948e-23   7.09561595e-23  -2.51802035e-23
  1.17600000e-05  -2.15734806e-13   1.53598950e-16  -2.31607832e-11  -5.95943349e-23   2.73527863e-23   5.55282328e-25
  1.18400000e-05   0.00000000e+00   0.00000000e+00  -2.39709296e-11  -6.16783154e-23   2.91289642e-23  -1.93003634e-50
  1.19200000e-05   0.00000000e+00   0.00000000e+00  -2.73106535e-11  -7.02715803e-23   3.31873258e-23  -2.50518340e-50
  1.20000000e-05   0.00000000e+00   0.00000000e+00  -1.68676910e-11  -4.34013527e-23   2.04972597e-23  -9.55744605e-51
  1.20800000e-05   0.00000000e+00   0.00000000e+00  -2.37197465e-11  -6.10320097e-23   2.88237319e-23  -1.88973015e-50
  1.21600000e-05   0.00000000e+00   0.00000000e+00  -2.71183919e-11  -6.97768822e-23   3.29536936e-23  -2.47012249e-50
  1.22400000e-05   0.00000000e+00   0.00000000e+00  -2.17834366e-11  -5.60497945e-23   2.64707693e-23  -1.59388663e-50
  1.23200000e-05   0.00000000e+00   0.00000000e+00  -3.22580711e-11  -8.30015156e-23   3.91993225e-23  -3.49504222e-50
  1.24000000e-05   0.00000000e+00   0.00000000e+00  -2.59789726e-11  -6.68451035e-23   3.15690954e-23  -2.26710876e-50
  1.24800000e-05   0.00000000e+00   0.00000000e+00  -2.49422775e-11  -6.41776387e-23   3.03093255e-23  -2.08959032e-50
  1.25600000e-05   0.00000000e+00   0.00000000e+00  -2.65887758e-11  -6.84141554e-23   3.23101153e-23  -2.37463352e-50
  1.26400000e-05   0.00000000e+00   0.00000000e+00  -3.71111274e-11  -9.54886549e-23   4.50966533e-23  -4.62570687e-50
  1.27200000e-05   0.00000000e+00   0.00000000e+00  -2.86931974e-11  -7.38289300e-23   3.48673637e-23  -2.76514160e-50
  1.28000000e-05   0.00000000e+00   0.00000000e+00  -2.75698504e-11  -7.09385059e-23   3.35022963e-23  -2.55292591e-50
  1.28800000e-05   0.00000000e+00   0.00000000e+00  -3.38198660e-11  -8.70200864e-23   4.10971824e-23  -3.84164921e-50
  1.29600000e-05   0.00000000e+00   0.00000000e+00  -2.55494723e-11  -6.57399793e-23   3.10471758e-23  -2.19261291e-50
  1.30400000e-05   0.00000000e+00   0.00000000e+00  -2.90770454e-11  -7.48165886e-23   3.53338075e-23  -2.83981631e-50
  1.31200000e-05   0.00000000e+00   0.00000000e+00  -2.51045579e-11  -6.45951938e-23   3.05065252e-23  -2.11692410e-50
  1.32000000e-05   0.00000000e+00   0.00000000e+00  -2.00318705e-11  -5.15429333e-23   2.43423032e-23  -1.34795773e-50
  1.32800000e-05   0.00000000e+00   0.00000000e+00  -3.54986123e-11  -9.13395786e-23   4.31371592e-23  -4.23247232e-50
  1.33600000e-05   0.00000000e+00   0.00000000e+00  -2.43494175e-11  -6.26521826e-23   2.95888947e-23  -1.99157826e-50
  1.34400000e-05   0.00000000e+00   0.00000000e+00  -2.69651308e-11  -6.93825344e-23   3.27674539e-23  -2.44225030e-50
  1.35200000e-05   0.00000000e+00   0.00000000e+00  -3.32616521e-11  -8.55837762e-23   4.04188527e-23  -3.71586774e-50
  1.36000000e-05   0.00000000e+00   0.00000000e+00  -2.19054895e-11  -5.63638421e-23   2.66190852e-23  -1.61188121e-50
  1.36800000e-05   0.00000000e+00   0.00000000e+00  -2.52545276e-11  -6.49810729e-23   3.06887652e-23  -2.14222226e-50
  1.37600000e-05   0.00000000e+00   0.00000000e+00  -2.95622953e-11  -7.60651593e-23   3.59234729e-23  -2.93524111e-50
  1.38400000e-05   0.00000000e+00   0.00000000e+00  -3.40156415e-11  -8.75238259e-23   4.13350845e-23  -3.88635202e-50
  1.39200000e-05   0.00000000e+00   0.00000000e+00  -2.68897957e-11  -6.91886936e-23   3.26759082e-23  -2.42865331e-50
  1.40000000e-05   0.00000000e+00   0.00000000e+00  -2.86672583e-11  -7.37621876e-23   3.48358430e-23  -2.76029566e-50
  1.40800000e-05   0.00000000e+00   0.00000000e+00  -2.98471589e-11  -7.67981266e-23   3.62696331e-23  -2.99226875e-50
  1.41600000e-05   0.00000000e+00   0.00000000e+00  -2.79418443e-11  -7.18956637e-23   3.39543353e-23  -2.62243806e-50
  1.42400000e-05   0.00000000e+00   0.00000000e+00  -3.22510950e-11  -8.29835657e-23   3.91908450e-23  -3.49358467e-50
  1.43200000e-05   0.00000000e+00   0.00000000e+00  -3.02016573e-11  -7.77102675e-23   3.67004120e-23  -3.06400171e-50
  1.44000000e-05   0.00000000e+00   0.00000000e+00  -2.81165169e-11  -7.23451042e-23   3.41665936e-23  -2.65540246e-50
  1.44800000e-05   0.00000000e+00   0.00000000e+00  -3.32458049e-11  -8.55430007e-23   4.03995954e-23  -3.71204987e-50
  1.45600000e-05   0.00000000e+00   0.00000000e+00  -2.97392133e-11  -7.65203775e-23   3.61384598e-23  -2.97036567e-50
  1.46400000e-05   0.00000000e+00   0.00000000e+00  -2.37956527e-11  -6.12273201e-23   2.89159714e-23  -1.90204158e-50
  1.47200000e-05   0.00000000e+00   0.00000000e+00  -3.77207869e-11  -9.70573372e-23   4.58374983e-23  -4.77881434e-50
  1.48000000e-05   0.00000000e+00   0.00000000e+00  -3.09664346e-11  -7.96780750e-23   3.76297530e-23  -3.22090525e-50
  1.48800000e-05   0.00000000e+00   0.00000000e+00  -2.63216379e-11  -6.77267972e-23   3.19854948e-23  -2.32707692e-50
  1.49600000e-05   0.00000000e+00   0.00000000e+00  -3.69475778e-11  -9.50678343e-23   4.48979111e-23  -4.58493889e-50
  1.50400000e-05   0.00000000e+00   0.00000000e+00  -3.28238515e-11  -8.44572949e-23   3.98868465e-23  -3.61897358e-50
  1.51200000e-05   0.00000000e+00   0.00000000e+00  -2.25696449e-11  -5.80727448e-23   2.74261526e-23  -1.71116860e-50
  1.52000000e-05   0.00000000e+00   0.00000000e+00  -2.50812897e-11  -6.45353237e-23   3.04782500e-23  -2.11289979e-50
  1.52800000e-05   0.00000000e+00   0.00000000e+00  -2.85082591e-11  -7.33530753e-23   3.46426304e-23  -2.72974670e-50
  1.53600000e-05   0.00000000e+00   0.00000000e+00  -3.67489967e-11  -9.45568758e-23   4.46565994e-23  -4.53584974e-50
  1.54400000e-05   0.00000000e+00   0.00000000e+00  -2.47118016e-11  -6.35846137e-23   3.00292559e-23  -2.05133643e-50
  1.55200000e-05   0.00000000e+00   0.00000000e+00  -2.75147626e-11  -7.07967625e-23   3.34353545e-23  -2.54281337e-50
  1.56000000e-05   0.00000000e+00   0.00000000e+00  -3.03171538e-11  -7.80074454e-23   3.68407607e-23  -3.08717198e-50
  1.56800000e-05   0.00000000e+00   0.00000000e+00  -3.64916955e-11  -9.38948279e-23   4.43439325e-23  -4.47256984e-50
  1.57600000e-05   0.00000000e+00   0.00000000e+00  -2.83935545e-11  -7.30579349e-23   3.45032437e-23  -2.70799452e-50
  1.58400000e-05   0.00000000e+00   0.00000000e+00  -2.59096381e-11  -6.66667028e-23   3.14848414e-23  -2.25491177e-50
  1.59200000e-05   0.00000000e+00   0.00000000e+00  -2.28427934e-11  -5.87755687e-23   2.77580768e-23  -1.75269766e-50
  1.60000000e-05   0.00000000e+00   0.00000000e+00  -2.34401748e-11  -6.03126589e-23   2.84840020e-23  -1.84564587e-50
  1.60800000e-05   0.00000000e+00   0.00000000e+00  -4.25916488e-11  -1.09590291e-22   5.17564660e-23  -6.09269120e-50
  1.61600000e-05   0.00000000e+00   0.00000000e+00  -2.71160076e-11  -6.97707475e-23   3.29507959e-23  -2.46972362e-50
  1.62400000e-05   0.00000000e+00   0.00000000e+00  -3.08554871e-11  -7.93926021e-23   3.74949319e-23  -3.19786497e-50
  1.63200000e-05   0.00000000e+00   0.00000000e+00  -3.04860067e-11  -7.84419118e-23   3.70459471e-23  -3.12173766e-50
  1.64000000e-05   0.00000000e+00   0.00000000e+00  -2.53371622e-11  -6.51936955e-23   3.07891807e-23  -2.15638779e-50
  1.64800000e-05   0.00000000e+00   0.00000000e+00  -2.54996283e-11  -6.56117285e-23   3.09866061e-23  -2.18400371e-50
  1.65600000e-05   0.00000000e+00   0.00000000e+00  -2.78932911e-11  -7.17707341e-23   3.38953342e-23  -2.61336539e-50
  1.66400000e-05   0.00000000e+00   0.00000000e+00  -2.61947524e-11  -6.74003151e-23   3.18313061e-23  -2.30478088e-50
  1.67200000e-05   0.00000000e+00   0.00000000e+00  -3.01646197e-11  -7.76149680e-23   3.66554044e-23  -3.05610115e-50
  1.68000000e-05   0.00000000e+00   0.00000000e+00  -3.00611853e-11  -7.73488266e-23   3.65297131e-23  -3.03525084e-50
  1.68800000e-05   0.00000000e+00   0.00000000e+00  -2.49446236e-11  -6.41836755e-23   3.03121761e-23  -2.08995749e-50
  1.69600000e-05   0.00000000e+00   0.00000000e+00  -2.73481902e-11  -7.03681641e-23   3.32329392e-23  -2.51212732e-50
  1.70400000e-05   0.00000000e+00   0.00000000e+00  -3.30022680e-11  -8.49163690e-23   4.01036542e-23  -3.65821718e-50
  1.71200000e-05   0.00000000e+00   0.00000000e+00  -2.94511380e-11  -7.57791465e-23   3.57883966e-23  -2.91326690e-50
  1.72000000e-05   0.00000000e+00   0.00000000e+00  -2.30452972e-11  -5.92966204e-23   2.80041550e-23  -1.78396491e-50
  1.72800000e-05   0.00000000e+00   0.00000000e+00  -2.81770332e-11  -7.25008156e-23   3.42401315e-23  -2.66671916e-50
  1.73600000e-05   0.00000000e+00   0.00000000e+00  -3.45142932e-11  -8.88068801e-23   4.19410351e-23  -4.00104698e-50
  1.74400000e-05   0.00000000e+00   0.00000000e+00  -2.60430418e-11  -6.70099566e-23   3.16469505e-23  -2.27804641e-50
  1.75200000e-05   0.00000000e+00   0.00000000e+00  -2.75131972e-11  -7.07927349e-23   3.34334521e-23  -2.54255975e-50
  1.76000000e-05   0.00000000e+00   0.00000000e+00  -2.59878823e-11  -6.68680286e-23   3.15799218e-23  -2.26867913e-50
  1.76800000e-05   0.00000000e+00   0.00000000e+00  -1.70623329e-11  -4.39021753e-23   2.07337840e-23  -9.77974704e-51
  1.77600000e-05   0.00000000e+00   0.00000000e+00  -2.92128926e-11  -7.51661300e-23   3.54988858e-23  -2.86642007e-50
  1.78400000e-05   0.00000000e+00   0.00000000e+00  -2.74763791e-11  -7.06980001e-23   3.33887115e-23  -2.53584855e-50
  1.79200000e-05   0.00000000e+00   0.00000000e+00  -2.64760121e-11  -6.81240094e-23   3.21730868e-23  -2.35460376e-50
  1.80000000e-05   0.00000000e+00   0.00000000e+00  -2.19196624e-11  -5.64003099e-23   2.66363075e-23  -1.61392852e-50
  1.80800000e-05   0.00000000e+00   0.00000000e+00  -2.41034101e-11  -6.20191943e-23   2.92899513e-23  -1.95145748e-50
  1.81600000e-05   0.00000000e+00   0.00000000e+00  -3.16539498e-11  -8.14470837e-23   3.84652065e-23  -3.36529567e-50
  1.82400000e-05   0.00000000e+00   0.00000000e+00  -2.33747041e-11  -6.01441998e-23   2.84044432e-23  -1.83518695e-50
  1.83200000e-05   0.00000000e+00   0.00000000e+00  -2.46530939e-11  -6.34335562e-23   2.99579154e-23  -2.04141469e-50
  1.84000000e-05   0.00000000e+00   0.00000000e+00  -2.17049484e-11  -5.58478409e-23   2.63753917e-23  -1.58238342e-50
  1.84800000e-05   0.00000000e+00   0.00000000e+00  -2.23843200e-11  -5.75958955e-23   2.72009496e-23  -1.68287938e-50
  1.85600000e-05   0.00000000e+00   0.00000000e+00  -2.62007417e-11  -6.74157258e-23   3.18385840e-23  -2.30574874e-50
  1.86400000e-05   0.00000000e+00   0.00000000e+00  -2.76460088e-11  -7.11344653e-23   3.35948419e-23  -2.56710725e-50
  1.87200000e-05   0.00000000e+00   0.00000000e+00  -2.19634146e-11  -5.65128863e-23   2.66894742e-23  -1.62027194e-50
  1.88000000e-05   0.00000000e+00   0.00000000e+00  -2.30466287e-11  -5.93000465e-23   2.80057730e-23  -1.78403849e-50
  1.88800000e-05   0.00000000e+00   0.00000000e+00  -3.15474075e-11  -8.11729453e-23   3.83357385e-23  -3.34268760e-50
  1.89600000e-05   0.00000000e+00   0.00000000e+00  -1.49619462e-11  -3.84977829e-23   1.81814388e-23  -7.52097580e-51
  1.90400000e-05   0.00000000e+00   0.00000000e+00  -1.87107869e-11  -4.81437241e-23   2.27369502e-23  -1.17597834e-50
  1.91200000e-05   0.00000000e+00   0.00000000e+00  -2.79463898e-11  -7.19073595e-23   3.39598584e-23  -2.62284924e-50
  1.92000000e-05   0.00000000e+00   0.00000000e+00  -2.53156575e-11  -6.51383631e-23   3.07630485e-23  -2.15262690e-50
  1.92800000e-05   0.00000000e+00   0.00000000e+00  -1.04527189e-11  -2.68953314e-23   1.27019216e-23  -3.67081082e-51
  1.93600000e-05   0.00000000e+00   0.00000000e+00  -3.16747244e-11  -8.15005378e-23   3.84904513e-23  -3.36952010e-50
  1.94400000e-05   0.00000000e+00   0.00000000e+00  -2.18519185e-11  -5.62260018e-23   2.65539865e-23  -1.60387536e-50
  1.95200000e-05   0.00000000e+00   0.00000000e+00  -1.61312176e-11  -4.15063726e-23   1.96023125e-23  -8.74137981e-51
  1.96000000e-05   0.00000000e+00   0.00000000e+00  -1.98993215e-11  -5.12018789e-23   2.41812322e-23  -1.32999598e-50
  1.96800000e-05   0.00000000e+00   0.00000000e+00  -2.34938221e-11  -6.04506961e-23   2.85491929e-23  -1.85391840e-50
  1.97600000e-05   0.00000000e+00   0.00000000e+00  -1.54986431e-11  -3.98787290e-23   1.88336214e-23  -8.06940474e-51
  1.98400000e-05   0.00000000e+00   0.00000000e+00  -1.84227522e-11  -4.74025976e-23   2.23869366e-23  -1.14015362e-50
  1.99200000e-05   0.00000000e+00   0.00000000e+00  -1.72969860e-11  -4.45059489e-23   2.10189295e-23  -1.00490544e-50
  2.00000000e-05   0.00000000e+00   0.00000000e+00  -1.99486823e-11  -5.13288864e-23   2.42412143e-23  -1.33656490e-50
  2.00800000e-05   0.00000000e+00   0.00000000e+00  -1.57322543e-11  -4.04798213e-23   1.91175007e-23  -8.31377884e-51
  2.01600000e-05   0.00000000e+00   0.00000000e+00  -1.19044584e-11  -3.06307247e-23   1.44660446e-23  -4.76097594e-51
  2.02400000e-05   0.00000000e+00   0.00000000e+00  -1.78472666e-11  -4.59218463e-23   2.16876187e-23  -1.06984526e-50
  2.03200000e-05   0.00000000e+00   0.00000000e+00  -2.30491286e-11  -5.93064788e-23   2.80088107e-23  -1.78445339e-50
  2.04000000e-05   0.00000000e+00   0.00000000e+00  -3.94143654e-12  -1.01414994e-23   4.78954983e-24  -5.22306651e-52
  2.04800000e-05   0.00000000e+00   0.00000000e+00  -1.52180958e-11  -3.91568677e-23   1.84927063e-23  -7.77927135e-51
  2.05600000e-05   0.00000000e+00   0.00000000e+00  -2.54497888e-11  -6.54834892e-23   3.09260419e-23  -2.17530083e-50
  2.06400000e-05   0.00000000e+00   0.00000000e+00  -1.55626775e-11  -4.00434924e-23   1.89114346e-23  -8.13442344e-51
  2.07200000e-05   0.00000000e+00   0.00000000e+00  -1.28129958e-11  -3.29684337e-23   1.55700799e-23  -5.51468364e-51
  2.08000000e-05   0.00000000e+00   0.00000000e+00  -1.68659139e-11  -4.33967801e-23   2.04950997e-23  -9.55449656e-51
  2.08800000e-05   0.00000000e+00   0.00000000e+00  -1.65432325e-11  -4.25665060e-23   2.01029842e-23  -9.19341569e-51
  2.09600000e-05   0.00000000e+00   0.00000000e+00  -1.34938421e-11  -3.47202827e-23   1.63974298e-23  -6.11667104e-51
  2.10400000e-05   0.00000000e+00   0.00000000e+00  -1.35307846e-11  -3.48153377e-23   1.64423216e-23  -6.14972035e-51
  2.11200000e-05   0.00000000e+00   0.00000000e+00  -1.60376504e-11  -4.12656197e-23   1.94886116e-23  -8.63896794e-51
  2.12000000e-05   0.00000000e+00   0.00000000e+00  -1.10131421e-11  -2.83373265e-23   1.33829360e-23  -4.07353698e-51
  2.12800000e-05   0.00000000e+00   0.00000000e+00  -1.27992769e-11  -3.29331343e-23   1.55534090e-23  -5.50332111e-51
  2.13600000e-05   0.00000000e+00   0.00000000e+00  -1.45101057e-11  -3.73351764e-23   1.76323718e-23  -7.07153697e-51
  2.14400000e-05   0.00000000e+00   0.00000000e+00  -3.60282992e-12  -9.27024880e-24   4.37808226e-24  -4.36200106e-52
  2.15200000e-05   0.00000000e+00   0.00000000e+00  -5.26159732e-12  -1.35383344e-23   6.39378111e-24  -9.30181550e-52
  2.16000000e-05   0.00000000e+00   0.00000000e+00  -5.21996678e-12  -1.34312171e-23   6.34319257e-24  -9.15067723e-52
  2.16800000e-05   0.00000000e+00   0.00000000e+00  -1.28841661e-11  -3.31515580e-23   1.56565645e-23  -5.57499175e-51
  2.17600000e-05   0.00000000e+00   0.00000000e+00  -2.03376177e-11  -5.23296354e-23   2.47138403e-23  -1.38915785e-50
  2.18400000e-05   0.00000000e+00   0.00000000e+00  -8.88625353e-12  -2.28647433e-23   1.07983862e-23  -2.65151097e-51
  2.19200000e-05   0.00000000e+00   0.00000000e+00  -8.73814243e-12  -2.24836465e-23   1.06184048e-23  -2.56454808e-51
  2.20000000e-05   0.00000000e+00   0.00000000e+00  -5.71454128e-12  -1.47037803e-23   6.94418897e-24  -1.09715326e-51
  2.20800000e-05   0.00000000e+00   0.00000000e+00  -5.41642282e-12  -1.39367076e-23   6.58192177e-24  -9.85089596e-52
  2.21600000e-05   0.00000000e+00   0.00000000e+00   1.04207504e-13   2.68130751e-25  -1.26630742e-25  -3.54716946e-55
  2.22400000e-05   0.00000000e+00   0.00000000e+00  -4.39995572e-12  -1.13212905e-23   5.34673258e-24  -6.50605675e-52
  2.23200000e-05   0.00000000e+00   0.00000000e+00  -1.20458596e-11  -3.09945566e-23   1.46378723e-23  -4.87286956e-51
  2.24000000e-05   0.00000000e+00   0.00000000e+00   5.93663572e-12   1.52752396e-23  -7.21407342e-24  -1.18313245e-51
  2.24800000e-05   0.00000000e+00   0.00000000e+00  -3.51717067e-12  -9.04984358e-24   4.27399096e-24  -4.15569712e-52
  2.25600000e-05   0.00000000e+00   0.00000000e+00  -4.43926271e-12  -1.14224292e-23   5.39449759e-24  -6.62280862e-52
  2.26400000e-05   0.00000000e+00   0.00000000e+00   2.77965291e-12   7.15217610e-24  -3.37777507e-24  -2.59474217e-52
  2.27200000e-05   0.00000000e+00   0.00000000e+00  -8.43655485e-12  -2.17076477e-23   1.02519220e-23  -2.39035661e-51
  2.28000000e-05   0.00000000e+00   0.00000000e+00  -2.91859829e-12  -7.50968903e-24   3.54661854e-24  -2.86177406e-52
  2.28800000e-05   0.00000000e+00   0.00000000e+00  -4.58643982e-12  -1.18011228e-23   5.57334408e-24  -7.06247171e-52
  2.29600000e-05   0.00000000e+00   0.00000000e+00   4.01781629e-14   1.03380280e-25  -4.88236487e-26  -5.65429423e-56
  2.30400000e-05   0.00000000e+00   0.00000000e+00  -6.76747589e-12  -1.74130299e-23   8.22369271e-24  -1.53793583e-51
  2.31200000e-05   0.00000000e+00   0.00000000e+00   1.20890975e-12   3.11058095e-24  -1.46904140e-24  -4.90299630e-53
  2.32000000e-05   0.00000000e+00   0.00000000e+00  -3.92553725e-12  -1.01005898e-23   4.77022934e-24  -5.17358681e-52
  2.32800000e-05   0.00000000e+00   0.00000000e+00  -1.17978425e-13  -3.03563970e-25   1.43364872e-25  -4.62837974e-55
  2.33600000e-05   0.00000000e+00   0.00000000e+00  -4.85481712e-12  -1.24916701e-23   5.89947047e-24  -7.91468827e-52
  2.34400000e-05   0.00000000e+00   0.00000000e+00   1.64995885e-12   4.24542079e-24  -2.00499488e-24  -9.14440417e-53
  2.35200000e-05   0.00000000e+00   0.00000000e+00  -8.07911933e-12  -2.07879495e-23   9.81757391e-24  -2.19182377e-51
  2.36000000e-05   0.00000000e+00   0.00000000e+00  -4.00073515e-12  -1.02940774e-23   4.86160823e-24  -5.37617716e-52
  2.36800000e-05   0.00000000e+00   0.00000000e+00   1.18736233e-11   3.05513845e-23  -1.44285744e-23  -4.73367856e-51
  2.37600000e-05   0.00000000e+00   0.00000000e+00   3.54168377e-13   9.11291692e-25  -4.30377876e-25  -4.21862070e-54
  2.38400000e-05   0.00000000e+00   0.00000000e+00   9.19008209e-12   2.36465083e-23  -1.11675922e-23  -2.83636659e-51
  2.39200000e-05   0.00000000e+00   0.00000000e+00   7.53538276e-12   1.93888900e-23  -9.15683680e-24  -1.90693337e-51
  2.40000000e-05   0.00000000e+00   0.00000000e+00  -6.53640571e-12  -1.68184756e-23   7.94290114e-24  -1.43433989e-51
  2.40800000e-05   0.00000000e+00   0.00000000e+00   4.94113504e-13   1.27137701e-24  -6.00436216e-25  -8.22752500e-54
  2.41600000e-05   0.00000000e+00   0.00000000e+00   4.06761816e-12   1.04661706e-23  -4.94288305e-24  -5.55932234e-52
  2.42400000e-05   0.00000000e+00   0.00000000e+00   8.83658289e-12   2.27369384e-23  -1.07380275e-23  -2.62236180e-51
  2.43200000e-05   0.00000000e+00   0.00000000e+00   1.71570031e-12   4.41457663e-24  -2.08488252e-24  -9.87734391e-53
  2.44000000e-05   0.00000000e+00   0.00000000e+00   1.17930188e-11   3.03439855e-23  -1.43306256e-23  -4.67020810e-51
  2.44800000e-05   0.00000000e+00   0.00000000e+00   1.20599269e-11   3.10307523e-23  -1.46549666e-23  -4.88318435e-51
  2.45600000e-05   0.00000000e+00   0.00000000e+00   1.53721068e-12   3.95531453e-24  -1.86798572e-24  -7.94774523e-53
  2.46400000e-05   0.00000000e+00   0.00000000e+00   5.43943112e-12   1.39959091e-23  -6.60988097e-24  -9.93868539e-52
  2.47200000e-05   0.00000000e+00   0.00000000e+00   1.74551565e-11   4.49129288e-23  -2.12111348e-23  -1.02322983e-50
  2.48000000e-05   0.00000000e+00   0.00000000e+00   1.01363433e-11   2.60812823e-23  -1.23174687e-23  -3.45158729e-51
  2.48800000e-05   0.00000000e+00   0.00000000e+00   5.50892425e-12   1.41747181e-23  -6.69432754e-24  -1.01956720e-51
  2.49600000e-05   0.00000000e+00   0.00000000e+00   1.40293753e-11   3.60982346e-23  -1.70481984e-23  -6.61082805e-51
  2.50400000e-05   0.00000000e+00   0.00000000e+00   4.18401999e-12   1.07656779e-23  -5.08433207e-24  -5.88240087e-52
  2.51200000e-05   0.00000000e+00   0.00000000e+00   1.52431407e-11   3.92213095e-23  -1.85231403e-23  -7.80295767e-51
  2.52000000e-05   0.00000000e+00   0.00000000e+00   1.30039806e-11   3.34598464e-23  -1.58021606e-23  -5.67854462e-51
  2.52800000e-05   0.00000000e+00   0.00000000e+00   5.91958044e-12   1.52313555e-23  -7.19334820e-24  -1.17748184e-51
  2.53600000e-05   0.00000000e+00   0.00000000e+00   1.18500358e-11   3.04906929e-23  -1.43999114e-23  -4.71691131e-51
  2.54400000e-05   0.00000000e+00   0.00000000e+00   9.18940386e-12   2.36447632e-23  -1.11667681e-23  -2.83661319e-51
  2.55200000e-05   0.00000000e+00   0.00000000e+00   1.13845082e-11   2.92928686e-23  -1.38342121e-23  -4.35378055e-51
  2.56000000e-05   0.00000000e+00   0.00000000e+00   2.27662895e-11   5.85787209e-23  -2.76651107e-23  -1.74083225e-50
  2.56800000e-05   0.00000000e+00   0.00000000e+00   1.13287025e-11   2.91492779e-23  -1.37663982e-23  -4.31052655e-51
  2.57600000e-05   0.00000000e+00   0.00000000e+00   1.38352767e-11   3.55988098e-23  -1.68123339e-23  -6.42909779e-51
  2.58400000e-05   0.00000000e+00   0.00000000e+00   1.58619241e-11   4.08134678e-23  -1.92750727e-23  -8.45007493e-51
  2.59200000e-05   0.00000000e+00   0.00000000e+00   1.12493603e-11   2.89451268e-23  -1.36699833e-23  -4.25056011e-51
  2.60000000e-05   0.00000000e+00   0.00000000e+00   1.69401274e-11   4.35877349e-23  -2.05852824e-23  -9.63734406e-51
  2.60800000e-05   0.00000000e+00   0.00000000e+00   2.78589222e-11   7.16823014e-23  -3.38535696e-23  -2.60663410e-50
  2.61600000e-05   0.00000000e+00   0.00000000e+00   1.67162664e-11   4.30117303e-23  -2.03132513e-23  -9.38630883e-51
  2.62400000e-05   0.00000000e+00   0.00000000e+00   8.91485633e-12   2.29383396e-23  -1.08331438e-23  -2.66991429e-51
  2.63200000e-05   0.00000000e+00   0.00000000e+00   1.87767310e-11   4.83134015e-23  -2.28170841e-23  -1.18419251e-50
  2.64000000e-05   0.00000000e+00   0.00000000e+00   1.88244591e-11   4.84362080e-23  -2.28750822e-23  -1.19015360e-50
  2.64800000e-05   0.00000000e+00   0.00000000e+00   2.50666850e-11   6.44977454e-23  -3.04605024e-23  -2.11038055e-50
  2.65600000e-05   0.00000000e+00   0.00000000e+00   1.73609510e-11   4.46705336e-23  -2.10966583e-23  -1.01245030e-50
  2.66400000e-05   0.00000000e+00   0.00000000e+00   2.05831124e-11   5.29613046e-23  -2.50121603e-23  -1.42298735e-50
  2.67200000e-05   0.00000000e+00   0.00000000e+00   1.82652639e-11   4.69973727e-23  -2.21955601e-23  -1.12042466e-50
  2.68000000e-05   0.00000000e+00   0.00000000e+00   2.89051165e-11   7.43742078e-23  -3.51248826e-23  -2.80610222e-50
  2.68800000e-05   0.00000000e+00   0.00000000e+00   1.80648799e-11   4.64817753e-23  -2.19520577e-23  -1.09618310e-50
  2.69600000e-05   0.00000000e+00   0.00000000e+00   2.08609152e-11   5.36761041e-23  -2.53497404e-23  -1.46172504e-50
  2.70400000e-05   0.00000000e+00   0.00000000e+00   2.07236861e-11   5.33230072e-23  -2.51829825e-23  -1.44254874e-50
  2.71200000e-05   0.00000000e+00   0.00000000e+00   2.02500186e-11   5.21042388e-23  -2.46073918e-23  -1.37735978e-50
  2.72000000e-05   0.00000000e+00   0.00000000e+00   1.96911191e-11   5.06661645e-23  -2.39282291e-23  -1.30238974e-50
  2.72800000e-05   0.00000000e+00   0.00000000e+00   2.79920296e-11   7.20247928e-23  -3.40153189e-23  -2.63167806e-50
  2.73600000e-05   0.00000000e+00   0.00000000e+00   2.24094658e-11   5.76605968e-23  -2.72315062e-23  -1.68693368e-50
  2.74400000e-05   0.00000000e+00   0.00000000e+00   1.39478486e-11   3.58884627e-23  -1.69491290e-23  -6.53543233e-51
  2.75200000e-05   0.00000000e+00   0.00000000e+00   3.08593132e-11   7.94024468e-23  -3.74995810e-23  -3.19844672e-50
  2.76000000e-05   0.00000000e+00   0.00000000e+00   2.25455622e-11   5.80107792e-23  -2.73968876e-23  -1.70746171e-50
  2.76800000e-05   0.00000000e+00   0.00000000e+00   2.35284797e-11   6.05398715e-23  -2.85913080e-23  -1.85934674e-50
  2.77600000e-05   0.00000000e+00   0.00000000e+00   2.13037906e-11   5.48156431e-23  -2.58879132e-23  -1.52430272e-50
  2.78400000e-05   0.00000000e+00   0.00000000e+00   3.16206271e-11   8.13613428e-23  -3.84247135e-23  -3.35820242e-50
  2.79200000e-05   0.00000000e+00   0.00000000e+00   2.47110870e-11   6.35827752e-23  -3.00283873e-23  -2.05104071e-50
  2.80000000e-05   0.00000000e+00   0.00000000e+00   2.49578484e-11   6.42177036e-23  -3.03282465e-23  -2.09222620e-50
  2.80800000e-05   0.00000000e+00   0.00000000e+00   2.95953909e-11   7.61503160e-23  -3.59636895e-23  -2.94194358e-50
  2.81600000e-05   0.00000000e+00   0.00000000e+00   3.17290954e-11   8.16404368e-23  -3.85565219e-23  -3.38144311e-50
  2.82400000e-05   0.00000000e+00   0.00000000e+00   2.51377551e-11   6.46806119e-23  -3.05468653e-23  -2.12255096e-50
  2.83200000e-05   0.00000000e+00   0.00000000e+00   3.10948980e-11   8.00086175e-23  -3.77858587e-23  -3.24751054e-50
  2.84000000e-05   0.00000000e+00   0.00000000e+00   2.78313767e-11   7.16114255e-23  -3.38200970e-23  -2.60184846e-50
  2.84800000e-05   0.00000000e+00   0.00000000e+00   3.56436773e-11   9.17128378e-23  -4.33134385e-23  -4.26727268e-50
  2.85600000e-05   0.00000000e+00   0.00000000e+00   3.10866084e-11   7.99872879e-23  -3.77757854e-23  -3.24585472e-50
  2.86400000e-05   0.00000000e+00   0.00000000e+00   2.81691135e-11   7.24804378e-23  -3.42305076e-23  -2.66531861e-50
  2.87200000e-05   0.00000000e+00   0.00000000e+00   2.99853509e-11   7.71537012e-23  -3.64375607e-23  -3.01995120e-50
  2.88000000e-05   0.00000000e+00   0.00000000e+00   2.89313146e-11   7.44416168e-23  -3.51567182e-23  -2.81144224e-50
  2.88800000e-05   0.00000000e+00   0.00000000e+00   3.09486792e-11   7.96323896e-23  -3.76081767e-23  -3.21715034e-50
  2.89600000e-05   0.00000000e+00   0.00000000e+00   2.93292326e-11   7.54654782e-23  -3.56402597e-23  -2.88919941e-50
  2.90400000e-05   0.00000000e+00   0.00000000e+00   2.94253860e-11   7.57128854e-23  -3.57571033e-23  -2.90831740e-50
  2.91200000e-05   0.00000000e+00   0.00000000e+00   2.79670599e-11   7.19605446e-23  -3.39849764e-23  -2.62730654e-50
  2.92000000e-05   0.00000000e+00   0.00000000e+00   4.03890664e-11   1.03922945e-22  -4.90799346e-23  -5.47891746e-50
  2.92800000e-05   0.00000000e+00   0.00000000e+00   2.94927632e-11   7.58862502e-23  -3.58389787e-23  -2.92160641e-50
  2.93600000e-05   0.00000000e+00   0.00000000e+00   1.73508847e-11   4.46446324e-23  -2.10844261e-23  -1.01140989e-50
  2.94400000e-05   0.00000000e+00   0.00000000e+00   3.07997314e-11   7.92491399e-23  -3.74271786e-23  -3.18643870e-50
  2.95200000e-05   0.00000000e+00   0.00000000e+00   2.57772301e-11   6.63260109e-23  -3.13239419e-23  -2.23196643e-50
  2.96000000e-05   0.00000000e+00   0.00000000e+00   2.95523969e-11   7.60396905e-23  -3.59114444e-23  -2.93341378e-50
  2.96800000e-05   0.00000000e+00   0.00000000e+00   3.66472019e-11   9.42949532e-23  -4.45329004e-23  -4.51084128e-50
  2.97600000e-05   0.00000000e+00   0.00000000e+00   3.25719875e-11   8.38092372e-23  -3.95807866e-23  -3.56377964e-50
  2.98400000e-05   0.00000000e+00   0.00000000e+00   3.10095320e-11   7.97889667e-23  -3.76821239e-23  -3.22979427e-50
  2.99200000e-05   0.00000000e+00   0.00000000e+00   3.50099641e-11   9.00822643e-23  -4.25433640e-23  -4.11683023e-50
  3.00000000e-05   0.00000000e+00   0.00000000e+00   2.79663215e-11   7.19586446e-23  -3.39840792e-23  -2.62715128e-50
  3.00800000e-05   0.00000000e+00   0.00000000e+00   3.08113068e-11   7.92789239e-23  -3.74412448e-23  -3.18860037e-50
  3.01600000e-05   0.00000000e+00   0.00000000e+00   3.14566087e-11   8.09393157e-23  -3.82254020e-23  -3.32373902e-50
  3.02400000e-05   0.00000000e+00   0.00000000e+00   3.05117738e-11   7.85082116e-23  -3.70772587e-23  -3.12706162e-50
  3.03200000e-05   0.00000000e+00   0.00000000e+00   3.65436219e-11   9.40284371e-23  -4.44070324e-23  -4.48539766e-50
  3.04000000e-05   0.00000000e+00   0.00000000e+00   3.04608395e-11   7.83771554e-23  -3.70153645e-23  -3.11662346e-50
  3.04800000e-05   0.00000000e+00   0.00000000e+00   3.27465158e-11   8.42583066e-23  -3.97928697e-23  -3.60175972e-50
  3.05600000e-05   0.00000000e+00   0.00000000e+00   2.82248810e-11   7.26239302e-23  -3.42982753e-23  -2.67590383e-50
  3.06400000e-05   0.00000000e+00   0.00000000e+00   3.71929535e-11   9.56991973e-23  -4.51960863e-23  -4.64634687e-50
  3.07200000e-05   0.00000000e+00   0.00000000e+00   3.30758978e-11   8.51058219e-23  -4.01931278e-23  -3.67475669e-50
  3.08000000e-05   0.00000000e+00   0.00000000e+00   3.11443016e-11   8.01357349e-23  -3.78458931e-23  -3.25803564e-50
  3.08800000e-05   0.00000000e+00   0.00000000e+00   3.17763454e-11   8.17620132e-23  -3.86139394e-23  -3.39152104e-50
  3.09600000e-05   0.00000000e+00   0.00000000e+00   3.30339551e-11   8.49979013e-23  -4.01421600e-23  -3.66529068e-50
  3.10400000e-05   0.00000000e+00   0.00000000e+00   3.14570397e-11   8.09404247e-23  -3.82259259e-23  -3.32357515e-50
  3.11200000e-05   0.00000000e+00   0.00000000e+00   3.46263592e-11   8.90952310e-23  -4.20772156e-23  -4.02720027e-50
  3.12000000e-05   0.00000000e+00   0.00000000e+00   3.51528093e-11   9.04498117e-23  -4.27169466e-23  -4.15059978e-50
  3.12800000e-05   0.00000000e+00   0.00000000e+00   2.60274107e-11   6.69697370e-23  -3.16279562e-23  -2.27554622e-50
  3.13600000e-05   0.00000000e+00   0.00000000e+00   3.40464587e-11   8.76031201e-23  -4.13725329e-23  -3.89362672e-50
  3.14400000e-05   0.00000000e+00   0.00000000e+00   3.53023771e-11   9.08346566e-23  -4.28986983e-23  -4.18593987e-50
  3.15200000e-05   0.00000000e+00   0.00000000e+00   2.76939126e-11   7.12577239e-23  -3.36530539e-23  -2.57626437e-50
  3.16000000e-05   0.00000000e+00   0.00000000e+00   3.38793383e-11   8.71731116e-23  -4.11694518e-23  -3.85529855e-50
  3.16800000e-05   0.00000000e+00   0.00000000e+00   3.07774851e-11   7.91918992e-23  -3.74001457e-23  -3.18168213e-50
  3.17600000e-05   0.00000000e+00   0.00000000e+00   3.24728424e-11   8.35541321e-23  -3.94603078e-23  -3.54185326e-50
  3.18400000e-05   0.00000000e+00   0.00000000e+00   3.17013153e-11   8.15689572e-23  -3.85227645e-23  -3.37558958e-50
  3.19200000e-05   0.00000000e+00   0.00000000e+00   3.29368408e-11   8.47480216e-23  -4.00241488e-23  -3.64383356e-50
  3.20000000e-05   0.00000000e+00   0.00000000e+00   3.31781054e-11   8.53688067e-23  -4.03173285e-23  -3.69712218e-50
  3.20800000e-05   0.00000000e+00   0.00000000e+00   3.34253474e-11   8.60049359e-23  -4.06177400e-23  -3.75273325e-50
  3.21600000e-05   0.00000000e+00   0.00000000e+00   3.27713599e-11   8.43221964e-23  -3.98230289e-23  -3.60732113e-50
  3.22400000e-05  -7.71703434e-06   6.92958185e-06   3.21689863e-11  -2.54315617e-17  -2.83216432e-17   2.82741281e-17
  3.23200000e-05  -2.54203253e-05   2.30648599e-05   2.87013514e-11  -8.46550349e-17  -9.33004238e-17   9.34125455e-17
  3.24000000e-05  -3.34805687e-05   3.06722821e-05   1.21815802e-11  -1.12587892e-16  -1.22896240e-16   1.23366396e-16
  3.24800000e-05   0.00000000e+00   0.00000000e+00   0.00000000e+00   0.00000000e+00   0.00000000e+00   0.00000000e+00
  3.25600000e-05   0.00000000e+00   0.00000000e+00   0.00000000e+00   0.00000000e+00   0.00000000e+00   0.00000000e+00
