       time             b_x              b_y              b_z              F_x              F_y              F_z
  0.00000000e+00   0.00000000e+00   0.00000000e+00   0.00000000e+00  -0.00000000e+00   0.00000000e+00   0.00000000e+00
  8.00000000e-08   0.00000000e+00   0.00000000e+00   0.00000000e+00  -0.00000000e+00   0.00000000e+00   0.00000000e+00
  1.60000000e-07   0.00000000e+00   0.00000000e+00   0.00000000e+00  -0.00000000e+00   0.00000000e+00   0.00000000e+00
  2.40000000e-07   0.00000000e+00   0.00000000e+00   0.00000000e+00  -0.00000000e+00   0.00000000e+00   0.00000000e+00
  3.20000000e-07   0.00000000e+00   0.00000000e+00   0.00000000e+00  -0.00000000e+00   0.00000000e+00   0.00000000e+00
  4.00000000e-07   0.00000000e+00   0.00000000e+00   0.00000000e+00  -0.00000000e+00   0.00000000e+00   0.00000000e+00
  4.80000000e-07   0.00000000e+00   0.00000000e+00   0.00000000e+00  -0.00000000e+00   0.00000000e+00   0.00000000e+00
  5.60000000e-07   0.00000000e+00   0.00000000e+00   0.00000000e+00  -0.00000000e+00   0.00000000e+00   0.00000000e+00
  6.40000000e-07   0.00000000e+00   0.00000000e+00   0.00000000e+00  -0.00000000e+00   0.00000000e+00   0.00000000e+00
  7.20000000e-07   0.00000000e+00   0.00000000e+00   0.00000000e+00  -0.00000000e+00   0.00000000e+00   0.00000000e+00
  8.00000000e-07   0.00000000e+00   0.00000000e+00   0.00000000e+00  -0.00000000e+00   0.00000000e+00   0.00000000e+00
  8.80000000e-07   0.00000000e+00   0.00000000e+00   0.00000000e+00  -0.00000000e+00   0.00000000e+00   0.00000000e+00
  9.60000000e-07   0.00000000e+00   0.00000000e+00   0.00000000e+00  -0.00000000e+00   0.00000000e+00   0.00000000e+00
  1.04000000e-06   0.00000000e+00   0.00000000e+00   0.00000000e+00  -0.00000000e+00   0.00000000e+00   0.00000000e+00
  1.12000000e-06   0.00000000e+00   0.00000000e+00   0.00000000e+00  -0.00000000e+00   0.00000000e+00   0.00000000e+00
  1.20000000e-06   0.00000000e+00   0.00000000e+00   0.00000000e+00  -0.00000000e+00   0.00000000e+00   0.00000000e+00
  1.28000000e-06   0.00000000e+00   0.00000000e+00   0.00000000e+00  -0.00000000e+00   0.00000000e+00   0.00000000e+00
  1.36000000e-06   0.00000000e+00   0.00000000e+00   0.00000000e+00  -0.00000000e+00   0.00000000e+00   0.00000000e+00
  1.44000000e-06   6.08469094e-07   3.72687315e-07   0.00000000e+00  -9.66928623e-19   1.57865900e-18   9.74392941e-19
  1.52000000e-06   2.85150975e-06   1.74654970e-06   0.00000000e+00  -4.53139992e-18   7.39820405e-18   4.56630111e-18
  1.60000000e-06   1.02226916e-05   6.28232071e-06  -1.51391311e-14  -1.62995234e-17   2.65228421e-17   1.64167895e-17
  1.68000000e-06   2.77510229e-05   1.70692023e-05  -5.12996587e-14  -4.42880018e-17   7.20032099e-17   4.45926521e-17
  1.76000000e-06   3.09611213e-05   1.90924741e-05   1.25839794e-12  -4.95405687e-17   8.03369689e-17   4.98498590e-17
  1.84000000e-06   4.94747378e-05   3.05688510e-05   3.38197187e-12  -7.93261282e-17   1.28386871e-16   7.97673177e-17
  1.92000000e-06   2.45453970e-05   1.51964839e-05   3.66845892e-12  -3.94381402e-17   6.37005683e-17   3.96312475e-17
  2.00000000e-06   6.97291355e-06   4.34551187e-06   5.44094104e-12  -1.12779293e-17   1.80968242e-17   1.13210633e-17
  2.08000000e-06   7.11232572e-06   4.42486548e-06   6.63953161e-12  -1.14843442e-17   1.84593905e-17   1.15288310e-17
  2.16000000e-06  -2.71686280e-12  -1.26638717e-12   4.66936974e-12   2.24233594e-24  -1.75387277e-23  -3.45200779e-24
  2.24000000e-06  -1.82218315e-12  -1.00729055e-12   2.54557103e-12   2.04492577e-24  -1.04466319e-23  -2.66995663e-24
  2.32000000e-06  -4.32716277e-13  -2.25054441e-13   3.40462395e-12  -1.77435217e-25  -8.76985258e-24  -6.02261340e-25
  2.40000000e-06  -2.37706105e-14  -2.46607452e-14   3.00723162e-12  -6.08647540e-25  -6.81593510e-24  -6.07049890e-26
  2.48000000e-06   0.00000000e+00   0.00000000e+00   2.77145260e-12  -6.19913248e-25  -6.22468144e-24  -1.14780484e-52
  2.56000000e-06   0.00000000e+00   0.00000000e+00   1.20490006e-11  -2.69509755e-24  -2.70620506e-23  -2.16958941e-51
  2.64000000e-06   0.00000000e+00   0.00000000e+00   9.36765503e-12  -2.09533927e-24  -2.10397495e-23  -1.31146479e-51
  2.72000000e-06   0.00000000e+00   0.00000000e+00   1.15103356e-11  -2.57460999e-24  -2.58522093e-23  -1.98004679e-51
  2.80000000e-06   0.00000000e+00   0.00000000e+00   9.38201879e-12  -2.09855212e-24  -2.10720105e-23  -1.31543278e-51
  2.88000000e-06   0.00000000e+00   0.00000000e+00   1.31517220e-11  -2.94175218e-24  -2.95387625e-23  -2.58495991e-51
  2.96000000e-06   0.00000000e+00   0.00000000e+00   3.66628926e-12  -8.20068611e-25  -8.23448422e-24  -2.00884826e-52
  3.04000000e-06   0.00000000e+00   0.00000000e+00   4.54460701e-12  -1.01652906e-24  -1.02071855e-23  -3.08667834e-52
  3.12000000e-06   0.00000000e+00   0.00000000e+00  -1.22177951e-12   2.73285317e-25   2.74411629e-24  -2.22776489e-53
  3.20000000e-06   0.00000000e+00   0.00000000e+00   1.63063950e-12  -3.64738344e-25  -3.66241568e-24  -3.97455978e-53
  3.28000000e-06   0.00000000e+00   0.00000000e+00  -7.63647513e-15   1.70811224e-27   1.71515201e-26  -7.67958257e-58
  3.36000000e-06   0.00000000e+00   0.00000000e+00   2.15475452e-12  -4.81971394e-25  -4.83957779e-24  -6.93637526e-53
  3.44000000e-06   0.00000000e+00   0.00000000e+00   9.22915713e-12  -2.06436032e-24  -2.07286833e-23  -1.27287006e-51
  3.52000000e-06   0.00000000e+00   0.00000000e+00   9.11330696e-12  -2.03844718e-24  -2.04684838e-23  -1.24120807e-51
  3.60000000e-06   0.00000000e+00   0.00000000e+00   8.77609737e-12  -1.96302078e-24  -1.97111112e-23  -1.15117018e-51
  3.68000000e-06   0.00000000e+00   0.00000000e+00   2.35091306e-12  -5.25847765e-25  -5.28014980e-24  -8.26488819e-53
  3.76000000e-06   0.00000000e+00   0.00000000e+00  -2.93643613e-12   6.56816452e-25   6.59523439e-24  -1.28814659e-52
  3.84000000e-06   0.00000000e+00   0.00000000e+00   6.21758454e-12  -1.39073749e-24  -1.39646924e-23  -5.77717342e-52
  3.92000000e-06   0.00000000e+00   0.00000000e+00   8.94820935e-12  -2.00151846e-24  -2.00976747e-23  -1.19662709e-51
  4.00000000e-06   0.00000000e+00   0.00000000e+00   8.11772265e-12  -1.81575677e-24  -1.82324019e-23  -9.84941862e-52
  4.08000000e-06   0.00000000e+00   0.00000000e+00   6.43640733e-12  -1.43968336e-24  -1.44561683e-23  -6.19205910e-52
  4.16000000e-06   0.00000000e+00   0.00000000e+00   4.98373667e-12  -1.11475274e-24  -1.11934706e-23  -3.71107843e-52
  4.24000000e-06   0.00000000e+00   0.00000000e+00   5.27982028e-12  -1.18098016e-24  -1.18584742e-23  -4.16593640e-52
  4.32000000e-06   0.00000000e+00   0.00000000e+00   9.71469786e-12  -2.17296515e-24  -2.18192075e-23  -1.41045867e-51
  4.40000000e-06   0.00000000e+00   0.00000000e+00   6.12359532e-12  -1.36971416e-24  -1.37535927e-23  -5.60438722e-52
  4.48000000e-06   0.00000000e+00   0.00000000e+00   2.13853106e-11  -4.78342564e-24  -4.80313992e-23  -6.83484195e-51
  4.56000000e-06   0.00000000e+00   0.00000000e+00   9.33324649e-12  -2.08764284e-24  -2.09624679e-23  -1.30207107e-51
  4.64000000e-06   0.00000000e+00   0.00000000e+00   2.76175534e-12  -6.17744186e-25  -6.20290139e-24  -1.14007395e-52
  4.72000000e-06   0.00000000e+00   0.00000000e+00   1.08048242e-11  -2.41680254e-24  -2.42676308e-23  -1.74459687e-51
  4.80000000e-06   0.00000000e+00   0.00000000e+00   8.62328820e-12  -1.92884072e-24  -1.93679019e-23  -1.11142226e-51
  4.88000000e-06   0.00000000e+00   0.00000000e+00   9.79982168e-12  -2.19200549e-24  -2.20103956e-23  -1.43536840e-51
  4.96000000e-06   0.00000000e+00   0.00000000e+00   9.13707815e-12  -2.04376428e-24  -2.05218739e-23  -1.24779214e-51
  5.04000000e-06   0.00000000e+00   0.00000000e+00   6.16440590e-12  -1.37884260e-24  -1.38452532e-23  -5.67979183e-52
  5.12000000e-06   0.00000000e+00   0.00000000e+00   4.44557229e-12  -9.94377164e-25  -9.98475360e-24  -2.95404442e-52
  5.20000000e-06   0.00000000e+00   0.00000000e+00   8.89017847e-12  -1.98853823e-24  -1.99673373e-23  -1.18113831e-51
  5.28000000e-06   0.00000000e+00   0.00000000e+00   9.88732363e-12  -2.21157777e-24  -2.22069250e-23  -1.46108407e-51
  5.36000000e-06   0.00000000e+00   0.00000000e+00   6.96251267e-12  -1.55736161e-24  -1.56378007e-23  -7.24561652e-52
  5.44000000e-06   0.00000000e+00   0.00000000e+00   4.95588640e-12  -1.10852325e-24  -1.11309189e-23  -3.67154645e-52
  5.52000000e-06   0.00000000e+00   0.00000000e+00   6.35248046e-12  -1.42091076e-24  -1.42676686e-23  -6.03051008e-52
  5.60000000e-06   0.00000000e+00   0.00000000e+00   1.34337776e-11  -3.00484186e-24  -3.01722592e-23  -2.69693472e-51
  5.68000000e-06   0.00000000e+00   0.00000000e+00   8.78560698e-12  -1.96514788e-24  -1.97324698e-23  -1.15382857e-51
  5.76000000e-06   0.00000000e+00   0.00000000e+00   1.38525985e-11  -3.09852291e-24  -3.11129306e-23  -2.86779053e-51
  5.84000000e-06   0.00000000e+00   0.00000000e+00   9.05658854e-12  -2.02576052e-24  -2.03410943e-23  -1.22599185e-51
  5.92000000e-06   0.00000000e+00   0.00000000e+00   5.15608902e-12  -1.15330420e-24  -1.15805739e-23  -3.97380914e-52
  6.00000000e-06   0.00000000e+00   0.00000000e+00  -3.78230771e-12   8.46019407e-25   8.49506163e-24  -2.13726111e-52
  6.08000000e-06   0.00000000e+00   0.00000000e+00   1.24022307e-11  -2.77410741e-24  -2.78554053e-23  -2.29869499e-51
  6.16000000e-06   0.00000000e+00   0.00000000e+00  -7.38804091e-12   1.65254296e-24   1.65935370e-23  -8.15620749e-52
  6.24000000e-06   0.00000000e+00   0.00000000e+00   1.58364910e-11  -3.54227624e-24  -3.55687525e-23  -3.74777102e-51
  6.32000000e-06   0.00000000e+00   0.00000000e+00   6.65538798e-12  -1.48866455e-24  -1.49479988e-23  -6.62145620e-52
  6.40000000e-06   0.00000000e+00   0.00000000e+00   1.35527629e-11  -3.03145627e-24  -3.04395001e-23  -2.74515959e-51
  6.48000000e-06   0.00000000e+00   0.00000000e+00   1.61422144e-11  -3.61065988e-24  -3.62554072e-23  -3.89450412e-51
  6.56000000e-06   0.00000000e+00   0.00000000e+00   6.24667365e-12  -1.39724410e-24  -1.40300265e-23  -5.83259625e-52
  6.64000000e-06   0.00000000e+00   0.00000000e+00   8.18801244e-12  -1.83147908e-24  -1.83902727e-23  -1.00201515e-51
  6.72000000e-06   0.00000000e+00   0.00000000e+00   7.47623286e-12  -1.67226957e-24  -1.67916160e-23  -8.35405641e-52
  6.80000000e-06   0.00000000e+00   0.00000000e+00   6.77756906e-12  -1.51599378e-24  -1.52224174e-23  -6.86560631e-52
  6.88000000e-06   0.00000000e+00   0.00000000e+00   8.73947894e-12  -1.95483006e-24  -1.96288662e-23  -1.14148629e-51
  6.96000000e-06   0.00000000e+00   0.00000000e+00   9.93352083e-12  -2.22191108e-24  -2.23106838e-23  -1.47473412e-51
  7.04000000e-06   0.00000000e+00   0.00000000e+00   8.37941395e-12  -1.87429141e-24  -1.88201604e-23  -1.04944701e-51
  7.12000000e-06   0.00000000e+00   0.00000000e+00   8.37453036e-12  -1.87319906e-24  -1.88091919e-23  -1.04820271e-51
  7.20000000e-06   0.00000000e+00   0.00000000e+00   9.11595450e-12  -2.03903940e-24  -2.04744302e-23  -1.24222044e-51
  7.28000000e-06   0.00000000e+00   0.00000000e+00   2.84515703e-12  -6.36399325e-25  -6.39022156e-24  -1.21051852e-52
  7.36000000e-06   0.00000000e+00   0.00000000e+00   1.12700529e-11  -2.52086404e-24  -2.53125343e-23  -1.89808158e-51
  7.44000000e-06   0.00000000e+00   0.00000000e+00   4.82384382e-12  -1.07898823e-24  -1.08343513e-23  -3.47875616e-52
  7.52000000e-06   0.00000000e+00   0.00000000e+00   8.37760186e-12  -1.87388609e-24  -1.88160905e-23  -1.04885283e-51
  7.60000000e-06   0.00000000e+00   0.00000000e+00   8.55789024e-12  -1.91421265e-24  -1.92210181e-23  -1.09454074e-51
  7.68000000e-06   0.00000000e+00   0.00000000e+00   4.26623337e-12  -9.54262986e-25  -9.58195847e-24  -2.72042736e-52
  7.76000000e-06   0.00000000e+00   0.00000000e+00   9.33032698e-12  -2.08698984e-24  -2.09559107e-23  -1.30116371e-51
  7.84000000e-06   0.00000000e+00   0.00000000e+00   1.79803225e-11  -4.02180441e-24  -4.03837971e-23  -4.83162979e-51
  7.92000000e-06   0.00000000e+00   0.00000000e+00   5.08566636e-12  -1.13755220e-24  -1.14224046e-23  -3.86606065e-52
  8.00000000e-06   0.00000000e+00   0.00000000e+00   9.85613946e-12  -2.20460258e-24  -2.21368853e-23  -1.45183461e-51
  8.08000000e-06   0.00000000e+00   0.00000000e+00   1.09249868e-11  -2.44368033e-24  -2.45375161e-23  -1.78379742e-51
  8.16000000e-06   0.00000000e+00   0.00000000e+00   9.88035023e-12  -2.21001799e-24  -2.21912627e-23  -1.45897804e-51
  8.24000000e-06   0.00000000e+00   0.00000000e+00   1.02831733e-11  -2.30012069e-24  -2.30960031e-23  -1.58050843e-51
  8.32000000e-06   0.00000000e+00   0.00000000e+00   8.12192814e-12  -1.81669748e-24  -1.82418474e-23  -9.85977188e-52
  8.40000000e-06   0.00000000e+00   0.00000000e+00   1.07283151e-11  -2.39968917e-24  -2.40957914e-23  -1.72017316e-51
  8.48000000e-06   0.00000000e+00   0.00000000e+00   1.17721819e-11  -2.63317931e-24  -2.64403158e-23  -2.07120931e-51
  8.56000000e-06   0.00000000e+00   0.00000000e+00   1.31296071e-11  -2.93680560e-24  -2.94890923e-23  -2.57634608e-51
  8.64000000e-06   0.00000000e+00   0.00000000e+00   1.54207919e-11  -3.44929349e-24  -3.46350925e-23  -3.55399583e-51
  8.72000000e-06   0.00000000e+00   0.00000000e+00   8.84561927e-12  -1.97857134e-24  -1.98672574e-23  -1.16955069e-51
  8.80000000e-06   0.00000000e+00   0.00000000e+00   1.20864051e-11  -2.70346418e-24  -2.71460611e-23  -2.18318690e-51
  8.88000000e-06   0.00000000e+00   0.00000000e+00   1.48174413e-11  -3.31433717e-24  -3.32799672e-23  -3.28137290e-51
  8.96000000e-06   0.00000000e+00   0.00000000e+00   1.17447944e-11  -2.62705335e-24  -2.63788037e-23  -2.06171347e-51
  9.04000000e-06   0.00000000e+00   0.00000000e+00   1.32202134e-11  -2.95707228e-24  -2.96925941e-23  -2.61212336e-51
  9.12000000e-06   0.00000000e+00   0.00000000e+00   1.28089831e-11  -2.86508906e-24  -2.87689710e-23  -2.45214634e-51
  9.20000000e-06   0.00000000e+00   0.00000000e+00   1.16538082e-11  -2.60670173e-24  -2.61744487e-23  -2.02985881e-51
  9.28000000e-06   0.00000000e+00   0.00000000e+00   1.24850219e-11  -2.79262602e-24  -2.80413542e-23  -2.32967875e-51
  9.36000000e-06   0.00000000e+00   0.00000000e+00   1.27458334e-11  -2.85096385e-24  -2.86271368e-23  -2.42802942e-51
  9.44000000e-06   0.00000000e+00   0.00000000e+00   1.51560843e-11  -3.39008420e-24  -3.40405593e-23  -3.43303843e-51
  9.52000000e-06   0.00000000e+00   0.00000000e+00   1.72568724e-11  -3.85998451e-24  -3.87589286e-23  -4.45072385e-51
  9.60000000e-06   0.00000000e+00   0.00000000e+00   1.10075760e-11  -2.46215374e-24  -2.47230114e-23  -1.81096798e-51
  9.68000000e-06   0.00000000e+00   0.00000000e+00   1.02275759e-11  -2.28768480e-24  -2.29711315e-23  -1.56341184e-51
  9.76000000e-06   0.00000000e+00   0.00000000e+00   1.12230257e-11  -2.51034513e-24  -2.52069113e-23  -1.88251392e-51
  9.84000000e-06   0.00000000e+00   0.00000000e+00   1.13690423e-11  -2.54300584e-24  -2.55348645e-23  -1.93181735e-51
  9.92000000e-06   0.00000000e+00   0.00000000e+00   1.64280718e-11  -3.67459997e-24  -3.68974427e-23  -4.03344426e-51
  1.00000000e-05   0.00000000e+00   0.00000000e+00   1.53043622e-11  -3.42325073e-24  -3.43735914e-23  -3.50062980e-51
  1.00800000e-05   0.00000000e+00   0.00000000e+00   1.05580718e-11  -2.36160949e-24  -2.37134250e-23  -1.66614373e-51
  1.01600000e-05   0.00000000e+00   0.00000000e+00   1.25776904e-11  -2.81335395e-24  -2.82494876e-23  -2.36445282e-51
  1.02400000e-05   0.00000000e+00   0.00000000e+00   1.15162246e-11  -2.57592731e-24  -2.58654359e-23  -1.98221132e-51
  1.03200000e-05   0.00000000e+00   0.00000000e+00   1.26471281e-11  -2.82888565e-24  -2.84054447e-23  -2.39068978e-51
  1.04000000e-05   0.00000000e+00   0.00000000e+00   1.03523781e-11  -2.31560032e-24  -2.32514371e-23  -1.60185797e-51
  1.04800000e-05   0.00000000e+00   0.00000000e+00   1.36890347e-11  -3.06193736e-24  -3.07455666e-23  -2.80079655e-51
  1.05600000e-05   0.00000000e+00   0.00000000e+00   1.16437690e-11  -2.60445620e-24  -2.61519006e-23  -2.02640349e-51
  1.06400000e-05   0.00000000e+00   0.00000000e+00   1.41344472e-11  -3.16156639e-24  -3.17459629e-23  -2.98579366e-51
  1.07200000e-05   0.00000000e+00   0.00000000e+00   1.64201855e-11  -3.67283600e-24  -3.68797302e-23  -4.02958848e-51
  1.08000000e-05   0.00000000e+00   0.00000000e+00   1.23754160e-11  -2.76810962e-24  -2.77951795e-23  -2.28864289e-51
  1.08800000e-05   0.00000000e+00   0.00000000e+00   1.93593287e-11  -4.33025798e-24  -4.34810446e-23  -5.60094244e-51
  1.09600000e-05   0.00000000e+00   0.00000000e+00   1.41326880e-11  -3.16117289e-24  -3.17420116e-23  -2.98518575e-51
  1.10400000e-05   0.00000000e+00   0.00000000e+00   1.38558558e-11  -3.09925160e-24  -3.11202467e-23  -2.86938334e-51
  1.11200000e-05   0.00000000e+00   0.00000000e+00   1.93474649e-11  -4.32760431e-24  -4.34543984e-23  -5.59435057e-51
  1.12000000e-05   0.00000000e+00   0.00000000e+00   8.15113256e-12  -1.82322990e-24  -1.83074405e-23  -9.93135211e-52
  1.12800000e-05   0.00000000e+00   0.00000000e+00   4.18877626e-12  -9.36937545e-25  -9.40798982e-24  -2.62299050e-52
  1.13600000e-05   0.00000000e+00   0.00000000e+00   1.25620651e-11  -2.80985894e-24  -2.82143933e-23  -2.35865586e-51
  1.14400000e-05   0.00000000e+00   0.00000000e+00   9.92296661e-12  -2.21955039e-24  -2.22869791e-23  -1.47174181e-51
  1.15200000e-05   0.00000000e+00   0.00000000e+00   1.56211880e-11  -3.49411776e-24  -3.50851820e-23  -3.64694175e-51
  1.16000000e-05   0.00000000e+00   0.00000000e+00   1.83523371e-11  -4.10501603e-24  -4.12193419e-23  -5.03368796e-51
  1.16800000e-05   0.00000000e+00   0.00000000e+00   1.68258564e-11  -3.76357572e-24  -3.77908668e-23  -4.23115469e-51
  1.17600000e-05   0.00000000e+00   0.00000000e+00   1.91728155e-11  -4.28853908e-24  -4.30621360e-23  -5.49386756e-51
  1.18400000e-05   0.00000000e+00   0.00000000e+00   1.66622942e-11  -3.72699045e-24  -3.74235063e-23  -4.14940215e-51
  1.19200000e-05   0.00000000e+00   0.00000000e+00   1.72396828e-11  -3.85613963e-24  -3.87203208e-23  -4.44195952e-51
  1.20000000e-05   0.00000000e+00   0.00000000e+00   1.58372412e-11  -3.54244415e-24  -3.55704374e-23  -3.74887235e-51
  1.20800000e-05   0.00000000e+00   0.00000000e+00   1.26426508e-11  -2.82788422e-24  -2.83953887e-23  -2.38903994e-51
  1.21600000e-05   0.00000000e+00   0.00000000e+00   1.48282768e-11  -3.31676091e-24  -3.33043039e-23  -3.28638919e-51
  1.22400000e-05   0.00000000e+00   0.00000000e+00   1.36602577e-11  -3.05550061e-24  -3.06809334e-23  -2.78896925e-51
  1.23200000e-05   0.00000000e+00   0.00000000e+00   1.28739452e-11  -2.87961971e-24  -2.89148758e-23  -2.47713477e-51
  1.24000000e-05   0.00000000e+00   0.00000000e+00   1.58108563e-11  -3.53654244e-24  -3.55111771e-23  -3.73615151e-51
  1.24800000e-05   0.00000000e+00   0.00000000e+00   1.66839533e-11  -3.73183511e-24  -3.74721524e-23  -4.16017824e-51
  1.25600000e-05   0.00000000e+00   0.00000000e+00   1.78551400e-11  -3.99380395e-24  -4.01026374e-23  -4.76494654e-51
  1.26400000e-05   0.00000000e+00   0.00000000e+00   1.59108968e-11  -3.55891931e-24  -3.57358679e-23  -3.78374862e-51
  1.27200000e-05   0.00000000e+00   0.00000000e+00   1.80740193e-11  -4.04276246e-24  -4.05942401e-23  -4.88240854e-51
  1.28000000e-05   0.00000000e+00   0.00000000e+00   1.72511372e-11  -3.85870175e-24  -3.87460473e-23  -4.44795442e-51
  1.28800000e-05   0.00000000e+00   0.00000000e+00   1.59853031e-11  -3.57556238e-24  -3.59029845e-23  -3.81900677e-51
  1.29600000e-05   0.00000000e+00   0.00000000e+00   1.76069515e-11  -3.93828963e-24  -3.95452061e-23  -4.63316777e-51
  1.30400000e-05   0.00000000e+00   0.00000000e+00   1.53062832e-11  -3.42368049e-24  -3.43779059e-23  -3.50162025e-51
  1.31200000e-05   0.00000000e+00   0.00000000e+00   1.39151418e-11  -3.11251262e-24  -3.12534030e-23  -2.89404859e-51
  1.32000000e-05   0.00000000e+00   0.00000000e+00   1.55288959e-11  -3.47347410e-24  -3.48778941e-23  -3.60431706e-51
  1.32800000e-05   0.00000000e+00   0.00000000e+00   1.63325582e-11  -3.65323575e-24  -3.66829192e-23  -3.98679665e-51
  1.33600000e-05   0.00000000e+00   0.00000000e+00   1.80298552e-11  -4.03288395e-24  -4.04950477e-23  -4.85844134e-51
  1.34400000e-05   0.00000000e+00   0.00000000e+00   1.46294379e-11  -3.27228502e-24  -3.28577116e-23  -3.19882491e-51
  1.35200000e-05   0.00000000e+00   0.00000000e+00   1.25407795e-11  -2.80509786e-24  -2.81665858e-23  -2.35064387e-51
  1.36000000e-05   0.00000000e+00   0.00000000e+00   1.95098087e-11  -4.36391714e-24  -4.38190225e-23  -5.68888410e-51
  1.36800000e-05   0.00000000e+00   0.00000000e+00   1.92626642e-11  -4.30863633e-24  -4.32639361e-23  -5.54566702e-51
  1.37600000e-05   0.00000000e+00   0.00000000e+00   2.01958334e-11  -4.51736586e-24  -4.53598337e-23  -6.09582014e-51
  1.38400000e-05   0.00000000e+00   0.00000000e+00   2.22612277e-11  -4.97934936e-24  -4.99987085e-23  -7.40641154e-51
  1.39200000e-05   0.00000000e+00   0.00000000e+00   2.12511227e-11  -4.75341098e-24  -4.77300131e-23  -6.74936438e-51
  1.40000000e-05   0.00000000e+00   0.00000000e+00   2.52776447e-11  -5.65405584e-24  -5.67735800e-23  -9.54938948e-51
  1.40800000e-05   0.00000000e+00   0.00000000e+00   1.99563782e-11  -4.46380499e-24  -4.48220175e-23  -5.95241366e-51
  1.41600000e-05   0.00000000e+00   0.00000000e+00   2.07426842e-11  -4.63968444e-24  -4.65880605e-23  -6.43059843e-51
  1.42400000e-05   0.00000000e+00   0.00000000e+00   1.78207396e-11  -3.98610939e-24  -4.00253741e-23  -4.74664604e-51
  1.43200000e-05   0.00000000e+00   0.00000000e+00   2.00498627e-11  -4.48471544e-24  -4.50319837e-23  -6.00798947e-51
  1.44000000e-05   0.00000000e+00   0.00000000e+00   1.95498517e-11  -4.37287392e-24  -4.39089591e-23  -5.71214836e-51
  1.44800000e-05   0.00000000e+00   0.00000000e+00   1.97854018e-11  -4.42556134e-24  -4.44380047e-23  -5.85053887e-51
  1.45600000e-05   0.00000000e+00   0.00000000e+00   1.93702514e-11  -4.33270127e-24  -4.35055769e-23  -5.60798500e-51
  1.46400000e-05   0.00000000e+00   0.00000000e+00   2.64854411e-11  -5.92421348e-24  -5.94862902e-23  -1.04841267e-50
  1.47200000e-05   0.00000000e+00   0.00000000e+00   2.69372829e-11  -6.02528061e-24  -6.05011267e-23  -1.08448973e-50
  1.48000000e-05   0.00000000e+00   0.00000000e+00   1.78694249e-11  -3.99699925e-24  -4.01347212e-23  -4.77239293e-51
  1.48800000e-05   0.00000000e+00   0.00000000e+00   1.86345886e-11  -4.16814962e-24  -4.18532786e-23  -5.18985054e-51
  1.49600000e-05   0.00000000e+00   0.00000000e+00   1.69973597e-11  -3.80193736e-24  -3.81760632e-23  -4.31827194e-51
  1.50400000e-05   0.00000000e+00   0.00000000e+00   1.27130512e-11  -2.84363132e-24  -2.85535080e-23  -2.41577161e-51
  1.51200000e-05   0.00000000e+00   0.00000000e+00   1.98141236e-11  -4.43198579e-24  -4.45025137e-23  -5.86811355e-51
  1.52000000e-05   0.00000000e+00   0.00000000e+00   2.55386054e-11  -5.71242710e-24  -5.73596977e-23  -9.74750842e-51
  1.52800000e-05   0.00000000e+00   0.00000000e+00   1.87991497e-11  -4.20495835e-24  -4.22228827e-23  -5.28226668e-51
  1.53600000e-05   0.00000000e+00   0.00000000e+00   2.31442389e-11  -5.17685972e-24  -5.19819515e-23  -8.00552877e-51
  1.54400000e-05   0.00000000e+00   0.00000000e+00   1.99015803e-11  -4.45154795e-24  -4.46989414e-23  -5.91978961e-51
  1.55200000e-05   0.00000000e+00   0.00000000e+00   2.12440475e-11  -4.75182850e-24  -4.77141223e-23  -6.74494098e-51
  1.56000000e-05   0.00000000e+00   0.00000000e+00   2.26605124e-11  -5.06866068e-24  -5.08955018e-23  -7.67476780e-51
  1.56800000e-05   0.00000000e+00   0.00000000e+00   2.27311779e-11  -5.08446702e-24  -5.10542165e-23  -7.72241770e-51
  1.57600000e-05   0.00000000e+00   0.00000000e+00   2.11791918e-11  -4.73732170e-24  -4.75684564e-23  -6.70443563e-51
  1.58400000e-05   0.00000000e+00   0.00000000e+00   2.64356424e-11  -5.91307467e-24  -5.93744423e-23  -1.04443469e-50
  1.59200000e-05   0.00000000e+00   0.00000000e+00   3.08519697e-11  -6.90091045e-24  -6.92935117e-23  -1.42255787e-50
  1.60000000e-05   0.00000000e+00   0.00000000e+00   2.32430272e-11  -5.19895653e-24  -5.22038299e-23  -8.07371512e-51
  1.60800000e-05   0.00000000e+00   0.00000000e+00   3.00187732e-11  -6.71454263e-24  -6.74221527e-23  -1.34673164e-50
  1.61600000e-05   0.00000000e+00   0.00000000e+00   2.26799820e-11  -5.07301565e-24  -5.09392306e-23  -7.68771727e-51
  1.62400000e-05   0.00000000e+00   0.00000000e+00   2.12176084e-11  -4.74591467e-24  -4.76547400e-23  -6.72838614e-51
  1.63200000e-05   0.00000000e+00   0.00000000e+00   2.13529257e-11  -4.77618220e-24  -4.79586626e-23  -6.81447518e-51
  1.64000000e-05   0.00000000e+00   0.00000000e+00   2.94969552e-11  -6.59782338e-24  -6.62501496e-23  -1.30035853e-50
  1.64800000e-05  -1.32903996e-13   2.32646502e-13   2.22275199e-11  -5.57561876e-24  -5.02679389e-23   4.92796236e-25
  1.65600000e-05   2.84142546e-14  -4.97387224e-14   2.62107544e-11  -5.73368068e-24  -5.87955977e-23  -1.05357504e-25
  1.66400000e-05   3.68713736e-12   3.61262964e-12   2.01892948e-11  -1.38920950e-23  -3.57755796e-23   8.93869667e-24
  1.67200000e-05  -6.28357950e-13  -6.69402713e-13   1.55323168e-11  -1.73687665e-24  -3.65164128e-23  -1.64402815e-24
  1.68000000e-05  -4.86228864e-12  -5.09820917e-12   3.09835016e-11   6.30152216e-24  -8.22084795e-23  -1.25381633e-23
  1.68800000e-05  -8.04922388e-13  -1.14068858e-12   1.83352853e-11  -1.14066758e-24  -4.32701329e-23  -2.74202963e-24
  1.69600000e-05   4.94752751e-12   2.03575605e-12   2.07495027e-11  -9.92479556e-24  -3.37625994e-23   5.67896093e-24
  1.70400000e-05  -4.23993805e-12  -3.12201808e-12   2.55351489e-11   2.39120804e-24  -6.83562373e-23  -7.96043273e-24
  1.71200000e-05  -2.29860598e-12  -1.70816571e-12   2.41046572e-11  -9.58324012e-25  -6.01048349e-23  -4.35068736e-24
  1.72000000e-05   1.85134410e-13   1.90573876e-13   2.08186479e-11  -5.15128999e-24  -4.62781785e-23   4.69439366e-25
  1.72800000e-05   0.00000000e+00   0.00000000e+00   2.57883812e-11  -5.76829658e-24  -5.79206939e-23  -9.93922895e-51
  1.73600000e-05   0.00000000e+00   0.00000000e+00   2.10448556e-11  -4.70727371e-24  -4.72667373e-23  -6.61966054e-51
  1.74400000e-05   0.00000000e+00   0.00000000e+00   2.90044974e-11  -6.48767142e-24  -6.51440896e-23  -1.25728146e-50
  1.75200000e-05   0.00000000e+00   0.00000000e+00   2.28942931e-11  -5.12095242e-24  -5.14205732e-23  -7.83423185e-51
  1.76000000e-05   0.00000000e+00   0.00000000e+00   2.72271815e-11  -6.09012475e-24  -6.11522388e-23  -1.10789917e-50
  1.76800000e-05   0.00000000e+00   0.00000000e+00   2.49643612e-11  -5.58398137e-24  -5.60699453e-23  -9.31470900e-51
  1.77600000e-05   0.00000000e+00   0.00000000e+00   2.14650234e-11  -4.80125607e-24  -4.82104340e-23  -6.88647056e-51
  1.78400000e-05   0.00000000e+00   0.00000000e+00   2.18623826e-11  -4.89013664e-24  -4.91029027e-23  -7.14347599e-51
  1.79200000e-05   0.00000000e+00   0.00000000e+00   2.46588736e-11  -5.51565049e-24  -5.53838203e-23  -9.08768752e-51
  1.80000000e-05   0.00000000e+00   0.00000000e+00   2.76903098e-11  -6.19371644e-24  -6.21924247e-23  -1.14595525e-50
  1.80800000e-05   0.00000000e+00   0.00000000e+00   2.46194782e-11  -5.50683861e-24  -5.52953382e-23  -9.05899788e-51
  1.81600000e-05   0.00000000e+00   0.00000000e+00   2.99478404e-11  -6.69867665e-24  -6.72628375e-23  -1.34040851e-50
  1.82400000e-05   0.00000000e+00   0.00000000e+00   2.54883921e-11  -5.70119566e-24  -5.72469186e-23  -9.70966142e-51
  1.83200000e-05   0.00000000e+00   0.00000000e+00   2.65161913e-11  -5.93109185e-24  -5.95553551e-23  -1.05090951e-50
  1.84000000e-05   0.00000000e+00   0.00000000e+00   2.08153839e-11  -4.65594597e-24  -4.67513440e-23  -6.47617054e-51
  1.84800000e-05   0.00000000e+00   0.00000000e+00   2.59263105e-11  -5.79914842e-24  -5.82304830e-23  -1.00460685e-50
  1.85600000e-05   0.00000000e+00   0.00000000e+00   2.55737756e-11  -5.72029409e-24  -5.74386898e-23  -9.77470673e-51
  1.86400000e-05   0.00000000e+00   0.00000000e+00   2.14338736e-11  -4.79428858e-24  -4.81404715e-23  -6.86631635e-51
  1.87200000e-05   0.00000000e+00   0.00000000e+00   2.57531634e-11  -5.76041922e-24  -5.78415947e-23  -9.91239512e-51
  1.88000000e-05   0.00000000e+00   0.00000000e+00   3.03595708e-11  -6.79077180e-24  -6.81875840e-23  -1.37754893e-50
  1.88800000e-05   0.00000000e+00   0.00000000e+00   2.26810753e-11  -5.07326035e-24  -5.09416862e-23  -7.68900510e-51
  1.89600000e-05   0.00000000e+00   0.00000000e+00   2.94956886e-11  -6.59754026e-24  -6.62473049e-23  -1.30024204e-50
  1.90400000e-05   0.00000000e+00   0.00000000e+00   2.69956768e-11  -6.03834231e-24  -6.06322793e-23  -1.08916926e-50
  1.91200000e-05   0.00000000e+00   0.00000000e+00   2.37917674e-11  -5.32169788e-24  -5.34363002e-23  -8.46011615e-51
  1.92000000e-05   0.00000000e+00   0.00000000e+00   2.67544178e-11  -5.98437795e-24  -6.00904116e-23  -1.06986279e-50
  1.92800000e-05   0.00000000e+00   0.00000000e+00   2.24711021e-11  -5.02629395e-24  -5.04700864e-23  -7.54725690e-51
  1.93600000e-05   0.00000000e+00   0.00000000e+00   2.44493825e-11  -5.46879200e-24  -5.49133034e-23  -8.93422461e-51
  1.94400000e-05   0.00000000e+00   0.00000000e+00   2.41373158e-11  -5.39898951e-24  -5.42124017e-23  -8.70761141e-51
  1.95200000e-05   0.00000000e+00   0.00000000e+00   2.82766119e-11  -6.32485951e-24  -6.35092591e-23  -1.19501188e-50
  1.96000000e-05   0.00000000e+00   0.00000000e+00   2.88520413e-11  -6.45357048e-24  -6.48016733e-23  -1.24414391e-50
  1.96800000e-05   0.00000000e+00   0.00000000e+00   3.00754107e-11  -6.72721145e-24  -6.75493604e-23  -1.35188677e-50
  1.97600000e-05   0.00000000e+00   0.00000000e+00   1.89218023e-11  -4.23239325e-24  -4.24983604e-23  -5.35128508e-51
  1.98400000e-05   0.00000000e+00   0.00000000e+00   3.37284778e-11  -7.54432267e-24  -7.57541477e-23  -1.70021738e-50
  1.99200000e-05   0.00000000e+00   0.00000000e+00   1.99293012e-11  -4.45774872e-24  -4.47612025e-23  -5.93647012e-51
  2.00000000e-05   0.00000000e+00   0.00000000e+00   4.03829737e-11  -9.03278786e-24  -9.07001429e-23  -2.43721167e-50
  2.00800000e-05   0.00000000e+00   0.00000000e+00   2.31292589e-11  -5.17350928e-24  -5.19483063e-23  -7.99579891e-51
  2.01600000e-05   0.00000000e+00   0.00000000e+00   2.18993399e-11  -4.89840330e-24  -4.91859087e-23  -7.16777578e-51
  2.02400000e-05   0.00000000e+00   0.00000000e+00   2.35759434e-11  -5.27342284e-24  -5.29515595e-23  -8.30691923e-51
  2.03200000e-05   0.00000000e+00   0.00000000e+00   2.74549819e-11  -6.14107890e-24  -6.16638784e-23  -1.12654015e-50
  2.04000000e-05   0.00000000e+00   0.00000000e+00   2.81571193e-11  -6.29813169e-24  -6.32408787e-23  -1.18492188e-50
  2.04800000e-05   0.00000000e+00   0.00000000e+00   2.98205571e-11  -6.67020633e-24  -6.69769592e-23  -1.32906168e-50
  2.05600000e-05   0.00000000e+00   0.00000000e+00   2.20923961e-11  -4.94158577e-24  -4.96195127e-23  -7.29498853e-51
  2.06400000e-05   0.00000000e+00   0.00000000e+00   1.81688897e-11  -4.06398322e-24  -4.08073191e-23  -4.93400874e-51
  2.07200000e-05   0.00000000e+00   0.00000000e+00   2.58709416e-11  -5.78676376e-24  -5.81061245e-23  -1.00033238e-50
  2.08000000e-05   0.00000000e+00   0.00000000e+00   2.58320688e-11  -5.77806878e-24  -5.80188163e-23  -9.97328507e-51
  2.08800000e-05   0.00000000e+00   0.00000000e+00   3.03011712e-11  -6.77770923e-24  -6.80564183e-23  -1.37223062e-50
  2.09600000e-05   0.00000000e+00   0.00000000e+00   2.68973629e-11  -6.01635177e-24  -6.04114662e-23  -1.08130962e-50
  2.10400000e-05   0.00000000e+00   0.00000000e+00   2.63404038e-11  -5.89177222e-24  -5.91605365e-23  -1.03697222e-50
  2.11200000e-05   0.00000000e+00   0.00000000e+00   2.69621826e-11  -6.03085052e-24  -6.05570512e-23  -1.08648080e-50
  2.12000000e-05   0.00000000e+00   0.00000000e+00   2.79546040e-11  -6.25283349e-24  -6.27860293e-23  -1.16793417e-50
  2.12800000e-05   0.00000000e+00   0.00000000e+00   3.01542848e-11  -6.74485398e-24  -6.77265115e-23  -1.35902149e-50
  2.13600000e-05   0.00000000e+00   0.00000000e+00   2.77744055e-11  -6.21252705e-24  -6.23813037e-23  -1.15297141e-50
  2.14400000e-05   0.00000000e+00   0.00000000e+00   2.66071176e-11  -5.95143029e-24  -5.97595755e-23  -1.05807342e-50
  2.15200000e-05   0.00000000e+00   0.00000000e+00   2.64951368e-11  -5.92638264e-24  -5.95080667e-23  -1.04918599e-50
  2.16000000e-05   0.00000000e+00   0.00000000e+00   2.78794034e-11  -6.23601281e-24  -6.26171290e-23  -1.16169003e-50
  2.16800000e-05   0.00000000e+00   0.00000000e+00   2.69503630e-11  -6.02820680e-24  -6.05305046e-23  -1.08555710e-50
  2.17600000e-05   0.00000000e+00   0.00000000e+00   2.86747398e-11  -6.41391217e-24  -6.44034541e-23  -1.22890151e-50
  2.18400000e-05   0.00000000e+00   0.00000000e+00   2.90931358e-11  -6.50749821e-24  -6.53431713e-23  -1.26502526e-50
  2.19200000e-05   0.00000000e+00   0.00000000e+00   2.63861880e-11  -5.90201320e-24  -5.92633677e-23  -1.04052316e-50
  2.20000000e-05   0.00000000e+00   0.00000000e+00   3.15486897e-11  -7.05675194e-24  -7.08583445e-23  -1.48752604e-50
  2.20800000e-05   0.00000000e+00   0.00000000e+00   2.91724668e-11  -6.52524285e-24  -6.55213488e-23  -1.27193285e-50
  2.21600000e-05   0.00000000e+00   0.00000000e+00   3.37174120e-11  -7.54184770e-24  -7.57292938e-23  -1.69910173e-50
  2.22400000e-05   0.00000000e+00   0.00000000e+00   2.22934207e-11  -4.98655069e-24  -5.00710141e-23  -7.42849994e-51
  2.23200000e-05   0.00000000e+00   0.00000000e+00   2.58067026e-11  -5.77239501e-24  -5.79618436e-23  -9.95401478e-51
  2.24000000e-05   0.00000000e+00   0.00000000e+00   2.25840317e-11  -5.05155401e-24  -5.07237261e-23  -7.62321435e-51
  2.24800000e-05   0.00000000e+00   0.00000000e+00   2.70644032e-11  -6.05371515e-24  -6.07866388e-23  -1.09469487e-50
  2.25600000e-05   0.00000000e+00   0.00000000e+00   3.29268686e-11  -7.36502047e-24  -7.39537338e-23  -1.62032160e-50
  2.26400000e-05   0.00000000e+00   0.00000000e+00   2.90480513e-11  -6.49741386e-24  -6.52419116e-23  -1.26111862e-50
  2.27200000e-05   0.00000000e+00   0.00000000e+00   2.84487143e-11  -6.36335529e-24  -6.38958010e-23  -1.20961529e-50
  2.28000000e-05   0.00000000e+00   0.00000000e+00   2.73100737e-11  -6.10866629e-24  -6.13384146e-23  -1.11472350e-50
  2.28800000e-05   0.00000000e+00   0.00000000e+00   2.68773350e-11  -6.01187211e-24  -6.03664837e-23  -1.07967699e-50
  2.29600000e-05   0.00000000e+00   0.00000000e+00   2.68735112e-11  -6.01101681e-24  -6.03578953e-23  -1.07939471e-50
  2.30400000e-05   0.00000000e+00   0.00000000e+00   2.39608408e-11  -5.35951615e-24  -5.38160389e-23  -8.58098212e-51
  2.31200000e-05   0.00000000e+00   0.00000000e+00   3.56493408e-11  -7.97397801e-24  -8.00684051e-23  -1.89939534e-50
  2.32000000e-05   0.00000000e+00   0.00000000e+00   2.46930123e-11  -5.52328692e-24  -5.54604958e-23  -9.11352502e-51
  2.32800000e-05   0.00000000e+00   0.00000000e+00   2.04734680e-11  -4.57946712e-24  -4.59834009e-23  -6.26505511e-51
  2.33600000e-05   0.00000000e+00   0.00000000e+00   3.03035406e-11  -6.77823942e-24  -6.80617400e-23  -1.37245475e-50
  2.34400000e-05   0.00000000e+00   0.00000000e+00   3.26486719e-11  -7.30279403e-24  -7.33289041e-23  -1.59309961e-50
  2.35200000e-05   0.00000000e+00   0.00000000e+00   2.95885311e-11  -6.61830744e-24  -6.64558289e-23  -1.30845996e-50
  2.36000000e-05   0.00000000e+00   0.00000000e+00   3.12404899e-11  -6.98781452e-24  -7.01661278e-23  -1.45864504e-50
  2.36800000e-05   0.00000000e+00   0.00000000e+00   2.60595477e-11  -5.82895104e-24  -5.85297337e-23  -1.01501748e-50
  2.37600000e-05   0.00000000e+00   0.00000000e+00   2.12388645e-11  -4.75066961e-24  -4.77024812e-23  -6.74228214e-51
  2.38400000e-05   0.00000000e+00   0.00000000e+00   2.74279800e-11  -6.13503943e-24  -6.16032321e-23  -1.12440600e-50
  2.39200000e-05   0.00000000e+00   0.00000000e+00   2.34323192e-11  -5.24129749e-24  -5.26289796e-23  -8.20670373e-51
  2.40000000e-05   0.00000000e+00   0.00000000e+00   2.62217054e-11  -5.86522219e-24  -5.88939398e-23  -1.02764101e-50
  2.40800000e-05   0.00000000e+00   0.00000000e+00   2.62534245e-11  -5.87231707e-24  -5.89651810e-23  -1.03012869e-50
  2.41600000e-05   0.00000000e+00   0.00000000e+00   2.70318841e-11  -6.04644146e-24  -6.07136009e-23  -1.09208768e-50
  2.42400000e-05   0.00000000e+00   0.00000000e+00   2.73142465e-11  -6.10959977e-24  -6.13477868e-23  -1.11507972e-50
  2.43200000e-05   0.00000000e+00   0.00000000e+00   2.83916532e-11  -6.35059210e-24  -6.37676418e-23  -1.20472825e-50
  2.44000000e-05   0.00000000e+00   0.00000000e+00   2.55534581e-11  -5.71574991e-24  -5.73930567e-23  -9.75973202e-51
  2.44800000e-05   0.00000000e+00   0.00000000e+00   2.11192216e-11  -4.72390816e-24  -4.74337633e-23  -6.66650643e-51
  2.45600000e-05   0.00000000e+00   0.00000000e+00   2.65285420e-11  -5.93385486e-24  -5.95830946e-23  -1.05187635e-50
  2.46400000e-05   0.00000000e+00   0.00000000e+00   2.20724733e-11  -4.93712972e-24  -4.95747661e-23  -7.28188152e-51
  2.47200000e-05   0.00000000e+00   0.00000000e+00   2.77169257e-11  -6.19967032e-24  -6.22522039e-23  -1.14820720e-50
  2.48000000e-05   0.00000000e+00   0.00000000e+00   2.50463796e-11  -5.60232757e-24  -5.62541586e-23  -9.37607743e-51
  2.48800000e-05   0.00000000e+00   0.00000000e+00   2.00928538e-11  -4.49433212e-24  -4.51285415e-23  -6.03449176e-51
  2.49600000e-05   0.00000000e+00   0.00000000e+00   1.31045238e-11  -2.93119548e-24  -2.94327551e-23  -2.56696574e-51
  2.50400000e-05   0.00000000e+00   0.00000000e+00   2.44814468e-11  -5.47596446e-24  -5.49853198e-23  -8.95735406e-51
  2.51200000e-05   0.00000000e+00   0.00000000e+00   2.76631234e-11  -6.18763596e-24  -6.21313641e-23  -1.14369344e-50
  2.52000000e-05   0.00000000e+00   0.00000000e+00   2.87641235e-11  -6.43390562e-24  -6.46042099e-23  -1.23652296e-50
  2.52800000e-05   0.00000000e+00   0.00000000e+00   2.33704569e-11  -5.22746031e-24  -5.24900368e-23  -8.16340582e-51
  2.53600000e-05   0.00000000e+00   0.00000000e+00   2.73439540e-11  -6.11624477e-24  -6.14145098e-23  -1.11745741e-50
  2.54400000e-05   0.00000000e+00   0.00000000e+00   2.50600381e-11  -5.60538271e-24  -5.62848356e-23  -9.38633501e-51
  2.55200000e-05   0.00000000e+00   0.00000000e+00   2.47781406e-11  -5.54232839e-24  -5.56516938e-23  -9.17622967e-51
  2.56000000e-05   0.00000000e+00   0.00000000e+00   1.81850964e-11  -4.06760855e-24  -4.08437193e-23  -4.94288585e-51
  2.56800000e-05   0.00000000e+00   0.00000000e+00   2.44878828e-11  -5.47740408e-24  -5.49997749e-23  -8.96178639e-51
  2.57600000e-05   0.00000000e+00   0.00000000e+00   2.31109758e-11  -5.16942009e-24  -5.19072424e-23  -7.98284007e-51
  2.58400000e-05   0.00000000e+00   0.00000000e+00   2.28615597e-11  -5.11363117e-24  -5.13470540e-23  -7.81146675e-51
  2.59200000e-05   0.00000000e+00   0.00000000e+00   2.80080761e-11  -6.26479440e-24  -6.29061278e-23  -1.17239020e-50
  2.60000000e-05   0.00000000e+00   0.00000000e+00   3.16374269e-11  -7.07660084e-24  -7.10576481e-23  -1.49592405e-50
  2.60800000e-05   0.00000000e+00   0.00000000e+00   2.12252881e-11  -4.74763299e-24  -4.76719886e-23  -6.73341150e-51
  2.61600000e-05   0.00000000e+00   0.00000000e+00   1.96069427e-11  -4.38564451e-24  -4.40371856e-23  -5.74577233e-51
  2.62400000e-05   0.00000000e+00   0.00000000e+00   1.24022209e-11  -2.77410572e-24  -2.78553832e-23  -2.29934914e-51
  2.63200000e-05   0.00000000e+00   0.00000000e+00   1.73300600e-11  -3.87635561e-24  -3.89233077e-23  -4.48824182e-51
  2.64000000e-05   0.00000000e+00   0.00000000e+00   1.46704459e-11  -3.28145807e-24  -3.29498156e-23  -3.21690106e-51
  2.64800000e-05   0.00000000e+00   0.00000000e+00   1.76024929e-11  -3.93729290e-24  -3.95351920e-23  -4.63063176e-51
  2.65600000e-05   0.00000000e+00   0.00000000e+00   1.58239762e-11  -3.53947760e-24  -3.55406443e-23  -3.74253972e-51
  2.66400000e-05   0.00000000e+00   0.00000000e+00   1.87832399e-11  -4.20140019e-24  -4.21871492e-23  -5.27270688e-51
  2.67200000e-05   0.00000000e+00   0.00000000e+00   1.67130818e-11  -3.73835109e-24  -3.75375750e-23  -4.17502843e-51
  2.68000000e-05   0.00000000e+00   0.00000000e+00   2.41731962e-11  -5.40701563e-24  -5.42929891e-23  -8.73303188e-51
  2.68800000e-05   0.00000000e+00   0.00000000e+00   1.37341784e-11  -3.07203551e-24  -3.08469592e-23  -2.81945352e-51
  2.69600000e-05   0.00000000e+00   0.00000000e+00   1.78770006e-11  -3.99869430e-24  -4.01517362e-23  -4.77634874e-51
  2.70400000e-05   0.00000000e+00   0.00000000e+00   2.00129737e-11  -4.47646479e-24  -4.49491309e-23  -5.98592612e-51
  2.71200000e-05   0.00000000e+00   0.00000000e+00   1.41468617e-11  -3.16434375e-24  -3.17738456e-23  -2.99143433e-51
  2.72000000e-05   0.00000000e+00   0.00000000e+00   2.04747592e-11  -4.57975612e-24  -4.59863009e-23  -6.26536837e-51
  2.72800000e-05   0.00000000e+00   0.00000000e+00   1.70964075e-11  -3.82409268e-24  -3.83985243e-23  -4.36834452e-51
  2.73600000e-05   0.00000000e+00   0.00000000e+00   2.03339879e-11  -4.54826867e-24  -4.56701288e-23  -6.17939776e-51
  2.74400000e-05   0.00000000e+00   0.00000000e+00   2.11227867e-11  -4.72470572e-24  -4.74417705e-23  -6.66850838e-51
  2.75200000e-05   0.00000000e+00   0.00000000e+00   1.06531191e-11  -2.38286990e-24  -2.39269012e-23  -1.69642954e-51
  2.76000000e-05   0.00000000e+00   0.00000000e+00   1.72718266e-11  -3.86333012e-24  -3.87925156e-23  -4.45814797e-51
  2.76800000e-05   0.00000000e+00   0.00000000e+00   1.35900910e-11  -3.03980633e-24  -3.05233390e-23  -2.76049833e-51
  2.77600000e-05   0.00000000e+00   0.00000000e+00   2.18138035e-11  -4.87927109e-24  -4.89937940e-23  -7.11128564e-51
  2.78400000e-05   0.00000000e+00   0.00000000e+00   1.49608315e-11  -3.34641102e-24  -3.36020215e-23  -3.34554800e-51
  2.79200000e-05   0.00000000e+00   0.00000000e+00   2.14550176e-11  -4.79901853e-24  -4.81879610e-23  -6.87910443e-51
  2.80000000e-05   0.00000000e+00   0.00000000e+00   1.47193879e-11  -3.29240538e-24  -3.30597393e-23  -3.23854890e-51
  2.80800000e-05   0.00000000e+00   0.00000000e+00   2.32819330e-11  -5.20765957e-24  -5.22912122e-23  -8.10109835e-51
  2.81600000e-05   0.00000000e+00   0.00000000e+00   1.30343319e-11  -2.91549518e-24  -2.92751042e-23  -2.53973684e-51
  2.82400000e-05   0.00000000e+00   0.00000000e+00   1.23215166e-11  -2.75605397e-24  -2.76741213e-23  -2.26893389e-51
  2.83200000e-05   0.00000000e+00   0.00000000e+00   1.44443560e-11  -3.23088675e-24  -3.24420177e-23  -3.11814910e-51
  2.84000000e-05   0.00000000e+00   0.00000000e+00   3.43289254e-12  -7.67863036e-25  -7.71027528e-24  -1.76191649e-52
  2.84800000e-05   0.00000000e+00   0.00000000e+00   2.43981751e-11  -5.45733854e-24  -5.47982914e-23  -8.89582052e-51
  2.85600000e-05   0.00000000e+00   0.00000000e+00   8.54608252e-12  -1.91157189e-24  -1.91944979e-23  -1.09171254e-51
  2.86400000e-05   0.00000000e+00   0.00000000e+00   1.47750822e-11  -3.30486297e-24  -3.31848286e-23  -3.26289720e-51
  2.87200000e-05   0.00000000e+00   0.00000000e+00   9.19514763e-14  -2.05675357e-26  -2.06522979e-25  -1.30051361e-55
  2.88000000e-05   0.00000000e+00   0.00000000e+00   1.52971452e-12  -3.42163707e-25  -3.43573820e-24  -3.49864638e-53
  2.88800000e-05   0.00000000e+00   0.00000000e+00   1.69097055e-11  -3.78233157e-24  -3.79791917e-23  -4.27319444e-51
  2.89600000e-05   0.00000000e+00   0.00000000e+00   4.82116789e-12  -1.07838989e-24  -1.08283411e-23  -3.47571596e-52
  2.90400000e-05   0.00000000e+00   0.00000000e+00   1.43022902e-11  -3.19910976e-24  -3.21229381e-23  -3.05690549e-51
  2.91200000e-05   0.00000000e+00   0.00000000e+00   1.21842357e-11  -2.72534726e-24  -2.73657885e-23  -2.21859268e-51
  2.92000000e-05   0.00000000e+00   0.00000000e+00   1.15195988e-11  -2.57668250e-24  -2.58730142e-23  -1.98318863e-51
  2.92800000e-05   0.00000000e+00   0.00000000e+00   1.26682445e-11  -2.83360945e-24  -2.84528721e-23  -2.39896409e-51
  2.93600000e-05   0.00000000e+00   0.00000000e+00   4.36249484e-12  -9.75794759e-25  -9.79816167e-24  -2.84574665e-52
  2.94400000e-05   0.00000000e+00   0.00000000e+00   1.51022603e-11  -3.37804559e-24  -3.39196706e-23  -3.40859585e-51
  2.95200000e-05   0.00000000e+00   0.00000000e+00  -1.05552566e-12   2.36098024e-25   2.37071022e-24  -1.66095569e-53
  2.96000000e-05   0.00000000e+00   0.00000000e+00   6.98072213e-12  -1.56143498e-24  -1.56786991e-23  -7.28190650e-52
  2.96800000e-05   0.00000000e+00   0.00000000e+00   1.05905541e-13  -2.36887551e-26  -2.37863803e-25  -1.69380474e-55
  2.97600000e-05   0.00000000e+00   0.00000000e+00   1.24332747e-11  -2.78105184e-24  -2.79251300e-23  -2.30999641e-51
  2.98400000e-05   0.00000000e+00   0.00000000e+00   1.47423002e-12  -3.29753039e-25  -3.31112004e-24  -3.25318814e-53
  2.99200000e-05   0.00000000e+00   0.00000000e+00   7.39125614e-12  -1.65326247e-24  -1.66007583e-23  -8.16393997e-52
  3.00000000e-05   0.00000000e+00   0.00000000e+00   4.04759936e-12  -9.05359523e-25  -9.09090655e-24  -2.44892649e-52
  3.00800000e-05   0.00000000e+00   0.00000000e+00  -4.61617327e-12   1.03253708e-24   1.03679233e-23  -3.18427193e-52
  3.01600000e-05   0.00000000e+00   0.00000000e+00   6.86815574e-12  -1.53625635e-24  -1.54258750e-23  -7.04973708e-52
  3.02400000e-05   0.00000000e+00   0.00000000e+00   9.56591862e-12  -2.13968695e-24  -2.14850494e-23  -1.36751952e-51
  3.03200000e-05   0.00000000e+00   0.00000000e+00  -3.56507504e-14   7.97429378e-27   8.00715712e-26  -1.90521740e-56
  3.04000000e-05   0.00000000e+00   0.00000000e+00   3.87419213e-13  -8.66572114e-26  -8.70143396e-25  -2.24265995e-54
  3.04800000e-05   0.00000000e+00   0.00000000e+00   1.18532214e-12  -2.65130658e-25  -2.66223304e-24  -2.09955595e-53
  3.05600000e-05   0.00000000e+00   0.00000000e+00   1.89521208e-12  -4.23917525e-25  -4.25664557e-24  -5.36777932e-53
  3.06400000e-05   0.00000000e+00   0.00000000e+00   3.41427480e-12  -7.63698659e-25  -7.66845983e-24  -1.74232608e-52
  3.07200000e-05   0.00000000e+00   0.00000000e+00   4.91380215e-12  -1.09911016e-24  -1.10363977e-23  -3.60813451e-52
  3.08000000e-05   0.00000000e+00   0.00000000e+00   1.20738143e-12  -2.70064840e-25  -2.71177820e-24  -2.18064718e-53
  3.08800000e-05   0.00000000e+00   0.00000000e+00   5.83307780e-12  -1.30473203e-24  -1.31010904e-23  -5.08390816e-52
  3.09600000e-05   0.00000000e+00   0.00000000e+00  -7.65651942e-12   1.71259607e-24   1.71965396e-23  -8.75965313e-52
  3.10400000e-05   0.00000000e+00   0.00000000e+00   6.68994963e-12  -1.49639554e-24  -1.50256242e-23  -6.68733028e-52
  3.11200000e-05   0.00000000e+00   0.00000000e+00  -8.62745893e-12   1.92977402e-24   1.93772693e-23  -1.11218590e-51
  3.12000000e-05   0.00000000e+00   0.00000000e+00  -2.50177059e-12   5.59591408e-25   5.61897574e-24  -9.34530983e-53
  3.12800000e-05   0.00000000e+00   0.00000000e+00  -1.21990443e-11   2.72865962e-24   2.73990486e-23  -2.22374506e-51
  3.13600000e-05   0.00000000e+00   0.00000000e+00  -3.12226590e-12   6.98382648e-25   7.01260795e-24  -1.45729577e-52
  3.14400000e-05   0.00000000e+00   0.00000000e+00  -5.84512805e-13   1.30742741e-25   1.31281552e-24  -5.11186070e-54
  3.15200000e-05   0.00000000e+00   0.00000000e+00  -1.25277492e-12   2.80218372e-25   2.81373197e-24  -2.34406629e-53
  3.16000000e-05   0.00000000e+00   0.00000000e+00  -4.66647050e-12   1.04378747e-24   1.04808909e-23  -3.25399821e-52
  3.16800000e-05   0.00000000e+00   0.00000000e+00  -7.73324636e-12   1.72975821e-24   1.73688682e-23  -8.93670721e-52
  3.17600000e-05   0.00000000e+00   0.00000000e+00  -9.15856201e-12   2.04857017e-24   2.05701266e-23  -1.25355430e-51
  3.18400000e-05   0.00000000e+00   0.00000000e+00  -1.36866455e-11   3.06140348e-24   3.07402002e-23  -2.79975476e-51
  3.19200000e-05   0.00000000e+00   0.00000000e+00  -3.91360993e-12   8.75389015e-25   8.78996634e-24  -2.28945264e-52
  3.20000000e-05   0.00000000e+00   0.00000000e+00  -1.09678328e-11   2.45326451e-24   2.46337481e-23  -1.79778281e-51
  3.20800000e-05   0.00000000e+00   0.00000000e+00  -1.38913176e-12   3.10718417e-25   3.11998938e-24  -2.88483401e-53
  3.21600000e-05   0.00000000e+00   0.00000000e+00  -1.30199556e-11   2.91227953e-24   2.92428151e-23  -2.53339964e-51
  3.22400000e-05   0.00000000e+00   0.00000000e+00  -1.27694907e-11   2.85625601e-24   2.86802710e-23  -2.43696312e-51
  3.23200000e-05   0.00000000e+00   0.00000000e+00  -1.48732671e-11   3.32682480e-24   3.34053519e-23  -3.30610838e-51
  3.24000000e-05   0.00000000e+00   0.00000000e+00  -9.48116153e-12   2.12072863e-24   2.12946850e-23  -1.34355092e-51
  3.24800000e-05   0.00000000e+00   0.00000000e+00  -8.49009757e-12   1.89904928e-24   1.90687557e-23  -1.07735226e-51
  3.25600000e-05   0.00000000e+00   0.00000000e+00  -1.48253619e-11   3.31610945e-24   3.32977569e-23  -3.28509853e-51
  3.26400000e-05   0.00000000e+00   0.00000000e+00  -1.23535719e-11   2.76322406e-24   2.77461176e-23  -2.28100643e-51
  3.27200000e-05   0.00000000e+00   0.00000000e+00  -1.49244422e-11   3.33827155e-24   3.35202912e-23  -3.32871926e-51
  3.28000000e-05   0.00000000e+00   0.00000000e+00  -2.02491946e-11   4.52930229e-24   4.54796830e-23  -6.12782916e-51
  3.28800000e-05   0.00000000e+00   0.00000000e+00  -1.44367690e-11   3.22918971e-24   3.24249773e-23  -3.11461282e-51
  3.29600000e-05   0.00000000e+00   0.00000000e+00  -2.18345332e-11   4.88390788e-24   4.90403528e-23  -7.12476799e-51
  3.30400000e-05   0.00000000e+00   0.00000000e+00  -1.68744417e-11   3.77444382e-24   3.78999893e-23  -4.25583871e-51
  3.31200000e-05   0.00000000e+00   0.00000000e+00  -1.47647244e-11   3.30254616e-24   3.31615651e-23  -3.25835454e-51
  3.32000000e-05   0.00000000e+00   0.00000000e+00  -5.90321765e-12   1.32042077e-24   1.32586245e-23  -5.20999170e-52
  3.32800000e-05   0.00000000e+00   0.00000000e+00  -1.15372282e-11   2.58062579e-24   2.59126099e-23  -1.98918514e-51
  3.33600000e-05   0.00000000e+00   0.00000000e+00  -1.65790958e-11   3.70838138e-24   3.72366425e-23  -4.10779114e-51
  3.34400000e-05   0.00000000e+00   0.00000000e+00  -2.05410022e-11   4.59457326e-24   4.61350828e-23  -6.30586245e-51
  3.35200000e-05   0.00000000e+00   0.00000000e+00  -2.40329006e-11   5.37563460e-24   5.39778851e-23  -8.63209666e-51
  3.36000000e-05   0.00000000e+00   0.00000000e+00  -3.09453260e-11   6.92179309e-24   6.95031899e-23  -1.43117350e-50
  3.36800000e-05   0.00000000e+00   0.00000000e+00  -3.59418760e-11   8.03941210e-24   8.07254390e-23  -1.93066125e-50
  3.37600000e-05   0.00000000e+00   0.00000000e+00  -1.09566890e-11   2.45077186e-24   2.46087191e-23  -1.79444971e-51
  3.38400000e-05   0.00000000e+00   0.00000000e+00  -5.61504784e-12   1.25596348e-24   1.26113952e-23  -4.71335221e-52
  3.39200000e-05   0.00000000e+00   0.00000000e+00  -1.86453061e-11   4.17054746e-24   4.18773501e-23  -5.19543792e-51
  3.40000000e-05   0.00000000e+00   0.00000000e+00  -2.49249776e-11   5.57517271e-24   5.59814898e-23  -9.28457204e-51
  3.40800000e-05   0.00000000e+00   0.00000000e+00  -2.63349220e-11   5.89054643e-24   5.91482241e-23  -1.03657796e-50
  3.41600000e-05   0.00000000e+00   0.00000000e+00  -2.19181149e-11   4.90260322e-24   4.92280772e-23  -7.18038889e-51
  3.42400000e-05   0.00000000e+00   0.00000000e+00  -2.55348153e-11   5.71158005e-24   5.73511849e-23  -9.74415545e-51
  3.43200000e-05   0.00000000e+00   0.00000000e+00  -2.38220111e-11   5.32846318e-24   5.35042273e-23  -8.48151119e-51
  3.44000000e-05   0.00000000e+00   0.00000000e+00  -2.45451124e-11   5.49020513e-24   5.51283125e-23  -9.00422919e-51
  3.44800000e-05   0.00000000e+00   0.00000000e+00  -2.66223615e-11   5.95484036e-24   5.97938134e-23  -1.05937246e-50
  3.45600000e-05   0.00000000e+00   0.00000000e+00  -1.78352453e-11   3.98935453e-24   4.00579539e-23  -4.75479017e-51
  3.46400000e-05   0.00000000e+00   0.00000000e+00  -2.38647302e-11   5.33801850e-24   5.36001745e-23  -8.51178568e-51
  3.47200000e-05   0.00000000e+00   0.00000000e+00  -2.65175444e-11   5.93139503e-24   5.95583940e-23  -1.05093399e-50
  3.48000000e-05   0.00000000e+00   0.00000000e+00  -2.82108968e-11   6.31016096e-24   6.33616630e-23  -1.18946081e-50
  3.48800000e-05   0.00000000e+00   0.00000000e+00  -2.90783101e-11   6.50418233e-24   6.53098728e-23  -1.26373140e-50
  3.49600000e-05   0.00000000e+00   0.00000000e+00  -2.84132500e-11   6.35542293e-24   6.38161481e-23  -1.20658401e-50
  3.50400000e-05   0.00000000e+00   0.00000000e+00  -2.94475305e-11   6.58676887e-24   6.61391418e-23  -1.29602577e-50
  3.51200000e-05   0.00000000e+00   0.00000000e+00  -3.22330403e-11   7.20982650e-24   7.23953956e-23  -1.55287101e-50
  3.52000000e-05   0.00000000e+00   0.00000000e+00  -2.37036522e-11   5.30198884e-24   5.32383934e-23  -8.39796828e-51
  3.52800000e-05   0.00000000e+00   0.00000000e+00  -2.64037388e-11   5.90593917e-24   5.93027867e-23  -1.04199984e-50
  3.53600000e-05   0.00000000e+00   0.00000000e+00  -3.96681495e-11   8.87289789e-24   8.90946480e-23  -2.35169758e-50
  3.54400000e-05   0.00000000e+00   0.00000000e+00  -2.04972071e-11   4.58477715e-24   4.60367190e-23  -6.27954154e-51
  3.55200000e-05   0.00000000e+00   0.00000000e+00  -3.74859549e-11   8.38478862e-24   8.41934396e-23  -2.10002653e-50
  3.56000000e-05   0.00000000e+00   0.00000000e+00  -4.85564125e-11   1.08610080e-23   1.09057683e-22  -3.52361234e-50
  3.56800000e-05   0.00000000e+00   0.00000000e+00  -3.56779058e-11   7.98036756e-24   8.01325622e-23  -1.90247839e-50
  3.57600000e-05   0.00000000e+00   0.00000000e+00  -3.52402398e-11   7.88247121e-24   7.91495644e-23  -1.85608879e-50
  3.58400000e-05   0.00000000e+00   0.00000000e+00  -3.81618635e-11   8.53597456e-24   8.57115301e-23  -2.17647925e-50
  3.59200000e-05   0.00000000e+00   0.00000000e+00  -4.67053051e-11   1.04469557e-23   1.04900097e-22  -3.26011002e-50
  3.60000000e-05   0.00000000e+00   0.00000000e+00  -3.88124247e-11   8.68149085e-24   8.71726903e-23  -2.25137880e-50
  3.60800000e-05   0.00000000e+00   0.00000000e+00  -4.33403973e-11   9.69429931e-24   9.73425150e-23  -2.80733425e-50
  3.61600000e-05   0.00000000e+00   0.00000000e+00  -3.73645427e-11   8.35763128e-24   8.39207480e-23  -2.08664360e-50
  3.62400000e-05   0.00000000e+00   0.00000000e+00  -3.50726108e-11   7.84497622e-24   7.87730699e-23  -1.83853621e-50
  3.63200000e-05   0.00000000e+00   0.00000000e+00  -3.69468544e-11   8.26420352e-24   8.29826202e-23  -2.04009720e-50
  3.64000000e-05   0.00000000e+00   0.00000000e+00  -3.56919094e-11   7.98349975e-24   8.01640143e-23  -1.90400887e-50
  3.64800000e-05   0.00000000e+00   0.00000000e+00  -4.23950440e-11   9.48284438e-24   9.52192518e-23  -2.68608457e-50
  3.65600000e-05   0.00000000e+00   0.00000000e+00  -4.25745033e-11   9.52298550e-24   9.56223174e-23  -2.70911348e-50
  3.66400000e-05   0.00000000e+00   0.00000000e+00  -4.74779672e-11   1.06197831e-23   1.06635495e-22  -3.36899882e-50
  3.67200000e-05   0.00000000e+00   0.00000000e+00  -4.41884291e-11   9.88398538e-24   9.92471942e-23  -2.91843153e-50
  3.68000000e-05   0.00000000e+00   0.00000000e+00  -3.90230232e-11   8.72859701e-24   8.76456945e-23  -2.27601902e-50
  3.68800000e-05   0.00000000e+00   0.00000000e+00  -4.44411506e-11   9.94051362e-24   9.98148065e-23  -2.95183497e-50
  3.69600000e-05   0.00000000e+00   0.00000000e+00  -4.37066447e-11   9.77622070e-24   9.81651066e-23  -2.85506796e-50
  3.70400000e-05   0.00000000e+00   0.00000000e+00  -5.41470377e-11   1.21115083e-23   1.21614225e-22  -4.38190169e-50
  3.71200000e-05   0.00000000e+00   0.00000000e+00  -5.73710199e-11   1.28326426e-23   1.28855288e-22  -4.91924814e-50
  3.72000000e-05   0.00000000e+00   0.00000000e+00  -4.64025134e-11   1.03792275e-23   1.04220027e-22  -3.21807254e-50
  3.72800000e-05   0.00000000e+00   0.00000000e+00  -3.69170826e-11   8.25754407e-24   8.29157528e-23  -2.03699686e-50
  3.73600000e-05   0.00000000e+00   0.00000000e+00  -5.34127338e-11   1.19472605e-23   1.19964979e-22  -4.26381166e-50
  3.74400000e-05   0.00000000e+00   0.00000000e+00  -5.21754732e-11   1.16705123e-23   1.17186092e-22  -4.06860736e-50
  3.75200000e-05   0.00000000e+00   0.00000000e+00  -4.81353751e-11   1.07668307e-23   1.08112033e-22  -3.46308548e-50
  3.76000000e-05   0.00000000e+00   0.00000000e+00  -5.40424189e-11   1.20881072e-23   1.21379251e-22  -4.36494959e-50
  3.76800000e-05   0.00000000e+00   0.00000000e+00  -4.70354885e-11   1.05208101e-23   1.05641688e-22  -3.30659108e-50
  3.77600000e-05   0.00000000e+00   0.00000000e+00  -3.76037726e-11   8.41114152e-24   8.44580583e-23  -2.11348000e-50
  3.78400000e-05   0.00000000e+00   0.00000000e+00  -4.98440675e-11   1.11490278e-23   1.11949756e-22  -3.71292766e-50
  3.79200000e-05   0.00000000e+00   0.00000000e+00  -4.95022992e-11   1.10725816e-23   1.11182144e-22  -3.66234864e-50
  3.80000000e-05   0.00000000e+00   0.00000000e+00  -5.44022041e-11   1.21685832e-23   1.22187329e-22  -4.42326442e-50
  3.80800000e-05   0.00000000e+00   0.00000000e+00  -4.75315597e-11   1.06317703e-23   1.06755864e-22  -3.37682285e-50
  3.81600000e-05   0.00000000e+00   0.00000000e+00  -3.68246967e-11   8.23687921e-24   8.27082541e-23  -2.02688736e-50
  3.82400000e-05   0.00000000e+00   0.00000000e+00  -4.91675505e-11   1.09977056e-23   1.10430299e-22  -3.61295591e-50
  3.83200000e-05   0.00000000e+00   0.00000000e+00  -5.99361298e-11   1.34064012e-23   1.34616524e-22  -5.36885797e-50
  3.84000000e-05   0.00000000e+00   0.00000000e+00  -5.12132035e-11   1.14552734e-23   1.15024835e-22  -3.92017543e-50
  3.84800000e-05   0.00000000e+00   0.00000000e+00  -5.01854516e-11   1.12253878e-23   1.12716504e-22  -3.76423923e-50
  3.85600000e-05   0.00000000e+00   0.00000000e+00  -4.57642193e-11   1.02364548e-23   1.02786418e-22  -3.13020775e-50
  3.86400000e-05   0.00000000e+00   0.00000000e+00  -4.55458182e-11   1.01876032e-23   1.02295890e-22  -3.10039637e-50
  3.87200000e-05   0.00000000e+00   0.00000000e+00  -4.50748115e-11   1.00822493e-23   1.01238009e-22  -3.03671818e-50
  3.88000000e-05   0.00000000e+00   0.00000000e+00  -6.22328350e-11   1.39201238e-23   1.39774923e-22  -5.78817413e-50
  3.88800000e-05   0.00000000e+00   0.00000000e+00  -4.72713421e-11   1.05735651e-23   1.06171416e-22  -3.33990218e-50
  3.89600000e-05   0.00000000e+00   0.00000000e+00  -6.88732638e-11   1.54054424e-23   1.54689323e-22  -7.08928364e-50
  3.90400000e-05   0.00000000e+00   0.00000000e+00  -4.55873615e-11   1.01968954e-23   1.02389196e-22  -3.10623139e-50
  3.91200000e-05   0.00000000e+00   0.00000000e+00  -4.99754665e-11   1.11784185e-23   1.12244878e-22  -3.73275200e-50
  3.92000000e-05   0.00000000e+00   0.00000000e+00  -4.18425870e-11   9.35927128e-24   9.39784337e-23  -2.61688238e-50
  3.92800000e-05   0.00000000e+00   0.00000000e+00  -5.16233799e-11   1.15470206e-23   1.15946091e-22  -3.98295800e-50
  3.93600000e-05   0.00000000e+00   0.00000000e+00  -6.21937734e-11   1.39113864e-23   1.39687190e-22  -5.78101550e-50
  3.94400000e-05   0.00000000e+00   0.00000000e+00  -5.83474039e-11   1.30510377e-23   1.31048246e-22  -5.08817825e-50
  3.95200000e-05   0.00000000e+00   0.00000000e+00  -6.07953148e-11   1.35985817e-23   1.36546253e-22  -5.52406223e-50
  3.96000000e-05   0.00000000e+00   0.00000000e+00  -5.60464374e-11   1.25363617e-23   1.25880276e-22  -4.69485362e-50
  3.96800000e-05   0.00000000e+00   0.00000000e+00  -5.33742195e-11   1.19386450e-23   1.19878476e-22  -4.25785614e-50
  3.97600000e-05   0.00000000e+00   0.00000000e+00  -5.61537553e-11   1.25603663e-23   1.26121312e-22  -4.71258903e-50
  3.98400000e-05   0.00000000e+00   0.00000000e+00  -5.88170862e-11   1.31560952e-23   1.32103152e-22  -5.17036548e-50
  3.99200000e-05   0.00000000e+00   0.00000000e+00  -6.78746127e-11   1.51820656e-23   1.52446353e-22  -6.88545137e-50
  4.00000000e-05   0.00000000e+00   0.00000000e+00  -5.37400866e-11   1.20204814e-23   1.20700213e-22  -4.31658009e-50
  4.00800000e-05   0.00000000e+00   0.00000000e+00  -5.76696742e-11   1.28994441e-23   1.29526065e-22  -4.97056310e-50
  4.01600000e-05   0.00000000e+00   0.00000000e+00  -5.76768930e-11   1.29010588e-23   1.29542279e-22  -4.97191389e-50
  4.02400000e-05   0.00000000e+00   0.00000000e+00  -5.84415796e-11   1.30721024e-23   1.31259764e-22  -5.10464199e-50
  4.03200000e-05   0.00000000e+00   0.00000000e+00  -6.62165654e-11   1.48111966e-23   1.48722379e-22  -6.55302176e-50
  4.04000000e-05   0.00000000e+00   0.00000000e+00  -5.53477276e-11   1.23800754e-23   1.24310974e-22  -4.57858959e-50
  4.04800000e-05   0.00000000e+00   0.00000000e+00  -5.77038324e-11   1.29070844e-23   1.29602785e-22  -4.97660180e-50
  4.05600000e-05   0.00000000e+00   0.00000000e+00  -4.08387812e-11   9.13474156e-24   9.17238863e-23  -2.49280572e-50
  4.06400000e-05   0.00000000e+00   0.00000000e+00  -5.95176111e-11   1.33127870e-23   1.33676531e-22  -5.29430239e-50
  4.07200000e-05   0.00000000e+00   0.00000000e+00  -6.46758900e-11   1.44665811e-23   1.45262023e-22  -6.25172806e-50
  4.08000000e-05   0.00000000e+00   0.00000000e+00  -5.51144344e-11   1.23278927e-23   1.23786998e-22  -4.54004752e-50
  4.08800000e-05   0.00000000e+00   0.00000000e+00  -5.73396727e-11   1.28256298e-23   1.28784882e-22  -4.91385886e-50
  4.09600000e-05   0.00000000e+00   0.00000000e+00  -6.04146416e-11   1.35134330e-23   1.35691261e-22  -5.45510148e-50
  4.10400000e-05   0.00000000e+00   0.00000000e+00  -5.99905414e-11   1.34185710e-23   1.34738732e-22  -5.37873461e-50
  4.11200000e-05   0.00000000e+00   0.00000000e+00  -6.33789385e-11   1.41764812e-23   1.42349071e-22  -6.00354976e-50
  4.12000000e-05   0.00000000e+00   0.00000000e+00  -5.43205661e-11   1.21503216e-23   1.22003970e-22  -4.41013617e-50
  4.12800000e-05   0.00000000e+00   0.00000000e+00  -6.00458344e-11   1.34309388e-23   1.34862920e-22  -5.38875753e-50
  4.13600000e-05   0.00000000e+00   0.00000000e+00  -5.82853180e-11   1.30371498e-23   1.30908801e-22  -5.07739921e-50
  4.14400000e-05   0.00000000e+00   0.00000000e+00  -6.28036553e-11   1.40478029e-23   1.41056985e-22  -5.89526420e-50
  4.15200000e-05   0.00000000e+00   0.00000000e+00  -5.48558292e-11   1.22700481e-23   1.23206171e-22  -4.49760167e-50
  4.16000000e-05   0.00000000e+00   0.00000000e+00  -5.29661021e-11   1.18473575e-23   1.18961844e-22  -4.19294615e-50
  4.16800000e-05   0.00000000e+00   0.00000000e+00  -5.91475866e-11   1.32300203e-23   1.32845456e-22  -5.22863175e-50
  4.17600000e-05   0.00000000e+00   0.00000000e+00  -5.52516270e-11   1.23585794e-23   1.24095132e-22  -4.56260254e-50
  4.18400000e-05   0.00000000e+00   0.00000000e+00  -5.86786313e-11   1.31251252e-23   1.31792183e-22  -5.14607033e-50
  4.19200000e-05   0.00000000e+00   0.00000000e+00  -6.46437665e-11   1.44593953e-23   1.45189874e-22  -6.24552485e-50
  4.20000000e-05   0.00000000e+00   0.00000000e+00  -5.37119167e-11   1.20141798e-23   1.20636944e-22  -4.31201803e-50
  4.20800000e-05   0.00000000e+00   0.00000000e+00  -4.04396402e-11   9.04546211e-24   9.08274159e-23  -2.44434495e-50
  4.21600000e-05   0.00000000e+00   0.00000000e+00  -7.34656885e-11   1.64326660e-23   1.65003907e-22  -8.06651913e-50
  4.22400000e-05   0.00000000e+00   0.00000000e+00  -5.39832080e-11   1.20748617e-23   1.21246264e-22  -4.35557977e-50
  4.23200000e-05   0.00000000e+00   0.00000000e+00  -5.47495064e-11   1.22462658e-23   1.22967370e-22  -4.47999119e-50
  4.24000000e-05   0.00000000e+00   0.00000000e+00  -5.62360702e-11   1.25787775e-23   1.26306191e-22  -4.72657712e-50
  4.24800000e-05   0.00000000e+00   0.00000000e+00  -5.84541450e-11   1.30749123e-23   1.31287987e-22  -5.10683306e-50
  4.25600000e-05   0.00000000e+00   0.00000000e+00  -5.77301538e-11   1.29129713e-23   1.29661903e-22  -4.98111401e-50
  4.26400000e-05   0.00000000e+00   0.00000000e+00  -5.40625838e-11   1.20926162e-23   1.21424542e-22  -4.36832391e-50
  4.27200000e-05   0.00000000e+00   0.00000000e+00  -5.32919097e-11   1.19202332e-23   1.19693608e-22  -4.24466898e-50
  4.28000000e-05   0.00000000e+00   0.00000000e+00  -5.94482779e-11   1.32972779e-23   1.33520808e-22  -5.28193655e-50
  4.28800000e-05   0.00000000e+00   0.00000000e+00  -5.71293959e-11   1.27785948e-23   1.28312601e-22  -4.87798945e-50
  4.29600000e-05   0.00000000e+00   0.00000000e+00  -7.74615949e-11   1.73264624e-23   1.73978711e-22  -8.96769388e-50
  4.30400000e-05   0.00000000e+00   0.00000000e+00  -4.97989027e-11   1.11389240e-23   1.11848316e-22  -3.70667039e-50
  4.31200000e-05   0.00000000e+00   0.00000000e+00  -6.70498232e-11   1.49975770e-23   1.50593876e-22  -6.71906563e-50
  4.32000000e-05   0.00000000e+00   0.00000000e+00  -5.51824828e-11   1.23431129e-23   1.23939834e-22  -4.55102802e-50
  4.32800000e-05   0.00000000e+00   0.00000000e+00  -6.16137898e-11   1.37816553e-23   1.38384547e-22  -5.67367170e-50
  4.33600000e-05   0.00000000e+00   0.00000000e+00  -5.69905582e-11   1.27475397e-23   1.28000771e-22  -4.85417088e-50
  4.34400000e-05   0.00000000e+00   0.00000000e+00  -6.24763586e-11   1.39745930e-23   1.40321877e-22  -5.83366620e-50
  4.35200000e-05   0.00000000e+00   0.00000000e+00  -6.14057336e-11   1.37351176e-23   1.37917253e-22  -5.63544352e-50
  4.36000000e-05   0.00000000e+00   0.00000000e+00  -6.67431090e-11   1.49289716e-23   1.49904996e-22  -6.65769467e-50
  4.36800000e-05   0.00000000e+00   0.00000000e+00  -5.74235133e-11   1.28443821e-23   1.28973188e-22  -4.92821404e-50
  4.37600000e-05   0.00000000e+00   0.00000000e+00  -5.21953488e-11   1.16749562e-23   1.17230733e-22  -4.07180853e-50
  4.38400000e-05   0.00000000e+00   0.00000000e+00  -5.95117439e-11   1.33114735e-23   1.33663353e-22  -5.29309576e-50
  4.39200000e-05   0.00000000e+00   0.00000000e+00  -6.78941281e-11   1.51864292e-23   1.52490185e-22  -6.88923052e-50
  4.40000000e-05   0.00000000e+00   0.00000000e+00  -5.84147288e-11   1.30660952e-23   1.31199458e-22  -5.09982956e-50
  4.40800000e-05   0.00000000e+00   0.00000000e+00  -6.31265846e-11   1.41200341e-23   1.41782284e-22  -5.95574606e-50
  4.41600000e-05   0.00000000e+00   0.00000000e+00  -4.98342299e-11   1.11468255e-23   1.11927661e-22  -3.71182028e-50
  4.42400000e-05   0.00000000e+00   0.00000000e+00  -5.97224806e-11   1.33586106e-23   1.34136668e-22  -5.33098996e-50
  4.43200000e-05   0.00000000e+00   0.00000000e+00  -5.28480136e-11   1.18209429e-23   1.18696618e-22  -4.17437202e-50
  4.44000000e-05   0.00000000e+00   0.00000000e+00  -5.82172801e-11   1.30219301e-23   1.30755988e-22  -5.06559462e-50
  4.44800000e-05   0.00000000e+00   0.00000000e+00  -5.45070305e-11   1.21920286e-23   1.22422769e-22  -4.44050257e-50
  4.45600000e-05   0.00000000e+00   0.00000000e+00  -5.71468024e-11   1.27824877e-23   1.28351696e-22  -4.88101885e-50
  4.46400000e-05   0.00000000e+00   0.00000000e+00  -5.35018651e-11   1.19671950e-23   1.20165168e-22  -4.27823791e-50
  4.47200000e-05   0.00000000e+00   0.00000000e+00  -5.31743538e-11   1.18939379e-23   1.19429578e-22  -4.22596866e-50
  4.48000000e-05   0.00000000e+00   0.00000000e+00  -5.21266696e-11   1.16595939e-23   1.17076479e-22  -4.06108266e-50
  4.48800000e-05   0.00000000e+00   0.00000000e+00  -5.49761789e-11   1.22969667e-23   1.23476476e-22  -4.51735700e-50
  4.49600000e-05   0.00000000e+00   0.00000000e+00  -4.70667792e-11   1.05278072e-23   1.05711967e-22  -3.31105882e-50
  4.50400000e-05   0.00000000e+00   0.00000000e+00  -5.06514696e-11   1.13296239e-23   1.13763181e-22  -3.83462138e-50
  4.51200000e-05   0.00000000e+00   0.00000000e+00  -4.19284525e-11   9.37847611e-24   9.41712878e-23  -2.62760419e-50
  4.52000000e-05   0.00000000e+00   0.00000000e+00  -5.16937376e-11   1.15627564e-23   1.16104114e-22  -3.99392456e-50
  4.52800000e-05   0.00000000e+00   0.00000000e+00  -5.41804865e-11   1.21189876e-23   1.21689351e-22  -4.38722721e-50
  4.53600000e-05   0.00000000e+00   0.00000000e+00  -6.18474375e-11   1.38339165e-23   1.38909320e-22  -5.71675594e-50
  4.54400000e-05   0.00000000e+00   0.00000000e+00  -5.38082268e-11   1.20357212e-23   1.20853256e-22  -4.32733403e-50
  4.55200000e-05   0.00000000e+00   0.00000000e+00  -5.54564407e-11   1.24043905e-23   1.24555144e-22  -4.59648890e-50
  4.56000000e-05   0.00000000e+00   0.00000000e+00  -4.71809186e-11   1.05533375e-23   1.05968324e-22  -3.32713320e-50
  4.56800000e-05   0.00000000e+00   0.00000000e+00  -3.94832970e-11   8.83154828e-24   8.86794695e-23  -2.33006309e-50
  4.57600000e-05   0.00000000e+00   0.00000000e+00  -5.14341269e-11   1.15046870e-23   1.15521029e-22  -3.95403582e-50
  4.58400000e-05   0.00000000e+00   0.00000000e+00  -4.28290661e-11   9.57992347e-24   9.61940655e-23  -2.74169231e-50
  4.59200000e-05   3.34622954e-07  -2.89448843e-06  -4.31623617e-11   7.51232252e-18   8.68572457e-19  -6.42619630e-18
  4.60000000e-05   8.22961416e-07  -7.11861593e-06  -3.61472837e-11   1.84752798e-17   2.13595084e-18  -1.58047213e-17
  4.60800000e-05   3.76762795e-06  -3.09500307e-05  -4.52665180e-11   8.03239293e-17   9.77814183e-18  -6.86752397e-17
  4.61600000e-05   7.78046434e-06  -6.38366676e-05  -4.70124722e-11   1.65650135e-16   2.01896759e-17  -1.41673692e-16
  4.62400000e-05   8.29240177e-06  -6.48019533e-05  -2.21954851e-11   1.68142262e-16   2.15164252e-17  -1.43742892e-16
  4.63200000e-05   8.82007394e-06  -6.73405580e-05  -2.50121240e-11   1.74687732e-16   2.28801556e-17  -1.49377970e-16
  4.64000000e-05   3.24199870e-06  -2.41401000e-05  -3.69672445e-12   6.26119983e-17   8.40875620e-18  -5.35423065e-17
  4.64800000e-05   0.00000000e+00   0.00000000e+00   0.00000000e+00  -0.00000000e+00   0.00000000e+00   0.00000000e+00
  4.65600000e-05   0.00000000e+00   0.00000000e+00   0.00000000e+00  -0.00000000e+00   0.00000000e+00   0.00000000e+00
