       time             b_x              b_y              b_z              F_x              F_y              F_z
  0.00000000e+00   0.00000000e+00   0.00000000e+00   0.00000000e+00   0.00000000e+00   0.00000000e+00   0.00000000e+00
  8.00000000e-08   0.00000000e+00   0.00000000e+00   0.00000000e+00   0.00000000e+00   0.00000000e+00   0.00000000e+00
  1.60000000e-07   0.00000000e+00   0.00000000e+00   0.00000000e+00   0.00000000e+00   0.00000000e+00   0.00000000e+00
  2.40000000e-07   0.00000000e+00   0.00000000e+00   0.00000000e+00   0.00000000e+00   0.00000000e+00   0.00000000e+00
  3.20000000e-07   0.00000000e+00   0.00000000e+00   0.00000000e+00   0.00000000e+00   0.00000000e+00   0.00000000e+00
  4.00000000e-07   0.00000000e+00   0.00000000e+00   0.00000000e+00   0.00000000e+00   0.00000000e+00   0.00000000e+00
  4.80000000e-07   0.00000000e+00   0.00000000e+00   0.00000000e+00   0.00000000e+00   0.00000000e+00   0.00000000e+00
  5.60000000e-07   0.00000000e+00   0.00000000e+00   0.00000000e+00   0.00000000e+00   0.00000000e+00   0.00000000e+00
  6.40000000e-07   0.00000000e+00   0.00000000e+00   0.00000000e+00   0.00000000e+00   0.00000000e+00   0.00000000e+00
  7.20000000e-07   0.00000000e+00   0.00000000e+00   0.00000000e+00   0.00000000e+00   0.00000000e+00   0.00000000e+00
  8.00000000e-07   0.00000000e+00   0.00000000e+00   0.00000000e+00   0.00000000e+00   0.00000000e+00   0.00000000e+00
  8.80000000e-07   0.00000000e+00   0.00000000e+00   0.00000000e+00   0.00000000e+00   0.00000000e+00   0.00000000e+00
  9.60000000e-07   0.00000000e+00   0.00000000e+00   0.00000000e+00   0.00000000e+00   0.00000000e+00   0.00000000e+00
  1.04000000e-06   0.00000000e+00   0.00000000e+00   0.00000000e+00   0.00000000e+00   0.00000000e+00   0.00000000e+00
  1.12000000e-06   0.00000000e+00   0.00000000e+00   0.00000000e+00   0.00000000e+00   0.00000000e+00   0.00000000e+00
  1.20000000e-06   0.00000000e+00   0.00000000e+00   0.00000000e+00   0.00000000e+00   0.00000000e+00   0.00000000e+00
  1.28000000e-06   0.00000000e+00   0.00000000e+00   0.00000000e+00   0.00000000e+00   0.00000000e+00   0.00000000e+00
  1.36000000e-06   0.00000000e+00   0.00000000e+00   0.00000000e+00   0.00000000e+00   0.00000000e+00   0.00000000e+00
  1.44000000e-06   0.00000000e+00   0.00000000e+00   0.00000000e+00   0.00000000e+00   0.00000000e+00   0.00000000e+00
  1.52000000e-06   0.00000000e+00   0.00000000e+00   0.00000000e+00   0.00000000e+00   0.00000000e+00   0.00000000e+00
  1.60000000e-06   0.00000000e+00   0.00000000e+00   0.00000000e+00   0.00000000e+00   0.00000000e+00   0.00000000e+00
  1.68000000e-06   0.00000000e+00   0.00000000e+00   0.00000000e+00   0.00000000e+00   0.00000000e+00   0.00000000e+00
  1.76000000e-06   0.00000000e+00   0.00000000e+00   0.00000000e+00   0.00000000e+00   0.00000000e+00   0.00000000e+00
  1.84000000e-06   0.00000000e+00   0.00000000e+00   0.00000000e+00   0.00000000e+00   0.00000000e+00   0.00000000e+00
  1.92000000e-06   0.00000000e+00   0.00000000e+00   0.00000000e+00   0.00000000e+00   0.00000000e+00   0.00000000e+00
  2.00000000e-06   0.00000000e+00   0.00000000e+00   0.00000000e+00   0.00000000e+00   0.00000000e+00   0.00000000e+00
  2.08000000e-06   0.00000000e+00   0.00000000e+00   0.00000000e+00   0.00000000e+00   0.00000000e+00   0.00000000e+00
  2.16000000e-06   0.00000000e+00   0.00000000e+00   0.00000000e+00   0.00000000e+00   0.00000000e+00   0.00000000e+00
  2.24000000e-06   0.00000000e+00   0.00000000e+00   0.00000000e+00   0.00000000e+00   0.00000000e+00   0.00000000e+00
  2.32000000e-06   0.00000000e+00   0.00000000e+00   0.00000000e+00   0.00000000e+00   0.00000000e+00   0.00000000e+00
  2.40000000e-06   0.00000000e+00   0.00000000e+00   0.00000000e+00   0.00000000e+00   0.00000000e+00   0.00000000e+00
  2.48000000e-06   0.00000000e+00   0.00000000e+00   0.00000000e+00   0.00000000e+00   0.00000000e+00   0.00000000e+00
  2.56000000e-06   0.00000000e+00   0.00000000e+00   0.00000000e+00   0.00000000e+00   0.00000000e+00   0.00000000e+00
  2.64000000e-06   0.00000000e+00   0.00000000e+00   0.00000000e+00   0.00000000e+00   0.00000000e+00   0.00000000e+00
  2.72000000e-06   0.00000000e+00   0.00000000e+00   0.00000000e+00   0.00000000e+00   0.00000000e+00   0.00000000e+00
  2.80000000e-06   0.00000000e+00   0.00000000e+00   0.00000000e+00   0.00000000e+00   0.00000000e+00   0.00000000e+00
  2.88000000e-06   0.00000000e+00   0.00000000e+00   0.00000000e+00   0.00000000e+00   0.00000000e+00   0.00000000e+00
  2.96000000e-06   0.00000000e+00   0.00000000e+00   0.00000000e+00   0.00000000e+00   0.00000000e+00   0.00000000e+00
  3.04000000e-06   0.00000000e+00   0.00000000e+00   0.00000000e+00   0.00000000e+00   0.00000000e+00   0.00000000e+00
  3.12000000e-06   0.00000000e+00   0.00000000e+00   0.00000000e+00   0.00000000e+00   0.00000000e+00   0.00000000e+00
  3.20000000e-06   0.00000000e+00   0.00000000e+00   0.00000000e+00   0.00000000e+00   0.00000000e+00   0.00000000e+00
  3.28000000e-06   0.00000000e+00   0.00000000e+00   0.00000000e+00   0.00000000e+00   0.00000000e+00   0.00000000e+00
  3.36000000e-06   0.00000000e+00   0.00000000e+00   0.00000000e+00   0.00000000e+00   0.00000000e+00   0.00000000e+00
  3.44000000e-06   0.00000000e+00   0.00000000e+00   0.00000000e+00   0.00000000e+00   0.00000000e+00   0.00000000e+00
  3.52000000e-06   0.00000000e+00   0.00000000e+00   0.00000000e+00   0.00000000e+00   0.00000000e+00   0.00000000e+00
  3.60000000e-06   0.00000000e+00   0.00000000e+00   0.00000000e+00   0.00000000e+00   0.00000000e+00   0.00000000e+00
  3.68000000e-06   0.00000000e+00   0.00000000e+00   0.00000000e+00   0.00000000e+00   0.00000000e+00   0.00000000e+00
  3.76000000e-06   0.00000000e+00   0.00000000e+00   0.00000000e+00   0.00000000e+00   0.00000000e+00   0.00000000e+00
  3.84000000e-06   0.00000000e+00   0.00000000e+00   0.00000000e+00   0.00000000e+00   0.00000000e+00   0.00000000e+00
  3.92000000e-06   0.00000000e+00   0.00000000e+00   0.00000000e+00   0.00000000e+00   0.00000000e+00   0.00000000e+00
  4.00000000e-06   0.00000000e+00   0.00000000e+00   0.00000000e+00   0.00000000e+00   0.00000000e+00   0.00000000e+00
  4.08000000e-06   0.00000000e+00   0.00000000e+00   0.00000000e+00   0.00000000e+00   0.00000000e+00   0.00000000e+00
  4.16000000e-06   0.00000000e+00   0.00000000e+00   0.00000000e+00   0.00000000e+00   0.00000000e+00   0.00000000e+00
  4.24000000e-06   0.00000000e+00   0.00000000e+00   0.00000000e+00   0.00000000e+00   0.00000000e+00   0.00000000e+00
  4.32000000e-06   0.00000000e+00   0.00000000e+00   0.00000000e+00   0.00000000e+00   0.00000000e+00   0.00000000e+00
  4.40000000e-06   0.00000000e+00   0.00000000e+00   0.00000000e+00   0.00000000e+00   0.00000000e+00   0.00000000e+00
  4.48000000e-06   0.00000000e+00   0.00000000e+00   0.00000000e+00   0.00000000e+00   0.00000000e+00   0.00000000e+00
  4.56000000e-06   0.00000000e+00   0.00000000e+00   0.00000000e+00   0.00000000e+00   0.00000000e+00   0.00000000e+00
  4.64000000e-06   0.00000000e+00   0.00000000e+00   0.00000000e+00   0.00000000e+00   0.00000000e+00   0.00000000e+00
  4.72000000e-06   3.05758341e-06   3.21850863e-07   0.00000000e+00  -6.65957779e-19   6.32659933e-18  -8.35342004e-18
  4.80000000e-06   0.00000000e+00   0.00000000e+00   0.00000000e+00   0.00000000e+00   0.00000000e+00   0.00000000e+00
  4.88000000e-06   2.26491512e-05   2.27946430e-06  -7.60146521e-13  -4.71619843e-18   4.68609422e-17  -6.18937245e-17
  4.96000000e-06   1.06146675e-05   1.03138471e-06   0.00000000e+00  -2.13370730e-18   2.19594041e-17  -2.90131222e-17
  5.04000000e-06   5.48734844e-05   5.21897478e-06  -5.75357921e-12  -1.07952035e-17   1.13503053e-16  -1.50013529e-16
  5.12000000e-06   2.53737477e-05   2.34302450e-06  -2.86646512e-12  -4.84552710e-18   5.24744761e-17  -6.93830182e-17
  5.20000000e-06   3.62892483e-05   3.22322458e-06  -1.45662601e-11  -6.66499212e-18   7.50385529e-17  -9.92538964e-17
  5.28000000e-06   4.49623125e-05   3.91658957e-06  -4.97159937e-12  -8.09702608e-18   9.29534226e-17  -1.22999410e-16
  5.36000000e-06   7.48379186e-06   6.35310908e-07  -1.89262500e-11  -1.31322292e-18   1.54688033e-17  -2.04769848e-17
  5.44000000e-06   3.67504439e-05   3.04631401e-06  -8.42874541e-12  -6.29571263e-18   7.59506031e-17  -1.00573523e-16
  5.52000000e-06  -1.64012424e-05  -1.33491744e-06  -4.68369164e-06  -1.01071463e-17  -3.33219726e-17   4.48901965e-17
  5.60000000e-06   2.77249558e-12   1.79303921e-13   4.60852860e-06   1.26589966e-17  -5.61339460e-19  -7.59382547e-24
  5.68000000e-06  -2.35159125e-13   9.25744176e-14  -5.83909421e-06  -1.60391933e-17   7.11213999e-19   6.57225718e-25
  5.76000000e-06   6.53776035e-13   2.01324023e-14   4.90336423e-06   1.34688785e-17  -5.97066816e-19  -1.79338290e-24
  5.84000000e-06  -3.95723382e-13  -4.38919767e-15  -5.85848091e-06  -1.60924607e-17   7.13237808e-19   1.08646465e-24
  5.92000000e-06   0.00000000e+00   0.00000000e+00  -4.07645094e-07  -1.11974756e-18   4.96013556e-20  -2.92472301e-42
  6.00000000e-06   0.00000000e+00   0.00000000e+00  -5.87764796e-06  -1.61451353e-17   7.14999802e-19  -6.09936348e-40
  6.08000000e-06   0.00000000e+00   0.00000000e+00   5.49603710e-06   1.50969075e-17  -6.68406881e-19  -5.33294265e-40
  6.16000000e-06   0.00000000e+00   0.00000000e+00  -5.89662715e-06  -1.61972790e-17   7.17077100e-19  -6.13882120e-40
  6.24000000e-06   0.00000000e+00   0.00000000e+00   5.79096057e-06   1.59070269e-17  -7.04217454e-19  -5.92071848e-40
  6.32000000e-06   0.00000000e+00   0.00000000e+00  -1.51251417e-11  -4.15468014e-23   1.83988739e-24  -4.04005538e-51
  6.40000000e-06   0.00000000e+00   0.00000000e+00  -1.21455675e-11  -3.33622975e-23   1.47743914e-24  -2.60525511e-51
  6.48000000e-06   0.00000000e+00   0.00000000e+00  -9.72039128e-12  -2.67006533e-23   1.18243026e-24  -1.66839321e-51
  6.56000000e-06   0.00000000e+00   0.00000000e+00  -1.39732714e-11  -3.83827631e-23   1.69976892e-24  -3.44779606e-51
  6.64000000e-06   0.00000000e+00   0.00000000e+00  -1.33463582e-11  -3.66607140e-23   1.62350850e-24  -3.14571735e-51
  6.72000000e-06   0.00000000e+00   0.00000000e+00  -1.61640435e-11  -4.44005297e-23   1.96626386e-24  -4.61384050e-51
  6.80000000e-06   0.00000000e+00   0.00000000e+00  -1.26613254e-11  -3.47790178e-23   1.54017815e-24  -2.83113192e-51
  6.88000000e-06   0.00000000e+00   0.00000000e+00  -1.32783486e-11  -3.64739002e-23   1.61523550e-24  -3.11361387e-51
  6.96000000e-06   0.00000000e+00   0.00000000e+00  -1.27055197e-11  -3.49004136e-23   1.54555413e-24  -2.85085408e-51
  7.04000000e-06   0.00000000e+00   0.00000000e+00  -1.43465301e-11  -3.94080564e-23   1.74517371e-24  -3.63490774e-51
  7.12000000e-06   0.00000000e+00   0.00000000e+00  -1.15427880e-11  -3.17065405e-23   1.40411443e-24  -2.35302333e-51
  7.20000000e-06   0.00000000e+00   0.00000000e+00  -1.80672377e-11  -4.96283571e-23   2.19777659e-24  -5.76432044e-51
  7.28000000e-06   0.00000000e+00   0.00000000e+00  -9.98674533e-12  -2.74322933e-23   1.21483070e-24  -1.76154994e-51
  7.36000000e-06   0.00000000e+00   0.00000000e+00  -1.29168188e-11  -3.54808249e-23   1.57125745e-24  -2.94628623e-51
  7.44000000e-06   0.00000000e+00   0.00000000e+00  -1.26038982e-11  -3.46212725e-23   1.53319244e-24  -2.80537554e-51
  7.52000000e-06   0.00000000e+00   0.00000000e+00  -1.24935769e-11  -3.43182344e-23   1.51977249e-24  -2.75646326e-51
  7.60000000e-06   0.00000000e+00   0.00000000e+00  -1.18246398e-11  -3.24807510e-23   1.43840010e-24  -2.46899737e-51
  7.68000000e-06   0.00000000e+00   0.00000000e+00  -1.54881570e-11  -4.25439573e-23   1.88404610e-24  -4.23596369e-51
  7.76000000e-06   0.00000000e+00   0.00000000e+00  -1.09369390e-11  -3.00423521e-23   1.33041635e-24  -2.11260887e-51
  7.84000000e-06   0.00000000e+00   0.00000000e+00  -1.74414392e-11  -4.79093699e-23   2.12165175e-24  -5.37186712e-51
  7.92000000e-06   0.00000000e+00   0.00000000e+00  -1.02819008e-11  -2.82430470e-23   1.25073467e-24  -1.86703352e-51
  8.00000000e-06   0.00000000e+00   0.00000000e+00  -1.41793494e-11  -3.89488324e-23   1.72483709e-24  -3.55041374e-51
  8.08000000e-06   0.00000000e+00   0.00000000e+00  -1.45063922e-11  -3.98471767e-23   1.76461999e-24  -3.71606909e-51
  8.16000000e-06   0.00000000e+00   0.00000000e+00  -1.39917835e-11  -3.84336134e-23   1.70202077e-24  -3.45730081e-51
  8.24000000e-06   0.00000000e+00   0.00000000e+00  -1.23693563e-11  -3.39770165e-23   1.50466175e-24  -2.70200947e-51
  8.32000000e-06   0.00000000e+00   0.00000000e+00  -1.62589997e-11  -4.46613621e-23   1.97781471e-24  -4.66824258e-51
  8.40000000e-06   0.00000000e+00   0.00000000e+00  -1.18925187e-11  -3.26672053e-23   1.44665715e-24  -2.49771097e-51
  8.48000000e-06   0.00000000e+00   0.00000000e+00  -1.44463517e-11  -3.96822533e-23   1.75731640e-24  -3.68552592e-51
  8.56000000e-06   0.00000000e+00   0.00000000e+00  -1.19411976e-11  -3.28009200e-23   1.45257867e-24  -2.51819377e-51
  8.64000000e-06   0.00000000e+00   0.00000000e+00  -1.16729035e-11  -3.20639509e-23   1.41994221e-24  -2.40620853e-51
  8.72000000e-06   0.00000000e+00   0.00000000e+00  -1.45606459e-11  -3.99962047e-23   1.77121963e-24  -3.74373627e-51
  8.80000000e-06   0.00000000e+00   0.00000000e+00  -1.91819255e-11  -5.26902598e-23   2.33337196e-24  -6.49735603e-51
  8.88000000e-06   0.00000000e+00   0.00000000e+00  -9.38467032e-12  -2.57784714e-23   1.14159168e-24  -1.55551596e-51
  8.96000000e-06   0.00000000e+00   0.00000000e+00  -1.65439264e-11  -4.54440186e-23   2.01247439e-24  -4.83331809e-51
  9.04000000e-06   0.00000000e+00   0.00000000e+00  -9.81364480e-12  -2.69568086e-23   1.19377398e-24  -1.70076248e-51
  9.12000000e-06   0.00000000e+00   0.00000000e+00  -1.28384116e-11  -3.52654505e-23   1.56171963e-24  -2.91063209e-51
  9.20000000e-06   0.00000000e+00   0.00000000e+00  -1.10709465e-11  -3.04104532e-23   1.34671757e-24  -2.16452592e-51
  9.28000000e-06   0.00000000e+00   0.00000000e+00  -1.13669912e-11  -3.12236496e-23   1.38272972e-24  -2.28178397e-51
  9.36000000e-06   0.00000000e+00   0.00000000e+00  -1.08380414e-11  -2.97706933e-23   1.31838599e-24  -2.07436577e-51
  9.44000000e-06   0.00000000e+00   0.00000000e+00  -1.92813637e-11  -5.29634038e-23   2.34546804e-24  -6.56495703e-51
  9.52000000e-06   0.00000000e+00   0.00000000e+00  -1.19745029e-11  -3.28924054e-23   1.45663005e-24  -2.53222913e-51
  9.60000000e-06   0.00000000e+00   0.00000000e+00  -1.19909033e-11  -3.29374551e-23   1.45862506e-24  -2.53903161e-51
  9.68000000e-06   0.00000000e+00   0.00000000e+00  -1.33307004e-11  -3.66177039e-23   1.62160374e-24  -3.13811028e-51
  9.76000000e-06   0.00000000e+00   0.00000000e+00  -1.25565317e-11  -3.44911629e-23   1.52743053e-24  -2.78437452e-51
  9.84000000e-06   0.00000000e+00   0.00000000e+00  -9.22193259e-12  -2.53314520e-23   1.12179555e-24  -1.50165268e-51
  9.92000000e-06   0.00000000e+00   0.00000000e+00  -1.37077054e-11  -3.76532877e-23   1.66746425e-24  -3.31796971e-51
  1.00000000e-05   0.00000000e+00   0.00000000e+00  -1.39240098e-11  -3.82474479e-23   1.69377645e-24  -3.42384229e-51
  1.00800000e-05   0.00000000e+00   0.00000000e+00  -1.31622284e-11  -3.61549333e-23   1.60111008e-24  -3.05945105e-51
  1.01600000e-05   0.00000000e+00   0.00000000e+00  -1.30225225e-11  -3.57711792e-23   1.58411565e-24  -2.99489956e-51
  1.02400000e-05   0.00000000e+00   0.00000000e+00  -1.20025745e-11  -3.29695144e-23   1.46004479e-24  -2.54409470e-51
  1.03200000e-05   0.00000000e+00   0.00000000e+00  -1.19732120e-11  -3.28888594e-23   1.45647300e-24  -2.53160291e-51
  1.04000000e-05   0.00000000e+00   0.00000000e+00  -1.29806102e-11  -3.56560515e-23   1.57901725e-24  -2.97542507e-51
  1.04800000e-05   0.00000000e+00   0.00000000e+00  -1.53264046e-11  -4.20996444e-23   1.86436977e-24  -4.14803470e-51
  1.05600000e-05   0.00000000e+00   0.00000000e+00  -9.96153807e-12  -2.73630523e-23   1.21176433e-24  -1.75260207e-51
  1.06400000e-05   0.00000000e+00   0.00000000e+00  -1.23840381e-11  -3.40173453e-23   1.50644765e-24  -2.70833089e-51
  1.07200000e-05   0.00000000e+00   0.00000000e+00  -1.35651280e-11  -3.72616460e-23   1.65012050e-24  -3.24936118e-51
  1.08000000e-05   0.00000000e+00   0.00000000e+00  -1.78462112e-11  -4.90212260e-23   2.17088987e-24  -5.62404412e-51
  1.08800000e-05   0.00000000e+00   0.00000000e+00  -8.48809856e-12  -2.33157051e-23   1.03252881e-24  -1.27254785e-51
  1.09600000e-05   0.00000000e+00   0.00000000e+00  -1.27285898e-11  -3.49637842e-23   1.54836040e-24  -2.86112267e-51
  1.10400000e-05   0.00000000e+00   0.00000000e+00  -1.30248414e-11  -3.57775489e-23   1.58439771e-24  -2.99585535e-51
  1.11200000e-05   0.00000000e+00   0.00000000e+00  -1.04381648e-11  -2.86722840e-23   1.26974325e-24  -1.92407033e-51
  1.12000000e-05   0.00000000e+00   0.00000000e+00  -1.46084787e-11  -4.01275949e-23   1.77703815e-24  -3.76843164e-51
  1.12800000e-05   0.00000000e+00   0.00000000e+00  -1.50936427e-11  -4.14602777e-23   1.83605560e-24  -4.02317614e-51
  1.13600000e-05   0.00000000e+00   0.00000000e+00  -1.05797536e-11  -2.90612101e-23   1.28696671e-24  -1.97676705e-51
  1.14400000e-05   0.00000000e+00   0.00000000e+00  -1.28916096e-11  -3.54115784e-23   1.56819081e-24  -2.93476988e-51
  1.15200000e-05   0.00000000e+00   0.00000000e+00  -1.22726530e-11  -3.37113850e-23   1.49289827e-24  -2.65963692e-51
  1.16000000e-05   0.00000000e+00   0.00000000e+00  -1.60005570e-11  -4.39514535e-23   1.94637654e-24  -4.52088366e-51
  1.16800000e-05   0.00000000e+00   0.00000000e+00  -8.29074335e-12  -2.27735960e-23   1.00852166e-24  -1.21409157e-51
  1.17600000e-05   0.00000000e+00   0.00000000e+00  -1.51001812e-11  -4.14782380e-23   1.83685095e-24  -4.02658069e-51
  1.18400000e-05   0.00000000e+00   0.00000000e+00  -1.10828419e-11  -3.04431283e-23   1.34816453e-24  -2.16905991e-51
  1.19200000e-05   0.00000000e+00   0.00000000e+00  -1.66551417e-11  -4.57495127e-23   2.02600303e-24  -4.89851159e-51
  1.20000000e-05   0.00000000e+00   0.00000000e+00  -9.98064890e-12  -2.74155472e-23   1.21408903e-24  -1.75918631e-51
  1.20800000e-05   0.00000000e+00   0.00000000e+00  -9.55218081e-12  -2.62386010e-23   1.16196833e-24  -1.61142157e-51
  1.21600000e-05   0.00000000e+00   0.00000000e+00  -7.29285363e-12  -2.00325224e-23   8.87134062e-25  -9.39305908e-52
  1.22400000e-05   0.00000000e+00   0.00000000e+00  -1.58453396e-11  -4.35250916e-23   1.92749522e-24  -4.43370092e-51
  1.23200000e-05   0.00000000e+00   0.00000000e+00  -8.79952095e-12  -2.41711420e-23   1.07041155e-24  -1.36751358e-51
  1.24000000e-05   0.00000000e+00   0.00000000e+00  -1.21818327e-11  -3.34619133e-23   1.48185048e-24  -2.62054193e-51
  1.24800000e-05   0.00000000e+00   0.00000000e+00  -5.77184180e-12  -1.58545004e-23   7.02111643e-25  -5.88375451e-52
  1.25600000e-05   0.00000000e+00   0.00000000e+00  -1.40500174e-11  -3.85935744e-23   1.70910450e-24  -3.48591718e-51
  1.26400000e-05   0.00000000e+00   0.00000000e+00  -1.52131692e-11  -4.17886015e-23   1.85059528e-24  -4.08745264e-51
  1.27200000e-05   0.00000000e+00   0.00000000e+00  -1.03206256e-11  -2.83494190e-23   1.25544524e-24  -1.88123017e-51
  1.28000000e-05   0.00000000e+00   0.00000000e+00  -1.26920862e-11  -3.48635136e-23   1.54391991e-24  -2.84473588e-51
  1.28800000e-05   0.00000000e+00   0.00000000e+00  -1.04026734e-11  -2.85747939e-23   1.26542590e-24  -1.91112555e-51
  1.29600000e-05   0.00000000e+00   0.00000000e+00  -1.05065870e-11  -2.88602308e-23   1.27806639e-24  -1.94939825e-51
  1.30400000e-05   0.00000000e+00   0.00000000e+00  -1.40166997e-11  -3.85020550e-23   1.70505158e-24  -3.46938711e-51
  1.31200000e-05   0.00000000e+00   0.00000000e+00  -1.09500599e-11  -3.00783934e-23   1.33201234e-24  -2.11751365e-51
  1.32000000e-05   0.00000000e+00   0.00000000e+00  -1.04335624e-11  -2.86596419e-23   1.26918336e-24  -1.92229127e-51
  1.32800000e-05   0.00000000e+00   0.00000000e+00  -1.27847839e-11  -3.51181422e-23   1.55519605e-24  -2.88632507e-51
  1.33600000e-05   0.00000000e+00   0.00000000e+00  -9.28039445e-12  -2.54920391e-23   1.12890705e-24  -1.52099531e-51
  1.34400000e-05   0.00000000e+00   0.00000000e+00  -1.56478463e-11  -4.29826030e-23   1.90347125e-24  -4.32376345e-51
  1.35200000e-05   0.00000000e+00   0.00000000e+00  -8.39242582e-12  -2.30529045e-23   1.02089073e-24  -1.24396231e-51
  1.36000000e-05   0.00000000e+00   0.00000000e+00  -1.04898894e-11  -2.88143647e-23   1.27603521e-24  -1.94316164e-51
  1.36800000e-05   0.00000000e+00   0.00000000e+00  -1.21051480e-11  -3.32512705e-23   1.47252221e-24  -2.58760862e-51
  1.37600000e-05   0.00000000e+00   0.00000000e+00  -1.24150965e-11  -3.41026589e-23   1.51022568e-24  -2.72207577e-51
  1.38400000e-05   0.00000000e+00   0.00000000e+00  -9.94691798e-12  -2.73228928e-23   1.20998583e-24  -1.74736020e-51
  1.39200000e-05   0.00000000e+00   0.00000000e+00  -1.14937926e-11  -3.15719565e-23   1.39815430e-24  -2.33286865e-51
  1.40000000e-05   0.00000000e+00   0.00000000e+00  -1.30654402e-11  -3.58890687e-23   1.58933628e-24  -3.01448731e-51
  1.40800000e-05   0.00000000e+00   0.00000000e+00  -1.09231376e-11  -3.00044412e-23   1.32873737e-24  -2.10692703e-51
  1.41600000e-05   0.00000000e+00   0.00000000e+00  -9.38398833e-12  -2.57765981e-23   1.14150865e-24  -1.55514325e-51
  1.42400000e-05   0.00000000e+00   0.00000000e+00  -1.60471823e-11  -4.40795271e-23   1.95204818e-24  -4.54715438e-51
  1.43200000e-05   0.00000000e+00   0.00000000e+00  -1.07706828e-11  -2.95856679e-23   1.31019212e-24  -2.04851008e-51
  1.44000000e-05   0.00000000e+00   0.00000000e+00  -1.34284146e-11  -3.68861122e-23   1.63349003e-24  -3.18424459e-51
  1.44800000e-05   0.00000000e+00   0.00000000e+00  -1.06490155e-11  -2.92514636e-23   1.29539199e-24  -2.00244722e-51
  1.45600000e-05   0.00000000e+00   0.00000000e+00  -1.42060788e-11  -3.90222548e-23   1.72808844e-24  -3.56368802e-51
  1.46400000e-05   0.00000000e+00   0.00000000e+00  -7.26888472e-12  -1.99666830e-23   8.84218356e-25  -9.33102228e-52
  1.47200000e-05   0.00000000e+00   0.00000000e+00  -8.48596734e-12  -2.33098510e-23   1.03226951e-24  -1.27165926e-51
  1.48000000e-05   0.00000000e+00   0.00000000e+00  -9.56890923e-12  -2.62845518e-23   1.16400321e-24  -1.61702385e-51
  1.48800000e-05   0.00000000e+00   0.00000000e+00  -8.54551851e-12  -2.34734303e-23   1.03951357e-24  -1.28958725e-51
  1.49600000e-05   0.00000000e+00   0.00000000e+00  -8.90224337e-12  -2.44533072e-23   1.08290711e-24  -1.39950031e-51
  1.50400000e-05   0.00000000e+00   0.00000000e+00  -9.99873792e-12  -2.74652354e-23   1.21628942e-24  -1.76562375e-51
  1.51200000e-05   0.00000000e+00   0.00000000e+00  -7.29413501e-12  -2.00360422e-23   8.87289904e-25  -9.39650342e-52
  1.52000000e-05   0.00000000e+00   0.00000000e+00  -8.08302023e-12  -2.22030075e-23   9.83253291e-25  -1.15361122e-51
  1.52800000e-05   0.00000000e+00   0.00000000e+00  -1.59908272e-11  -4.39247269e-23   1.94519288e-24  -4.51529711e-51
  1.53600000e-05   0.00000000e+00   0.00000000e+00  -9.43411296e-12  -2.59142839e-23   1.14760601e-24  -1.57187654e-51
  1.54400000e-05   0.00000000e+00   0.00000000e+00  -3.53053275e-12  -9.69791527e-24   4.29469163e-25  -2.20079350e-52
  1.55200000e-05   0.00000000e+00   0.00000000e+00  -6.11938602e-12  -1.68091592e-23   7.44388390e-25  -6.61223362e-52
  1.56000000e-05   0.00000000e+00   0.00000000e+00  -9.03053008e-12  -2.48056941e-23   1.09851245e-24  -1.44008955e-51
  1.56800000e-05   0.00000000e+00   0.00000000e+00  -1.03124133e-11  -2.83268608e-23   1.25444623e-24  -1.87795657e-51
  1.57600000e-05   0.00000000e+00   0.00000000e+00  -4.45724918e-12  -1.22434850e-23   5.42198927e-25  -3.50914412e-52
  1.58400000e-05   0.00000000e+00   0.00000000e+00  -8.92903899e-12  -2.45269113e-23   1.08616664e-24  -1.40795987e-51
  1.59200000e-05   0.00000000e+00   0.00000000e+00  -1.10602152e-11  -3.03809758e-23   1.34541206e-24  -2.16020342e-51
  1.60000000e-05   0.00000000e+00   0.00000000e+00  -9.14595882e-12  -2.51227619e-23   1.11255370e-24  -1.47723316e-51
  1.60800000e-05   0.00000000e+00   0.00000000e+00  -8.12322244e-12  -2.23134378e-23   9.88143652e-25  -1.16532962e-51
  1.61600000e-05   0.00000000e+00   0.00000000e+00  -8.53416100e-12  -2.34422327e-23   1.03813198e-24  -1.28616294e-51
  1.62400000e-05   0.00000000e+00   0.00000000e+00  -8.85610582e-12  -2.43265733e-23   1.07729473e-24  -1.38503284e-51
  1.63200000e-05   0.00000000e+00   0.00000000e+00  -9.49564893e-12  -2.60833152e-23   1.15509150e-24  -1.59229523e-51
  1.64000000e-05   0.00000000e+00   0.00000000e+00  -4.95874982e-12  -1.36210422e-23   6.03203615e-25  -4.34304180e-52
  1.64800000e-05   0.00000000e+00   0.00000000e+00  -9.71652862e-12  -2.66900431e-23   1.18196025e-24  -1.66713525e-51
  1.65600000e-05   0.00000000e+00   0.00000000e+00  -5.99439522e-12  -1.64658257e-23   7.29183966e-25  -6.34410477e-52
  1.66400000e-05   0.00000000e+00   0.00000000e+00  -1.14501678e-11  -3.14521249e-23   1.39284756e-24  -2.31499679e-51
  1.67200000e-05   0.00000000e+00   0.00000000e+00  -6.65387580e-12  -1.82773333e-23   8.09406015e-25  -7.81743398e-52
  1.68000000e-05   0.00000000e+00   0.00000000e+00  -1.05503770e-11  -2.89805164e-23   1.28339315e-24  -1.96550559e-51
  1.68800000e-05   0.00000000e+00   0.00000000e+00  -6.23620270e-12  -1.71300395e-23   7.58598465e-25  -6.86791611e-52
  1.69600000e-05   0.00000000e+00   0.00000000e+00  -1.30369680e-11  -3.58108591e-23   1.58587274e-24  -3.00121441e-51
  1.70400000e-05   0.00000000e+00   0.00000000e+00  -6.29529738e-12  -1.72923649e-23   7.65786994e-25  -6.99869652e-52
  1.71200000e-05   0.00000000e+00   0.00000000e+00  -8.48311919e-12  -2.33020275e-23   1.03192303e-24  -1.27098885e-51
  1.72000000e-05   0.00000000e+00   0.00000000e+00  -4.40611518e-12  -1.21030266e-23   5.35978762e-25  -3.42918230e-52
  1.72800000e-05   0.00000000e+00   0.00000000e+00  -7.71813045e-12  -2.12007027e-23   9.38866514e-25  -1.05199201e-51
  1.73600000e-05   0.00000000e+00   0.00000000e+00  -7.02243558e-12  -1.92897192e-23   8.54239204e-25  -8.70892816e-52
  1.74400000e-05   0.00000000e+00   0.00000000e+00  -7.14649975e-12  -1.96305073e-23   8.69330901e-25  -9.01877545e-52
  1.75200000e-05   0.00000000e+00   0.00000000e+00  -6.77744625e-12  -1.86167653e-23   8.24437649e-25  -8.11116815e-52
  1.76000000e-05   0.00000000e+00   0.00000000e+00  -5.90920502e-12  -1.62318193e-23   7.18821060e-25  -6.16700096e-52
  1.76800000e-05   0.00000000e+00   0.00000000e+00  -6.58319195e-12  -1.80831739e-23   8.00807722e-25  -7.65318715e-52
  1.77600000e-05   0.00000000e+00   0.00000000e+00  -7.13661112e-12  -1.96033445e-23   8.68128004e-25  -8.99402456e-52
  1.78400000e-05   0.00000000e+00   0.00000000e+00  -8.08331256e-12  -2.22038105e-23   9.83288830e-25  -1.15379759e-51
  1.79200000e-05   0.00000000e+00   0.00000000e+00  -1.01336425e-11  -2.78358008e-23   1.23269976e-24  -1.81337496e-51
  1.80000000e-05   0.00000000e+00   0.00000000e+00  -2.63243050e-12  -7.23094495e-24   3.20220143e-25  -1.22392828e-52
  1.80800000e-05   0.00000000e+00   0.00000000e+00  -5.63981997e-12  -1.54918535e-23   6.86051904e-25  -5.61689360e-52
  1.81600000e-05   0.00000000e+00   0.00000000e+00  -4.41103905e-12  -1.21165518e-23   5.36577719e-25  -3.43663539e-52
  1.82400000e-05   0.00000000e+00   0.00000000e+00  -3.37463951e-12  -9.26969677e-24   4.10505632e-25  -2.01151607e-52
  1.83200000e-05   0.00000000e+00   0.00000000e+00  -5.67575585e-13  -1.55905647e-24   6.90423298e-26  -5.69590376e-54
  1.84000000e-05   0.00000000e+00   0.00000000e+00  -2.51684995e-12  -6.91346017e-24   3.06160428e-25  -1.11891612e-52
  1.84800000e-05   0.00000000e+00   0.00000000e+00  -9.52887965e-14  -2.61745957e-25   1.15913381e-26  -1.61367809e-55
  1.85600000e-05   0.00000000e+00   0.00000000e+00  -7.03486768e-12  -1.93238685e-23   8.55751492e-25  -8.73917239e-52
  1.86400000e-05   0.00000000e+00   0.00000000e+00  -3.96702872e-12  -1.08969131e-23   4.82566397e-25  -2.77915930e-52
  1.87200000e-05   0.00000000e+00   0.00000000e+00  -3.25395441e-12  -8.93819045e-24   3.95824977e-25  -1.87018942e-52
  1.88000000e-05   0.00000000e+00   0.00000000e+00  -7.16202775e-12  -1.96731607e-23   8.71219788e-25  -9.05827155e-52
  1.88800000e-05   0.00000000e+00   0.00000000e+00  -7.49758642e-12  -2.05948969e-23   9.12038585e-25  -9.92696581e-52
  1.89600000e-05   0.00000000e+00   0.00000000e+00  -2.16295364e-12  -5.94135292e-24   2.63110961e-25  -8.25846246e-53
  1.90400000e-05   0.00000000e+00   0.00000000e+00  -5.62188658e-12  -1.54425928e-23   6.83870407e-25  -5.58053427e-52
  1.91200000e-05   0.00000000e+00   0.00000000e+00  -5.26581632e-12  -1.44645140e-23   6.40556493e-25  -4.89704006e-52
  1.92000000e-05   0.00000000e+00   0.00000000e+00  -1.12911087e-12  -3.10152103e-24   1.37349891e-25  -2.25333995e-53
  1.92800000e-05   0.00000000e+00   0.00000000e+00  -2.91518472e-12  -8.00763408e-24   3.54615577e-25  -1.50060156e-52
  1.93600000e-05   0.00000000e+00   0.00000000e+00  -4.91864875e-12  -1.35108898e-23   5.98325539e-25  -4.27228664e-52
  1.94400000e-05   0.00000000e+00   0.00000000e+00  -5.35631209e-12  -1.47130942e-23   6.51564785e-25  -5.06642129e-52
  1.95200000e-05   0.00000000e+00   0.00000000e+00  -2.67169068e-12  -7.33878755e-24   3.24995917e-25  -1.26069352e-52
  1.96000000e-05   0.00000000e+00   0.00000000e+00  -1.22604732e-12  -3.36779286e-24   1.49141656e-25  -2.65534464e-53
  1.96800000e-05   0.00000000e+00   0.00000000e+00  -3.24880301e-12  -8.92404023e-24   3.95198338e-25  -1.86336849e-52
  1.97600000e-05   0.00000000e+00   0.00000000e+00  -9.69437272e-12  -2.66291837e-23   1.17926509e-24  -1.65943799e-51
  1.98400000e-05   0.00000000e+00   0.00000000e+00  -1.05882799e-12  -2.90846308e-24   1.28800380e-25  -1.98271825e-53
  1.99200000e-05   0.00000000e+00   0.00000000e+00  -5.35036461e-14  -1.46967572e-25   6.50841307e-27  -4.95571420e-56
  2.00000000e-05   0.00000000e+00   0.00000000e+00  -4.28955327e-12  -1.17828461e-23   5.21799664e-25  -3.24859318e-52
  2.00800000e-05   0.00000000e+00   0.00000000e+00  -4.64696564e-12  -1.27646115e-23   5.65276838e-25  -3.81429615e-52
  2.01600000e-05   0.00000000e+00   0.00000000e+00  -4.92440587e-13  -1.35267038e-24   5.99025858e-26  -4.29142587e-54
  2.02400000e-05   0.00000000e+00   0.00000000e+00  -4.47831578e-12  -1.23013523e-23   5.44761546e-25  -3.54128009e-52
  2.03200000e-05   0.00000000e+00   0.00000000e+00   3.51503854e-13   9.65535468e-25  -4.27584369e-26  -2.17637057e-54
  2.04000000e-05   0.00000000e+00   0.00000000e+00  -7.82522837e-12  -2.14948868e-23   9.51894352e-25  -1.08111787e-51
  2.04800000e-05   0.00000000e+00   0.00000000e+00  -2.36987423e-12  -6.50973693e-24   2.88281668e-25  -9.91361749e-53
  2.05600000e-05   0.00000000e+00   0.00000000e+00  -6.66635732e-12  -1.83116184e-23   8.10924305e-25  -7.84667422e-52
  2.06400000e-05   0.00000000e+00   0.00000000e+00  -4.12120332e-12  -1.13204106e-23   5.01320852e-25  -2.99923834e-52
  2.07200000e-05   0.00000000e+00   0.00000000e+00  -4.71052485e-12  -1.29392004e-23   5.73008452e-25  -3.91835192e-52
  2.08000000e-05   0.00000000e+00   0.00000000e+00   1.08710895e-12   2.98614721e-24  -1.32240597e-25  -2.08492397e-53
  2.08800000e-05   0.00000000e+00   0.00000000e+00  -3.83429163e-12  -1.05323015e-23   4.66419684e-25  -2.59584408e-52
  2.09600000e-05   0.00000000e+00   0.00000000e+00   7.63130404e-12   2.09622018e-23  -9.28304562e-25  -1.02813598e-51
  2.10400000e-05   0.00000000e+00   0.00000000e+00  -1.31641649e-12  -3.61602526e-24   1.60134550e-25  -3.06222559e-53
  2.11200000e-05   0.00000000e+00   0.00000000e+00   1.98354124e-12   5.44853037e-24  -2.41286466e-25  -6.94512784e-53
  2.12000000e-05   0.00000000e+00   0.00000000e+00   2.06602859e-12   5.67511240e-24  -2.51320581e-25  -7.53470041e-53
  2.12800000e-05   0.00000000e+00   0.00000000e+00   5.58767069e-12   1.53486062e-23  -6.79708235e-25  -5.51279191e-52
  2.13600000e-05   0.00000000e+00   0.00000000e+00  -2.30470693e-12  -6.33073083e-24   2.80354439e-25  -9.38179936e-53
  2.14400000e-05   0.00000000e+00   0.00000000e+00  -4.39047228e-12  -1.20600576e-23   5.34075884e-25  -3.40429920e-52
  2.15200000e-05   0.00000000e+00   0.00000000e+00   1.05004985e-12   2.88435065e-24  -1.27732568e-25  -1.94749885e-53
  2.16000000e-05   0.00000000e+00   0.00000000e+00   3.89766041e-12   1.07063673e-23  -4.74128134e-25  -2.68309227e-52
  2.16800000e-05   0.00000000e+00   0.00000000e+00   2.13178695e-12   5.85574210e-24  -2.59319711e-25  -8.02704980e-53
  2.17600000e-05   0.00000000e+00   0.00000000e+00  -2.48853984e-12  -6.83569596e-24   3.02716662e-25  -1.09357139e-52
  2.18400000e-05   0.00000000e+00   0.00000000e+00  -2.95793961e-12  -8.12507621e-24   3.59816464e-25  -1.54504026e-52
  2.19200000e-05   0.00000000e+00   0.00000000e+00   4.09369651e-12   1.12448530e-23  -4.97974806e-25  -2.95886044e-52
  2.20000000e-05   0.00000000e+00   0.00000000e+00  -1.61660795e-11  -4.44061224e-23   1.96651127e-24  -4.61438741e-51
  2.20800000e-05   0.00000000e+00   0.00000000e+00   9.80763859e-12   2.69403104e-23  -1.19304323e-24  -1.69860992e-51
  2.21600000e-05   0.00000000e+00   0.00000000e+00  -2.50740724e-12  -6.88752228e-24   3.05011774e-25  -1.11096334e-52
  2.22400000e-05   0.00000000e+00   0.00000000e+00   3.76477412e-12   1.03413459e-23  -4.57963275e-25  -2.50193123e-52
  2.23200000e-05   0.00000000e+00   0.00000000e+00   2.26137702e-12   6.21170920e-24  -2.75083603e-25  -9.03161881e-53
  2.24000000e-05   0.00000000e+00   0.00000000e+00   1.40271768e-12   3.85308343e-24  -1.70632597e-25  -3.47524501e-53
  2.24800000e-05   0.00000000e+00   0.00000000e+00  -5.06398892e-13  -1.39101204e-24   6.16005338e-26  -4.54378443e-54
  2.25600000e-05   0.00000000e+00   0.00000000e+00   6.27995896e-12   1.72502322e-23  -7.63921150e-25  -6.96265215e-52
  2.26400000e-05   0.00000000e+00   0.00000000e+00  -9.77291698e-13  -2.68449346e-24   1.18881955e-25  -1.68613367e-53
  2.27200000e-05   0.00000000e+00   0.00000000e+00   2.83325400e-12   7.78258103e-24  -3.44649172e-25  -1.41691632e-52
  2.28000000e-05   0.00000000e+00   0.00000000e+00   8.18845240e-12   2.24926160e-23  -9.96078481e-25  -1.18388924e-51
  2.28800000e-05   0.00000000e+00   0.00000000e+00   2.16172702e-12   5.93798358e-24  -2.62961750e-25  -8.25532829e-53
  2.29600000e-05   0.00000000e+00   0.00000000e+00  -9.09118378e-13  -2.49723020e-24   1.10589060e-25  -1.45831881e-53
  2.30400000e-05   0.00000000e+00   0.00000000e+00   2.86119913e-13   7.85934267e-25  -3.48048538e-26  -1.43929117e-54
  2.31200000e-05   0.00000000e+00   0.00000000e+00   5.35583240e-12   1.47117765e-23  -6.51506432e-25  -5.06441867e-52
  2.32000000e-05   0.00000000e+00   0.00000000e+00  -4.11585154e-13  -1.13057100e-24   5.00669840e-26  -2.98395657e-54
  2.32800000e-05   0.00000000e+00   0.00000000e+00   3.26631318e-12   8.97213840e-24  -3.97328349e-25  -1.88414861e-52
  2.33600000e-05   0.00000000e+00   0.00000000e+00   2.63200792e-12   7.22978418e-24  -3.20168736e-25  -1.22342957e-52
  2.34400000e-05   0.00000000e+00   0.00000000e+00  -1.34224242e-13  -3.68696572e-25   1.63276126e-26  -3.21666748e-55
  2.35200000e-05   0.00000000e+00   0.00000000e+00   5.77372507e-12   1.58596734e-23  -7.02340689e-25  -5.88544789e-52
  2.36000000e-05   2.64687302e-13  -7.85075608e-14   4.20868996e-12   1.17229627e-23   3.50191223e-26  -7.36611664e-25
  2.36800000e-05   5.95852840e-13  -1.76732898e-13   9.95354690e-12   2.77063240e-23   2.05510601e-26  -1.65822897e-24
  2.37600000e-05   2.84803505e-12  -1.19690709e-12  -4.02048236e-12  -8.57030802e-24   6.37459682e-24  -7.96877957e-24
  2.38400000e-05   3.49580994e-12  -2.14819488e-12   1.25593885e-12   7.88919377e-24   7.07139159e-24  -9.86385186e-24
  2.39200000e-05   6.02754033e-12  -2.14978950e-12  -6.69018920e-13   2.60487991e-24   1.25374291e-23  -1.68183806e-23
  2.40000000e-05  -1.25566992e-12   3.82503204e-13   3.35620494e-12   8.42860799e-24  -3.00313313e-24   3.49569164e-24
  2.40800000e-05  -4.33188045e-12   1.31958100e-12  -7.05907389e-12  -2.21173035e-23  -8.09323175e-24   1.20596329e-23
  2.41600000e-05  -5.46497123e-12   2.64836901e-12   4.29651221e-12   6.32904768e-24  -1.18161314e-23   1.53337257e-23
  2.42400000e-05  -1.13238610e-11   4.19619614e-12   7.42899475e-12   1.17349513e-23  -2.43047067e-23   3.16156199e-23
  2.43200000e-05   2.91522314e-12  -3.16330212e-13  -2.14832601e-12  -5.24746929e-24   6.28570538e-24  -8.04621939e-24
  2.44000000e-05   3.94060384e-14  -1.84975560e-14   3.77756107e-12   1.04146956e-23  -3.78085278e-25  -1.10493396e-25
  2.44800000e-05   3.54455889e-13  -1.66384847e-13   4.89915086e-12   1.38011696e-23   1.36537287e-25  -9.93884092e-25
  2.45600000e-05   0.00000000e+00   0.00000000e+00   3.55179843e-12   9.75632933e-24  -4.32056001e-25  -2.22692553e-52
  2.46400000e-05   0.00000000e+00   0.00000000e+00   9.09133993e-12   2.49727309e-23  -1.10590960e-24  -1.45937889e-51
  2.47200000e-05   0.00000000e+00   0.00000000e+00   6.47859286e-12   1.77958538e-23  -7.88083835e-25  -7.41243056e-52
  2.48000000e-05   0.00000000e+00   0.00000000e+00   5.23521917e-12   1.43804676e-23  -6.36834524e-25  -4.84031857e-52
  2.48800000e-05   0.00000000e+00   0.00000000e+00  -6.94213424e-12  -1.90691418e-23   8.44470997e-25  -8.50929651e-52
  2.49600000e-05   0.00000000e+00   0.00000000e+00   4.62863662e-12   1.27142641e-23  -5.63047220e-25  -3.78336249e-52
  2.50400000e-05   0.00000000e+00   0.00000000e+00   4.91190199e-12   1.34923573e-23  -5.97504835e-25  -4.26060769e-52
  2.51200000e-05   0.00000000e+00   0.00000000e+00   3.31157970e-12   9.09647964e-24  -4.02834764e-25  -1.93623495e-52
  2.52000000e-05   0.00000000e+00   0.00000000e+00   6.08068043e-12   1.67028400e-23  -7.39680060e-25  -6.52879959e-52
  2.52800000e-05   0.00000000e+00   0.00000000e+00   4.11659288e-12   1.13077464e-23  -5.00760023e-25  -2.99172810e-52
  2.53600000e-05   0.00000000e+00   0.00000000e+00   9.12640545e-12   2.50690513e-23  -1.11017512e-24  -1.47068052e-51
  2.54400000e-05   0.00000000e+00   0.00000000e+00   3.85142050e-12   1.05793523e-23  -4.68503317e-25  -2.61998451e-52
  2.55200000e-05   0.00000000e+00   0.00000000e+00   3.93510260e-12   1.08092161e-23  -4.78682766e-25  -2.73397453e-52
  2.56000000e-05   0.00000000e+00   0.00000000e+00   7.41715586e-12   2.03739645e-23  -9.02254668e-25  -9.71409311e-52
  2.56800000e-05   0.00000000e+00   0.00000000e+00   7.08497828e-12   1.94615158e-23  -8.61847163e-25  -8.86430025e-52
  2.57600000e-05   0.00000000e+00   0.00000000e+00   7.80361545e-12   2.14355189e-23  -9.49265272e-25  -1.07537552e-51
  2.58400000e-05   0.00000000e+00   0.00000000e+00   2.92083289e-12   8.02314886e-24  -3.55302647e-25  -1.50688384e-52
  2.59200000e-05   0.00000000e+00   0.00000000e+00   5.55190249e-13   1.52503556e-24  -6.75357245e-26  -5.44909761e-54
  2.60000000e-05   0.00000000e+00   0.00000000e+00   6.52218916e-12   1.79156072e-23  -7.93387080e-25  -7.51081980e-52
  2.60800000e-05   0.00000000e+00   0.00000000e+00   5.50351542e-12   1.51174426e-23  -6.69471235e-25  -5.34891721e-52
  2.61600000e-05   0.00000000e+00   0.00000000e+00   5.14478786e-12   1.41320645e-23  -6.25834075e-25  -4.67434688e-52
  2.62400000e-05   0.00000000e+00   0.00000000e+00   3.79842804e-12   1.04337889e-23  -4.62057089e-25  -2.54812972e-52
  2.63200000e-05   0.00000000e+00   0.00000000e+00   2.56337201e-12   7.04125023e-24  -3.11819573e-25  -1.16052369e-52
  2.64000000e-05   0.00000000e+00   0.00000000e+00   4.45980985e-12   1.22505189e-23  -5.42510411e-25  -3.51074020e-52
  2.64800000e-05   0.00000000e+00   0.00000000e+00   1.31841001e-11   3.62150118e-23  -1.60377052e-24  -3.06907539e-51
  2.65600000e-05   0.00000000e+00   0.00000000e+00   6.29640319e-12   1.72954024e-23  -7.65921508e-25  -7.00070682e-52
  2.66400000e-05   0.00000000e+00   0.00000000e+00   7.89225941e-12   2.16790123e-23  -9.60048308e-25  -1.09993977e-51
  2.67200000e-05   0.00000000e+00   0.00000000e+00   8.78064467e-12   2.41192913e-23  -1.06811530e-24  -1.36150815e-51
  2.68000000e-05   0.00000000e+00   0.00000000e+00   2.74458333e-12   7.53901422e-24  -3.33862897e-25  -1.32999979e-52
  2.68800000e-05   0.00000000e+00   0.00000000e+00   4.75904509e-12   1.30724792e-23  -5.78910671e-25  -3.99919061e-52
  2.69600000e-05   0.00000000e+00   0.00000000e+00   3.52635432e-12   9.68643765e-24  -4.28960875e-25  -2.19571277e-52
  2.70400000e-05   0.00000000e+00   0.00000000e+00   5.30582746e-12   1.45744194e-23  -6.45423626e-25  -4.97105143e-52
  2.71200000e-05   0.00000000e+00   0.00000000e+00   1.29076537e-12   3.54556496e-24  -1.57014240e-25  -2.94216222e-53
  2.72000000e-05   0.00000000e+00   0.00000000e+00   3.58393805e-12   9.84461270e-24  -4.35965608e-25  -2.26863452e-52
  2.72800000e-05   0.00000000e+00   0.00000000e+00   1.43418974e-12   3.93953310e-24  -1.74460996e-25  -3.63374443e-53
  2.73600000e-05   0.00000000e+00   0.00000000e+00   5.04732873e-12   1.38643570e-23  -6.13978731e-25  -4.49969223e-52
  2.74400000e-05   0.00000000e+00   0.00000000e+00   1.27216554e-12   3.49447363e-24  -1.54751677e-25  -2.86014342e-53
  2.75200000e-05   0.00000000e+00   0.00000000e+00   2.00450303e-12   5.50610967e-24  -2.43836352e-25  -7.09647272e-53
  2.76000000e-05   0.00000000e+00   0.00000000e+00   1.06882235e-12   2.93591628e-24  -1.30016138e-25  -2.01782975e-53
  2.76800000e-05   0.00000000e+00   0.00000000e+00   4.03022544e-12   1.10705062e-23  -4.90253922e-25  -2.86794979e-52
  2.77600000e-05   0.00000000e+00   0.00000000e+00   2.32654902e-12   6.39072822e-24  -2.83011410e-25  -9.56418297e-53
  2.78400000e-05   0.00000000e+00   0.00000000e+00  -2.92490301e-12  -8.03432898e-24   3.55797758e-25  -1.51010243e-52
  2.79200000e-05   0.00000000e+00   0.00000000e+00  -2.31160214e-12  -6.34967108e-24   2.81193207e-25  -9.43415661e-53
  2.80000000e-05   0.00000000e+00   0.00000000e+00  -4.47288659e-12  -1.22864390e-23   5.44101124e-25  -3.53265913e-52
  2.80800000e-05   0.00000000e+00   0.00000000e+00   2.66412960e-12   7.31801826e-24  -3.24076160e-25  -1.25364170e-52
  2.81600000e-05   0.00000000e+00   0.00000000e+00   5.95300982e-13   1.63521454e-24  -7.24149667e-26  -6.26366990e-54
  2.82400000e-05   0.00000000e+00   0.00000000e+00   6.32343434e-12   1.73696535e-23  -7.69209696e-25  -7.06093426e-52
  2.83200000e-05   0.00000000e+00   0.00000000e+00   4.66152827e-12   1.28046132e-23  -5.67048308e-25  -3.83706689e-52
  2.84000000e-05   0.00000000e+00   0.00000000e+00   6.19415243e-12   1.70145328e-23  -7.53483290e-25  -6.77509417e-52
  2.84800000e-05   0.00000000e+00   0.00000000e+00   1.24831838e-12   3.42896859e-24  -1.51850807e-25  -2.75446529e-53
  2.85600000e-05   0.00000000e+00   0.00000000e+00  -3.44544433e-12  -9.46418842e-24   4.19118639e-25  -2.09566073e-52
  2.86400000e-05   0.00000000e+00   0.00000000e+00   5.37370305e-12   1.47608649e-23  -6.53680307e-25  -5.09936779e-52
  2.87200000e-05   0.00000000e+00   0.00000000e+00   5.83968825e-12   1.60408657e-23  -7.10364747e-25  -6.02211558e-52
  2.88000000e-05   0.00000000e+00   0.00000000e+00   4.01232519e-12   1.10213366e-23  -4.88076461e-25  -2.84356555e-52
  2.88800000e-05   0.00000000e+00   0.00000000e+00   6.30683807e-12   1.73240657e-23  -7.67190857e-25  -7.02586747e-52
  2.89600000e-05   0.00000000e+00   0.00000000e+00   6.04078227e-13   1.65932449e-24  -7.34826688e-26  -6.45935520e-54
  2.90400000e-05   0.00000000e+00   0.00000000e+00   3.32544089e-12   9.13455454e-24  -4.04520905e-25  -1.95288046e-52
  2.91200000e-05   0.00000000e+00   0.00000000e+00   3.36304848e-12   9.23785771e-24  -4.09095654e-25  -1.99730075e-52
  2.92000000e-05   0.00000000e+00   0.00000000e+00   6.72362389e-12   1.84689222e-23  -8.17890475e-25  -7.98387197e-52
  2.92800000e-05   0.00000000e+00   0.00000000e+00   4.97005008e-12   1.36520826e-23  -6.04578229e-25  -4.36252834e-52
  2.93600000e-05   0.00000000e+00   0.00000000e+00   5.28665110e-13   1.45217445e-24  -6.43090936e-26  -4.94877447e-54
  2.94400000e-05   0.00000000e+00   0.00000000e+00   3.26711542e-12   8.97434206e-24  -3.97425946e-25  -1.88470015e-52
  2.95200000e-05   0.00000000e+00   0.00000000e+00   5.22642401e-12   1.43563085e-23  -6.35764655e-25  -4.82333028e-52
  2.96000000e-05   0.00000000e+00   0.00000000e+00   4.93947524e-12   1.35680974e-23  -6.00858974e-25  -4.31000357e-52
  2.96800000e-05   0.00000000e+00   0.00000000e+00  -1.32015203e-12  -3.62628630e-24   1.60588961e-25  -3.07405303e-53
  2.97600000e-05   0.00000000e+00   0.00000000e+00   4.61971174e-12   1.26897486e-23  -5.61961569e-25  -3.76880181e-52
  2.98400000e-05   0.00000000e+00   0.00000000e+00   4.82725499e-12   1.32598430e-23  -5.87208022e-25  -4.11504167e-52
  2.99200000e-05   0.00000000e+00   0.00000000e+00   7.40784819e-12   2.03483976e-23  -9.01122459e-25  -9.69065561e-52
  3.00000000e-05   0.00000000e+00   0.00000000e+00   3.85694560e-12   1.05945290e-23  -4.69175422e-25  -2.62705780e-52
  3.00800000e-05   0.00000000e+00   0.00000000e+00   3.70854786e-12   1.01868997e-23  -4.51123685e-25  -2.42879324e-52
  3.01600000e-05   0.00000000e+00   0.00000000e+00   5.12622863e-12   1.40810848e-23  -6.23576460e-25  -4.64058407e-52
  3.02400000e-05   0.00000000e+00   0.00000000e+00   5.20756905e-12   1.43045163e-23  -6.33471058e-25  -4.78902167e-52
  3.03200000e-05   0.00000000e+00   0.00000000e+00   6.26950692e-12   1.72215218e-23  -7.62649741e-25  -6.94108798e-52
  3.04000000e-05   0.00000000e+00   0.00000000e+00   7.28851888e-12   2.00206154e-23  -8.86606731e-25  -9.38084176e-52
  3.04800000e-05   0.00000000e+00   0.00000000e+00   5.35517537e-12   1.47099717e-23  -6.51426526e-25  -5.06400900e-52
  3.05600000e-05   0.00000000e+00   0.00000000e+00   6.45676351e-12   1.77358914e-23  -7.85428437e-25  -7.36336776e-52
  3.06400000e-05   0.00000000e+00   0.00000000e+00   2.39441849e-12   6.57715684e-24  -2.91267346e-25  -1.01289103e-52
  3.07200000e-05   0.00000000e+00   0.00000000e+00   4.72107838e-12   1.29681896e-23  -5.74292246e-25  -3.93606175e-52
  3.08000000e-05   0.00000000e+00   0.00000000e+00   4.67513604e-12   1.28419920e-23  -5.68703623e-25  -3.85982840e-52
  3.08800000e-05   0.00000000e+00   0.00000000e+00   7.09546131e-12   1.94903113e-23  -8.63122381e-25  -8.89027895e-52
  3.09600000e-05   0.00000000e+00   0.00000000e+00   8.68403156e-12   2.38539077e-23  -1.05636289e-24  -1.33168451e-51
  3.10400000e-05   0.00000000e+00   0.00000000e+00   1.01418194e-11   2.78582617e-23  -1.23369446e-24  -1.81640825e-51
  3.11200000e-05   0.00000000e+00   0.00000000e+00   2.54377772e-12   6.98742725e-24  -3.09436045e-25  -1.14203027e-52
  3.12000000e-05   0.00000000e+00   0.00000000e+00   8.61394840e-12   2.36613983e-23  -1.04783767e-24  -1.31010602e-51
  3.12800000e-05   0.00000000e+00   0.00000000e+00   8.43444305e-12   2.31683204e-23  -1.02600187e-24  -1.25625031e-51
  3.13600000e-05   0.00000000e+00   0.00000000e+00   9.60463611e-12   2.63826889e-23  -1.16834918e-24  -1.62902229e-51
  3.14400000e-05   0.00000000e+00   0.00000000e+00   4.41274076e-12   1.21212262e-23  -5.36784736e-25  -3.43867837e-52
  3.15200000e-05   0.00000000e+00   0.00000000e+00   4.56291674e-12   1.25337401e-23  -5.55052787e-25  -3.67671476e-52
  3.16000000e-05   0.00000000e+00   0.00000000e+00   7.16378165e-12   1.96779785e-23  -8.71433166e-25  -9.06118927e-52
  3.16800000e-05   0.00000000e+00   0.00000000e+00   6.59876577e-12   1.81259532e-23  -8.02702207e-25  -7.69119619e-52
  3.17600000e-05   0.00000000e+00   0.00000000e+00   1.12610589e-12   3.09326673e-24  -1.36984357e-25  -2.24214849e-53
  3.18400000e-05   0.00000000e+00   0.00000000e+00   5.18802735e-12   1.42508378e-23  -6.31093929e-25  -4.75369792e-52
  3.19200000e-05   0.00000000e+00   0.00000000e+00   2.86367186e-12   7.86613494e-24  -3.48349344e-25  -1.44848182e-52
  3.20000000e-05   0.00000000e+00   0.00000000e+00   5.15991302e-12   1.41736114e-23  -6.27673980e-25  -4.70213525e-52
  3.20800000e-05   0.00000000e+00   0.00000000e+00   3.64233723e-12   1.00050277e-23  -4.43069544e-25  -2.34306300e-52
  3.21600000e-05   0.00000000e+00   0.00000000e+00   7.26668054e-12   1.99606284e-23  -8.83950231e-25  -9.32627394e-52
  3.22400000e-05   0.00000000e+00   0.00000000e+00   5.76426953e-12   1.58337003e-23  -7.01190503e-25  -5.86719963e-52
  3.23200000e-05   0.00000000e+00   0.00000000e+00   7.68177632e-12   2.11008426e-23  -9.34444265e-25  -1.04201660e-51
  3.24000000e-05   0.00000000e+00   0.00000000e+00   6.71837367e-12   1.84545005e-23  -8.17251829e-25  -7.97087300e-52
  3.24800000e-05   0.00000000e+00   0.00000000e+00   6.77063662e-12   1.85980601e-23  -8.23609319e-25  -8.09536803e-52
  3.25600000e-05   0.00000000e+00   0.00000000e+00   3.79977235e-12   1.04374815e-23  -4.62220630e-25  -2.55056452e-52
  3.26400000e-05   0.00000000e+00   0.00000000e+00  -1.19587552e-12  -3.28491486e-24   1.45471435e-25  -2.52288064e-53
  3.27200000e-05   0.00000000e+00   0.00000000e+00   4.87442367e-12   1.33894092e-23  -5.92945832e-25  -4.19681776e-52
  3.28000000e-05   0.00000000e+00   0.00000000e+00   4.92546136e-12   1.35296031e-23  -5.99154276e-25  -4.28349925e-52
  3.28800000e-05   0.00000000e+00   0.00000000e+00   8.26240529e-12   2.26957550e-23  -1.00507447e-24  -1.20544545e-51
  3.29600000e-05   0.00000000e+00   0.00000000e+00   4.56133548e-12   1.25293966e-23  -5.54860441e-25  -3.67514327e-52
  3.30400000e-05   0.00000000e+00   0.00000000e+00  -1.36660424e-13  -3.75388449e-25   1.66239610e-26  -3.26981709e-55
  3.31200000e-05   0.00000000e+00   0.00000000e+00   4.03019773e-12   1.10704301e-23  -4.90250564e-25  -2.86958556e-52
  3.32000000e-05   0.00000000e+00   0.00000000e+00  -2.95071971e-12  -8.10524410e-24   3.58938221e-25  -1.53665875e-52
  3.32800000e-05   0.00000000e+00   0.00000000e+00   3.62679014e-12   9.96232183e-24  -4.41178332e-25  -2.32377215e-52
  3.33600000e-05   0.00000000e+00   0.00000000e+00   5.03235884e-12   1.38232366e-23  -6.12157747e-25  -4.47265020e-52
  3.34400000e-05   0.00000000e+00   0.00000000e+00   3.02506420e-12   8.30945875e-24  -3.67981804e-25  -1.61629138e-52
  3.35200000e-05   0.00000000e+00   0.00000000e+00   6.06820224e-12   1.66685640e-23  -7.38162188e-25  -6.50122277e-52
  3.36000000e-05   0.00000000e+00   0.00000000e+00   1.18507805e-11   3.25525560e-23  -1.44157985e-24  -2.47981540e-51
  3.36800000e-05   0.00000000e+00   0.00000000e+00   5.64602981e-12   1.55089111e-23  -6.86807321e-25  -5.62876634e-52
  3.37600000e-05   0.00000000e+00   0.00000000e+00   8.32596628e-12   2.28703488e-23  -1.01280631e-24  -1.22408837e-51
  3.38400000e-05   0.00000000e+00   0.00000000e+00   5.70378664e-12   1.56675617e-23  -6.93833111e-25  -5.74398229e-52
  3.39200000e-05   0.00000000e+00   0.00000000e+00   3.87197403e-12   1.06358101e-23  -4.71003555e-25  -2.64849354e-52
  3.40000000e-05   0.00000000e+00   0.00000000e+00  -1.67837875e-12  -4.61028861e-24   2.04165202e-25  -4.97049047e-53
  3.40800000e-05   0.00000000e+00   0.00000000e+00   5.80325538e-12   1.59407894e-23  -7.05932915e-25  -5.94714276e-52
  3.41600000e-05   0.00000000e+00   0.00000000e+00   6.52082866e-12   1.79118700e-23  -7.93221613e-25  -7.50882623e-52
  3.42400000e-05   0.00000000e+00   0.00000000e+00   3.40353008e-12   9.34905541e-24  -4.14020021e-25  -2.04625811e-52
  3.43200000e-05   0.00000000e+00   0.00000000e+00  -4.46323149e-13  -1.22599177e-24   5.42926654e-26  -3.51026756e-54
  3.44000000e-05   0.00000000e+00   0.00000000e+00   7.59574675e-12   2.08645305e-23  -9.23979268e-25  -1.01883080e-51
  3.44800000e-05   0.00000000e+00   0.00000000e+00   6.02848057e-12   1.65594537e-23  -7.33330277e-25  -6.41883902e-52
  3.45600000e-05   0.00000000e+00   0.00000000e+00   2.56757355e-12   7.05279132e-24  -3.12330678e-25  -1.16458327e-52
  3.46400000e-05   0.00000000e+00   0.00000000e+00   3.42205794e-12   9.39994903e-24  -4.16273830e-25  -2.06721534e-52
  3.47200000e-05   0.00000000e+00   0.00000000e+00   8.69839915e-12   2.38933736e-23  -1.05811065e-24  -1.33595315e-51
  3.48000000e-05   0.00000000e+00   0.00000000e+00   4.54725925e-12   1.24907310e-23  -5.53148153e-25  -3.65076883e-52
  3.48800000e-05   0.00000000e+00   0.00000000e+00   8.46389156e-12   2.32492116e-23  -1.02958413e-24  -1.26493544e-51
  3.49600000e-05   0.00000000e+00   0.00000000e+00   6.58520782e-12   1.80887113e-23  -8.01052974e-25  -7.65807624e-52
  3.50400000e-05   0.00000000e+00   0.00000000e+00   5.34367199e-12   1.46783734e-23  -6.50027221e-25  -5.04264713e-52
  3.51200000e-05   0.00000000e+00   0.00000000e+00   5.31555975e-12   1.46011528e-23  -6.46607528e-25  -4.98972955e-52
  3.52000000e-05   0.00000000e+00   0.00000000e+00   5.50538087e-12   1.51225667e-23  -6.69698185e-25  -5.35203371e-52
  3.52800000e-05   0.00000000e+00   0.00000000e+00   7.24571054e-12   1.99030265e-23  -8.81399365e-25  -9.27073798e-52
  3.53600000e-05   0.00000000e+00   0.00000000e+00   3.30551485e-12   9.07982030e-24  -4.02097030e-25  -1.93012664e-52
  3.54400000e-05   0.00000000e+00   0.00000000e+00  -6.26921775e-13  -1.72207275e-24   7.62614586e-26  -6.92984988e-54
  3.55200000e-05   0.00000000e+00   0.00000000e+00   5.51588057e-12   1.51514081e-23  -6.70975414e-25  -5.37228364e-52
  3.56000000e-05   0.00000000e+00   0.00000000e+00   5.50345760e-12   1.51172838e-23  -6.69464232e-25  -5.34918344e-52
  3.56800000e-05   0.00000000e+00   0.00000000e+00   3.58653983e-12   9.85175944e-24  -4.36282116e-25  -2.27189245e-52
  3.57600000e-05   0.00000000e+00   0.00000000e+00   4.53186834e-12   1.24484542e-23  -5.51275938e-25  -3.62718563e-52
  3.58400000e-05   0.00000000e+00   0.00000000e+00   2.99617984e-12   8.23011718e-24  -3.64468191e-25  -1.58551308e-52
  3.59200000e-05   0.00000000e+00   0.00000000e+00   4.36315718e-12   1.19850265e-23  -5.30753188e-25  -3.36182239e-52
  3.60000000e-05   0.00000000e+00   0.00000000e+00   4.57915167e-12   1.25783353e-23  -5.57027687e-25  -3.70291173e-52
  3.60800000e-05   0.00000000e+00   0.00000000e+00   2.85831854e-12   7.85143006e-24  -3.47698150e-25  -1.44325718e-52
  3.61600000e-05   0.00000000e+00   0.00000000e+00   4.64112244e-12   1.27485610e-23  -5.64566078e-25  -3.80292142e-52
  3.62400000e-05   0.00000000e+00   0.00000000e+00   9.22001098e-12   2.53261736e-23  -1.12156176e-24  -1.50102311e-51
  3.63200000e-05   0.00000000e+00   0.00000000e+00   5.05128864e-12   1.38752343e-23  -6.14460458e-25  -4.50524348e-52
  3.64000000e-05   0.00000000e+00   0.00000000e+00   8.05335545e-12   2.21215222e-23  -9.79644766e-25  -1.14522728e-51
  3.64800000e-05   0.00000000e+00   0.00000000e+00   6.57215259e-12   1.80528502e-23  -7.99464885e-25  -7.62749239e-52
  3.65600000e-05   0.00000000e+00   0.00000000e+00   7.29350666e-12   2.00343162e-23  -8.87213495e-25  -9.39378148e-52
  3.66400000e-05   0.00000000e+00   0.00000000e+00   5.55195726e-12   1.52505060e-23  -6.75363942e-25  -5.44278020e-52
  3.67200000e-05   0.00000000e+00   0.00000000e+00   4.75343361e-12   1.30570652e-23  -5.78228094e-25  -3.98997519e-52
  3.68000000e-05   0.00000000e+00   0.00000000e+00   5.76450604e-12   1.58343500e-23  -7.01219290e-25  -5.86791181e-52
  3.68800000e-05   0.00000000e+00   0.00000000e+00   2.94314338e-12   8.08443290e-24  -3.58016610e-25  -1.53017235e-52
  3.69600000e-05   0.00000000e+00   0.00000000e+00  -8.27417845e-13  -2.27280944e-24   1.00650663e-25  -1.20762829e-53
  3.70400000e-05   0.00000000e+00   0.00000000e+00   4.01300478e-12   1.10232033e-23  -4.88159148e-25  -2.84437009e-52
  3.71200000e-05   0.00000000e+00   0.00000000e+00   1.48747483e-12   4.08590030e-24  -1.80942831e-25  -3.90896693e-53
  3.72000000e-05   0.00000000e+00   0.00000000e+00   7.87192746e-12   2.16231631e-23  -9.57575089e-25  -1.09426302e-51
  3.72800000e-05   0.00000000e+00   0.00000000e+00   2.34464918e-12   6.44044700e-24  -2.85213204e-25  -9.70384979e-53
  3.73600000e-05   0.00000000e+00   0.00000000e+00   6.44939284e-12   1.77156451e-23  -7.84531865e-25  -7.34424204e-52
  3.74400000e-05   0.00000000e+00   0.00000000e+00   6.65000771e-12   1.82667081e-23  -8.08935521e-25  -7.80998355e-52
  3.75200000e-05   0.00000000e+00   0.00000000e+00   4.97191855e-12   1.36572150e-23  -6.04805542e-25  -4.36579238e-52
  3.76000000e-05   0.00000000e+00   0.00000000e+00   5.21508846e-12   1.43251712e-23  -6.34385776e-25  -4.80318352e-52
  3.76800000e-05   0.00000000e+00   0.00000000e+00   3.89908982e-12   1.07102937e-23  -4.74302046e-25  -2.68498305e-52
  3.77600000e-05   0.00000000e+00   0.00000000e+00   2.00075969e-12   5.49582720e-24  -2.43381009e-25  -7.07076695e-53
  3.78400000e-05   0.00000000e+00   0.00000000e+00   4.11843031e-12   1.13127936e-23  -5.00983565e-25  -2.99547977e-52
  3.79200000e-05   0.00000000e+00   0.00000000e+00   6.67530395e-13   1.83361936e-24  -8.12012665e-26  -7.87222786e-54
  3.80000000e-05   0.00000000e+00   0.00000000e+00   6.05662937e-12   1.66367748e-23  -7.36754431e-25  -6.47774840e-52
  3.80800000e-05   0.00000000e+00   0.00000000e+00   6.96835623e-12   1.91411702e-23  -8.47660806e-25  -8.57481792e-52
  3.81600000e-05   0.00000000e+00   0.00000000e+00   4.71731720e-12   1.29578581e-23  -5.73834742e-25  -3.93074735e-52
  3.82400000e-05   0.00000000e+00   0.00000000e+00   8.78126160e-14   2.41209860e-25  -1.06819041e-26  -1.37974080e-55
  3.83200000e-05   0.00000000e+00   0.00000000e+00   3.02910071e-12   8.32054652e-24  -3.68472831e-25  -1.62017326e-52
  3.84000000e-05   0.00000000e+00   0.00000000e+00   6.72621028e-12   1.84760267e-23  -8.18205133e-25  -7.98800387e-52
  3.84800000e-05   0.00000000e+00   0.00000000e+00   1.17463749e-11   3.22657674e-23  -1.42887954e-24  -2.43635033e-51
  3.85600000e-05   0.00000000e+00   0.00000000e+00   5.86253856e-12   1.61036326e-23  -7.13144393e-25  -6.07054646e-52
  3.86400000e-05   0.00000000e+00   0.00000000e+00   1.65396975e-12   4.54324024e-24  -2.01195990e-25  -4.83403479e-53
  3.87200000e-05   0.00000000e+00   0.00000000e+00   3.85210145e-12   1.05812227e-23  -4.68586180e-25  -2.62073640e-52
  3.88000000e-05   0.00000000e+00   0.00000000e+00   2.09641882e-12   5.75859042e-24  -2.55017397e-25  -7.76292598e-53
  3.88800000e-05   0.00000000e+00   0.00000000e+00   4.99003728e-12   1.37069848e-23  -6.07009587e-25  -4.39534321e-52
  3.89600000e-05   0.00000000e+00   0.00000000e+00   5.88351011e-12   1.61612387e-23  -7.15695463e-25  -6.11416279e-52
  3.90400000e-05   0.00000000e+00   0.00000000e+00   3.81124748e-12   1.04690022e-23  -4.63616528e-25  -2.56560189e-52
  3.91200000e-05   0.00000000e+00   0.00000000e+00   3.70550431e-12   1.01785394e-23  -4.50753474e-25  -2.42551954e-52
  3.92000000e-05   0.00000000e+00   0.00000000e+00  -7.89931894e-13  -2.16984039e-24   9.60907117e-26  -1.10037222e-53
  3.92800000e-05   0.00000000e+00   0.00000000e+00   3.18693666e-12   8.75410140e-24  -3.87672677e-25  -1.79310747e-52
  3.93600000e-05   0.00000000e+00   0.00000000e+00   6.67873652e-12   1.83456224e-23  -8.12430224e-25  -7.87608291e-52
  3.94400000e-05   0.00000000e+00   0.00000000e+00   7.63766368e-12   2.09796709e-23  -9.29078246e-25  -1.02994877e-51
  3.95200000e-05   0.00000000e+00   0.00000000e+00   2.66310519e-12   7.31520433e-24  -3.23951565e-25  -1.25329595e-52
  3.96000000e-05   0.00000000e+00   0.00000000e+00   1.77372976e-12   4.87220544e-24  -2.15764113e-25  -5.55818606e-53
  3.96800000e-05   0.00000000e+00   0.00000000e+00   6.81387473e-12   1.87168296e-23  -8.28869018e-25  -8.19685087e-52
  3.97600000e-05   0.00000000e+00   0.00000000e+00   1.43243103e-11   3.93470215e-23  -1.74247070e-24  -3.62300505e-51
  3.98400000e-05   0.00000000e+00   0.00000000e+00   6.07763033e-12   1.66944617e-23  -7.39309084e-25  -6.52194250e-52
  3.99200000e-05   0.00000000e+00   0.00000000e+00   9.99694715e-12   2.74603164e-23  -1.21607163e-24  -1.76469904e-51
  4.00000000e-05   0.00000000e+00   0.00000000e+00   1.52086486e-12   4.17761838e-24  -1.85004540e-25  -4.08749997e-53
  4.00800000e-05   0.00000000e+00   0.00000000e+00   9.10218671e-12   2.50025256e-23  -1.10722913e-24  -1.46293118e-51
  4.01600000e-05   0.00000000e+00   0.00000000e+00   7.14069856e-12   1.96145722e-23  -8.68625276e-25  -9.00462902e-52
  4.02400000e-05   0.00000000e+00   0.00000000e+00   3.53314422e-12   9.70508862e-24  -4.29786854e-25  -2.20460617e-52
  4.03200000e-05   0.00000000e+00   0.00000000e+00   2.56130050e-12   7.03556006e-24  -3.11567606e-25  -1.15861911e-52
  4.04000000e-05   0.00000000e+00   0.00000000e+00   6.11926070e-12   1.68088150e-23  -7.44373184e-25  -6.61348199e-52
  4.04800000e-05   0.00000000e+00   0.00000000e+00   3.08478091e-12   8.47349281e-24  -3.75246014e-25  -1.68086901e-52
  4.05600000e-05   0.00000000e+00   0.00000000e+00   1.98760768e-12   5.45970035e-24  -2.41781145e-25  -6.98064322e-53
  4.06400000e-05   0.00000000e+00   0.00000000e+00   9.50807328e-12   2.61174433e-23  -1.15660292e-24  -1.59637412e-51
  4.07200000e-05   0.00000000e+00   0.00000000e+00   1.30164378e-12   3.57544653e-24  -1.58337546e-25  -2.99485173e-53
  4.08000000e-05   0.00000000e+00   0.00000000e+00   5.06643479e-12   1.39168388e-23  -6.16302915e-25  -4.53265719e-52
  4.08800000e-05   0.00000000e+00   0.00000000e+00   6.48801111e-12   1.78217245e-23  -7.89229571e-25  -7.43323399e-52
  4.09600000e-05   0.00000000e+00   0.00000000e+00  -2.95690623e-13  -8.12223767e-25   3.59690789e-26  -1.53832560e-54
  4.10400000e-05   0.00000000e+00   0.00000000e+00  -4.66344377e-12  -1.28098748e-23   5.67281353e-25  -3.83963743e-52
  4.11200000e-05   0.00000000e+00   0.00000000e+00   8.12280773e-12   2.23122986e-23  -9.88093262e-25  -1.16524163e-51
  4.12000000e-05   0.00000000e+00   0.00000000e+00   6.43680547e-12   1.76810692e-23  -7.83000698e-25  -7.31779593e-52
  4.12800000e-05   0.00000000e+00   0.00000000e+00   2.63218129e-12   7.23026040e-24  -3.20189852e-25  -1.22379621e-52
  4.13600000e-05   0.00000000e+00   0.00000000e+00   3.09832641e-12   8.51070055e-24  -3.76893749e-25  -1.69471758e-52
  4.14400000e-05   0.00000000e+00   0.00000000e+00   6.96268561e-12   1.91255937e-23  -8.46971020e-25  -8.55995997e-52
  4.15200000e-05   0.00000000e+00   0.00000000e+00   4.76369685e-12   1.30852570e-23  -5.79476572e-25  -4.00735260e-52
  4.16000000e-05   0.00000000e+00   0.00000000e+00   5.16297451e-12   1.41820209e-23  -6.28046423e-25  -4.70727954e-52
  4.16800000e-05   0.00000000e+00   0.00000000e+00   4.80752316e-12   1.32056422e-23  -5.84807792e-25  -4.08201606e-52
  4.17600000e-05   0.00000000e+00   0.00000000e+00   2.39568046e-12   6.58062331e-24  -2.91420874e-25  -1.01353829e-52
  4.18400000e-05   0.00000000e+00   0.00000000e+00   5.13593895e-12   1.41077577e-23  -6.24757701e-25  -4.65749498e-52
  4.19200000e-05   0.00000000e+00   0.00000000e+00   4.68102547e-12   1.28581695e-23  -5.69420070e-25  -3.86951628e-52
  4.20000000e-05   0.00000000e+00   0.00000000e+00   4.84293019e-12   1.33029007e-23  -5.89114856e-25  -4.14181991e-52
  4.20800000e-05   0.00000000e+00   0.00000000e+00   4.71052405e-12   1.29391982e-23  -5.73008404e-25  -3.91810343e-52
  4.21600000e-05   0.00000000e+00   0.00000000e+00   6.48837217e-12   1.78227163e-23  -7.89273496e-25  -7.43395931e-52
  4.22400000e-05   0.00000000e+00   0.00000000e+00   2.97164822e-12   8.16273198e-24  -3.61484070e-25  -1.55966344e-52
  4.23200000e-05   0.00000000e+00   0.00000000e+00   3.18624204e-12   8.75219336e-24  -3.87588185e-25  -1.79218134e-52
  4.24000000e-05   0.00000000e+00   0.00000000e+00   4.16714126e-12   1.14465962e-23  -5.06908985e-25  -3.06616441e-52
  4.24800000e-05   0.00000000e+00   0.00000000e+00   5.61025322e-12   1.54106375e-23  -6.82455332e-25  -5.55906088e-52
  4.25600000e-05   0.00000000e+00   0.00000000e+00   2.60911254e-12   7.16689353e-24  -3.17383671e-25  -1.20251064e-52
  4.26400000e-05   0.00000000e+00   0.00000000e+00   6.51640679e-12   1.78997237e-23  -7.92683749e-25  -7.49806936e-52
  4.27200000e-05   0.00000000e+00   0.00000000e+00   9.23787327e-12   2.53752390e-23  -1.12373464e-24  -1.50692084e-51
  4.28000000e-05   0.00000000e+00   0.00000000e+00   3.35588371e-12   9.21817724e-24  -4.08219341e-25  -1.98895754e-52
  4.28800000e-05   0.00000000e+00   0.00000000e+00  -5.43047978e-06  -1.49168252e-17   6.60541749e-19  -5.20468780e-40
  4.29600000e-05   0.00000000e+00   0.00000000e+00  -4.87558476e-06  -1.33926210e-17   5.92580740e-19  -4.19745970e-40
  4.30400000e-05   0.00000000e+00   0.00000000e+00  -2.54171562e-05  -6.98178831e-17   3.08612020e-18  -1.14070520e-38
  4.31200000e-05   0.00000000e+00   0.00000000e+00  -3.92091234e-05  -1.07703308e-16   4.74841558e-18  -2.71465409e-38
  4.32000000e-05   0.00000000e+00   0.00000000e+00  -1.35594521e-05  -3.72465077e-17   1.63918010e-18  -3.24784102e-39
  4.32800000e-05   0.00000000e+00   0.00000000e+00   2.93367163e-06   8.05851978e-18  -3.54495335e-19  -1.51771703e-40
  4.33600000e-05   0.00000000e+00   0.00000000e+00   0.00000000e+00   0.00000000e+00   0.00000000e+00   0.00000000e+00
