       time             b_x              b_y              b_z              F_x              F_y              F_z
  0.00000000e+00   0.00000000e+00   0.00000000e+00   0.00000000e+00   0.00000000e+00   0.00000000e+00   0.00000000e+00
  8.00000000e-08   0.00000000e+00   0.00000000e+00   0.00000000e+00   0.00000000e+00   0.00000000e+00   0.00000000e+00
  1.60000000e-07   0.00000000e+00   0.00000000e+00   0.00000000e+00   0.00000000e+00   0.00000000e+00   0.00000000e+00
  2.40000000e-07   0.00000000e+00   0.00000000e+00   0.00000000e+00   0.00000000e+00   0.00000000e+00   0.00000000e+00
  3.20000000e-07   0.00000000e+00   0.00000000e+00   0.00000000e+00   0.00000000e+00   0.00000000e+00   0.00000000e+00
  4.00000000e-07   0.00000000e+00   0.00000000e+00   0.00000000e+00   0.00000000e+00   0.00000000e+00   0.00000000e+00
  4.80000000e-07   0.00000000e+00   0.00000000e+00   0.00000000e+00   0.00000000e+00   0.00000000e+00   0.00000000e+00
  5.60000000e-07   0.00000000e+00   0.00000000e+00   0.00000000e+00   0.00000000e+00   0.00000000e+00   0.00000000e+00
  6.40000000e-07   0.00000000e+00   0.00000000e+00   0.00000000e+00   0.00000000e+00   0.00000000e+00   0.00000000e+00
  7.20000000e-07   0.00000000e+00   0.00000000e+00   0.00000000e+00   0.00000000e+00   0.00000000e+00   0.00000000e+00
  8.00000000e-07   0.00000000e+00   0.00000000e+00   0.00000000e+00   0.00000000e+00   0.00000000e+00   0.00000000e+00
  8.80000000e-07   0.00000000e+00   0.00000000e+00   0.00000000e+00   0.00000000e+00   0.00000000e+00   0.00000000e+00
  9.60000000e-07   0.00000000e+00   0.00000000e+00   0.00000000e+00   0.00000000e+00   0.00000000e+00   0.00000000e+00
  1.04000000e-06   0.00000000e+00   0.00000000e+00   0.00000000e+00   0.00000000e+00   0.00000000e+00   0.00000000e+00
  1.12000000e-06   0.00000000e+00   0.00000000e+00   0.00000000e+00   0.00000000e+00   0.00000000e+00   0.00000000e+00
  1.20000000e-06   0.00000000e+00   0.00000000e+00   0.00000000e+00   0.00000000e+00   0.00000000e+00   0.00000000e+00
  1.28000000e-06   0.00000000e+00   0.00000000e+00   0.00000000e+00   0.00000000e+00   0.00000000e+00   0.00000000e+00
  1.36000000e-06   0.00000000e+00   0.00000000e+00   0.00000000e+00   0.00000000e+00   0.00000000e+00   0.00000000e+00
  1.44000000e-06   0.00000000e+00   0.00000000e+00   0.00000000e+00   0.00000000e+00   0.00000000e+00   0.00000000e+00
  1.52000000e-06   0.00000000e+00   0.00000000e+00   0.00000000e+00   0.00000000e+00   0.00000000e+00   0.00000000e+00
  1.60000000e-06   0.00000000e+00   0.00000000e+00   0.00000000e+00   0.00000000e+00   0.00000000e+00   0.00000000e+00
  1.68000000e-06   0.00000000e+00   0.00000000e+00   0.00000000e+00   0.00000000e+00   0.00000000e+00   0.00000000e+00
  1.76000000e-06   0.00000000e+00   0.00000000e+00   0.00000000e+00   0.00000000e+00   0.00000000e+00   0.00000000e+00
  1.84000000e-06   0.00000000e+00   0.00000000e+00   0.00000000e+00   0.00000000e+00   0.00000000e+00   0.00000000e+00
  1.92000000e-06   0.00000000e+00   0.00000000e+00   0.00000000e+00   0.00000000e+00   0.00000000e+00   0.00000000e+00
  2.00000000e-06   0.00000000e+00   0.00000000e+00   0.00000000e+00   0.00000000e+00   0.00000000e+00   0.00000000e+00
  2.08000000e-06   0.00000000e+00   0.00000000e+00   0.00000000e+00   0.00000000e+00   0.00000000e+00   0.00000000e+00
  2.16000000e-06   0.00000000e+00   0.00000000e+00   0.00000000e+00   0.00000000e+00   0.00000000e+00   0.00000000e+00
  2.24000000e-06   0.00000000e+00   0.00000000e+00   0.00000000e+00   0.00000000e+00   0.00000000e+00   0.00000000e+00
  2.32000000e-06   0.00000000e+00   0.00000000e+00   0.00000000e+00   0.00000000e+00   0.00000000e+00   0.00000000e+00
  2.40000000e-06   0.00000000e+00   0.00000000e+00   0.00000000e+00   0.00000000e+00   0.00000000e+00   0.00000000e+00
  2.48000000e-06   0.00000000e+00   0.00000000e+00   0.00000000e+00   0.00000000e+00   0.00000000e+00   0.00000000e+00
  2.56000000e-06   0.00000000e+00   0.00000000e+00   0.00000000e+00   0.00000000e+00   0.00000000e+00   0.00000000e+00
  2.64000000e-06   0.00000000e+00   0.00000000e+00   0.00000000e+00   0.00000000e+00   0.00000000e+00   0.00000000e+00
  2.72000000e-06   0.00000000e+00   0.00000000e+00   0.00000000e+00   0.00000000e+00   0.00000000e+00   0.00000000e+00
  2.80000000e-06   0.00000000e+00   0.00000000e+00   0.00000000e+00   0.00000000e+00   0.00000000e+00   0.00000000e+00
  2.88000000e-06   0.00000000e+00   0.00000000e+00   0.00000000e+00   0.00000000e+00   0.00000000e+00   0.00000000e+00
  2.96000000e-06   0.00000000e+00   0.00000000e+00   0.00000000e+00   0.00000000e+00   0.00000000e+00   0.00000000e+00
  3.04000000e-06   0.00000000e+00   0.00000000e+00   0.00000000e+00   0.00000000e+00   0.00000000e+00   0.00000000e+00
  3.12000000e-06   0.00000000e+00   0.00000000e+00   0.00000000e+00   0.00000000e+00   0.00000000e+00   0.00000000e+00
  3.20000000e-06   0.00000000e+00   0.00000000e+00   0.00000000e+00   0.00000000e+00   0.00000000e+00   0.00000000e+00
  3.28000000e-06   0.00000000e+00   0.00000000e+00   0.00000000e+00   0.00000000e+00   0.00000000e+00   0.00000000e+00
  3.36000000e-06   0.00000000e+00   0.00000000e+00   0.00000000e+00   0.00000000e+00   0.00000000e+00   0.00000000e+00
  3.44000000e-06   0.00000000e+00   0.00000000e+00   0.00000000e+00   0.00000000e+00   0.00000000e+00   0.00000000e+00
  3.52000000e-06   0.00000000e+00   0.00000000e+00   0.00000000e+00   0.00000000e+00   0.00000000e+00   0.00000000e+00
  3.60000000e-06   0.00000000e+00   0.00000000e+00   0.00000000e+00   0.00000000e+00   0.00000000e+00   0.00000000e+00
  3.68000000e-06   0.00000000e+00   0.00000000e+00   0.00000000e+00   0.00000000e+00   0.00000000e+00   0.00000000e+00
  3.76000000e-06   0.00000000e+00   0.00000000e+00   0.00000000e+00   0.00000000e+00   0.00000000e+00   0.00000000e+00
  3.84000000e-06   0.00000000e+00   0.00000000e+00   0.00000000e+00   0.00000000e+00   0.00000000e+00   0.00000000e+00
  3.92000000e-06   0.00000000e+00   0.00000000e+00   0.00000000e+00   0.00000000e+00   0.00000000e+00   0.00000000e+00
  4.00000000e-06   0.00000000e+00   0.00000000e+00   0.00000000e+00   0.00000000e+00   0.00000000e+00   0.00000000e+00
  4.08000000e-06   0.00000000e+00   0.00000000e+00   0.00000000e+00   0.00000000e+00   0.00000000e+00   0.00000000e+00
  4.16000000e-06   0.00000000e+00   0.00000000e+00   0.00000000e+00   0.00000000e+00   0.00000000e+00   0.00000000e+00
  4.24000000e-06   0.00000000e+00   0.00000000e+00   0.00000000e+00   0.00000000e+00   0.00000000e+00   0.00000000e+00
  4.32000000e-06   0.00000000e+00   0.00000000e+00   0.00000000e+00   0.00000000e+00   0.00000000e+00   0.00000000e+00
  4.40000000e-06   0.00000000e+00   0.00000000e+00   0.00000000e+00   0.00000000e+00   0.00000000e+00   0.00000000e+00
  4.48000000e-06   0.00000000e+00   0.00000000e+00   0.00000000e+00   0.00000000e+00   0.00000000e+00   0.00000000e+00
  4.56000000e-06   0.00000000e+00   0.00000000e+00   0.00000000e+00   0.00000000e+00   0.00000000e+00   0.00000000e+00
  4.64000000e-06   0.00000000e+00   0.00000000e+00   0.00000000e+00   0.00000000e+00   0.00000000e+00   0.00000000e+00
  4.72000000e-06   0.00000000e+00   0.00000000e+00   0.00000000e+00   0.00000000e+00   0.00000000e+00   0.00000000e+00
  4.80000000e-06   0.00000000e+00   0.00000000e+00   0.00000000e+00   0.00000000e+00   0.00000000e+00   0.00000000e+00
  4.88000000e-06   0.00000000e+00   0.00000000e+00   0.00000000e+00   0.00000000e+00   0.00000000e+00   0.00000000e+00
  4.96000000e-06   0.00000000e+00   0.00000000e+00   0.00000000e+00   0.00000000e+00   0.00000000e+00   0.00000000e+00
  5.04000000e-06   0.00000000e+00   0.00000000e+00   0.00000000e+00   0.00000000e+00   0.00000000e+00   0.00000000e+00
  5.12000000e-06   0.00000000e+00   0.00000000e+00   0.00000000e+00   0.00000000e+00   0.00000000e+00   0.00000000e+00
  5.20000000e-06   0.00000000e+00   0.00000000e+00   0.00000000e+00   0.00000000e+00   0.00000000e+00   0.00000000e+00
  5.28000000e-06   0.00000000e+00   0.00000000e+00   0.00000000e+00   0.00000000e+00   0.00000000e+00   0.00000000e+00
  5.36000000e-06   0.00000000e+00   0.00000000e+00   0.00000000e+00   0.00000000e+00   0.00000000e+00   0.00000000e+00
  5.44000000e-06   0.00000000e+00   0.00000000e+00   0.00000000e+00   0.00000000e+00   0.00000000e+00   0.00000000e+00
  5.52000000e-06   0.00000000e+00   0.00000000e+00   0.00000000e+00   0.00000000e+00   0.00000000e+00   0.00000000e+00
  5.60000000e-06   0.00000000e+00   0.00000000e+00   0.00000000e+00   0.00000000e+00   0.00000000e+00   0.00000000e+00
  5.68000000e-06   0.00000000e+00   0.00000000e+00   0.00000000e+00   0.00000000e+00   0.00000000e+00   0.00000000e+00
  5.76000000e-06   0.00000000e+00   0.00000000e+00   0.00000000e+00   0.00000000e+00   0.00000000e+00   0.00000000e+00
  5.84000000e-06   0.00000000e+00   0.00000000e+00   0.00000000e+00   0.00000000e+00   0.00000000e+00   0.00000000e+00
  5.92000000e-06   0.00000000e+00   0.00000000e+00   0.00000000e+00   0.00000000e+00   0.00000000e+00   0.00000000e+00
  6.00000000e-06   0.00000000e+00   0.00000000e+00   0.00000000e+00   0.00000000e+00   0.00000000e+00   0.00000000e+00
  6.08000000e-06   0.00000000e+00   0.00000000e+00   0.00000000e+00   0.00000000e+00   0.00000000e+00   0.00000000e+00
  6.16000000e-06   0.00000000e+00   0.00000000e+00   0.00000000e+00   0.00000000e+00   0.00000000e+00   0.00000000e+00
  6.24000000e-06   0.00000000e+00   0.00000000e+00   0.00000000e+00   0.00000000e+00   0.00000000e+00   0.00000000e+00
  6.32000000e-06   0.00000000e+00   0.00000000e+00   0.00000000e+00   0.00000000e+00   0.00000000e+00   0.00000000e+00
  6.40000000e-06   0.00000000e+00   0.00000000e+00   0.00000000e+00   0.00000000e+00   0.00000000e+00   0.00000000e+00
  6.48000000e-06   0.00000000e+00   0.00000000e+00   0.00000000e+00   0.00000000e+00   0.00000000e+00   0.00000000e+00
  6.56000000e-06   0.00000000e+00   0.00000000e+00   0.00000000e+00   0.00000000e+00   0.00000000e+00   0.00000000e+00
  6.64000000e-06   0.00000000e+00   0.00000000e+00   0.00000000e+00   0.00000000e+00   0.00000000e+00   0.00000000e+00
  6.72000000e-06   0.00000000e+00   0.00000000e+00   0.00000000e+00   0.00000000e+00   0.00000000e+00   0.00000000e+00
  6.80000000e-06   0.00000000e+00   0.00000000e+00   0.00000000e+00   0.00000000e+00   0.00000000e+00   0.00000000e+00
  6.88000000e-06   0.00000000e+00   0.00000000e+00   0.00000000e+00   0.00000000e+00   0.00000000e+00   0.00000000e+00
  6.96000000e-06   0.00000000e+00   0.00000000e+00   0.00000000e+00   0.00000000e+00   0.00000000e+00   0.00000000e+00
  7.04000000e-06   0.00000000e+00   0.00000000e+00   0.00000000e+00   0.00000000e+00   0.00000000e+00   0.00000000e+00
  7.12000000e-06   0.00000000e+00   0.00000000e+00   0.00000000e+00   0.00000000e+00   0.00000000e+00   0.00000000e+00
  7.20000000e-06   0.00000000e+00   0.00000000e+00   0.00000000e+00   0.00000000e+00   0.00000000e+00   0.00000000e+00
  7.28000000e-06   0.00000000e+00   0.00000000e+00   0.00000000e+00   0.00000000e+00   0.00000000e+00   0.00000000e+00
  7.36000000e-06   0.00000000e+00   0.00000000e+00   0.00000000e+00   0.00000000e+00   0.00000000e+00   0.00000000e+00
  7.44000000e-06   0.00000000e+00   0.00000000e+00   0.00000000e+00   0.00000000e+00   0.00000000e+00   0.00000000e+00
  7.52000000e-06   0.00000000e+00   0.00000000e+00   0.00000000e+00   0.00000000e+00   0.00000000e+00   0.00000000e+00
  7.60000000e-06   0.00000000e+00   0.00000000e+00   0.00000000e+00   0.00000000e+00   0.00000000e+00   0.00000000e+00
  7.68000000e-06   0.00000000e+00   0.00000000e+00   0.00000000e+00   0.00000000e+00   0.00000000e+00   0.00000000e+00
  7.76000000e-06   0.00000000e+00   0.00000000e+00   0.00000000e+00   0.00000000e+00   0.00000000e+00   0.00000000e+00
  7.84000000e-06   0.00000000e+00   0.00000000e+00   0.00000000e+00   0.00000000e+00   0.00000000e+00   0.00000000e+00
  7.92000000e-06   0.00000000e+00   0.00000000e+00   0.00000000e+00   0.00000000e+00   0.00000000e+00   0.00000000e+00
  8.00000000e-06   0.00000000e+00   0.00000000e+00   0.00000000e+00   0.00000000e+00   0.00000000e+00   0.00000000e+00
  8.08000000e-06   0.00000000e+00   0.00000000e+00   0.00000000e+00   0.00000000e+00   0.00000000e+00   0.00000000e+00
  8.16000000e-06   0.00000000e+00   0.00000000e+00   0.00000000e+00   0.00000000e+00   0.00000000e+00   0.00000000e+00
  8.24000000e-06   0.00000000e+00   0.00000000e+00   0.00000000e+00   0.00000000e+00   0.00000000e+00   0.00000000e+00
  8.32000000e-06   0.00000000e+00   0.00000000e+00   0.00000000e+00   0.00000000e+00   0.00000000e+00   0.00000000e+00
  8.40000000e-06   0.00000000e+00   0.00000000e+00   0.00000000e+00   0.00000000e+00   0.00000000e+00   0.00000000e+00
  8.48000000e-06   0.00000000e+00   0.00000000e+00   0.00000000e+00   0.00000000e+00   0.00000000e+00   0.00000000e+00
  8.56000000e-06   0.00000000e+00   0.00000000e+00   0.00000000e+00   0.00000000e+00   0.00000000e+00   0.00000000e+00
  8.64000000e-06   0.00000000e+00   0.00000000e+00   0.00000000e+00   0.00000000e+00   0.00000000e+00   0.00000000e+00
  8.72000000e-06   0.00000000e+00   0.00000000e+00   0.00000000e+00   0.00000000e+00   0.00000000e+00   0.00000000e+00
  8.80000000e-06   0.00000000e+00   0.00000000e+00   0.00000000e+00   0.00000000e+00   0.00000000e+00   0.00000000e+00
  8.88000000e-06   0.00000000e+00   0.00000000e+00   0.00000000e+00   0.00000000e+00   0.00000000e+00   0.00000000e+00
  8.96000000e-06   0.00000000e+00   0.00000000e+00   0.00000000e+00   0.00000000e+00   0.00000000e+00   0.00000000e+00
  9.04000000e-06   0.00000000e+00   0.00000000e+00   0.00000000e+00   0.00000000e+00   0.00000000e+00   0.00000000e+00
  9.12000000e-06   0.00000000e+00   0.00000000e+00   0.00000000e+00   0.00000000e+00   0.00000000e+00   0.00000000e+00
  9.20000000e-06   0.00000000e+00   0.00000000e+00   0.00000000e+00   0.00000000e+00   0.00000000e+00   0.00000000e+00
  9.28000000e-06   0.00000000e+00   0.00000000e+00   0.00000000e+00   0.00000000e+00   0.00000000e+00   0.00000000e+00
  9.36000000e-06   0.00000000e+00   0.00000000e+00   0.00000000e+00   0.00000000e+00   0.00000000e+00   0.00000000e+00
  9.44000000e-06   0.00000000e+00   0.00000000e+00   0.00000000e+00   0.00000000e+00   0.00000000e+00   0.00000000e+00
  9.52000000e-06   0.00000000e+00   0.00000000e+00   0.00000000e+00   0.00000000e+00   0.00000000e+00   0.00000000e+00
  9.60000000e-06   0.00000000e+00   0.00000000e+00   0.00000000e+00   0.00000000e+00   0.00000000e+00   0.00000000e+00
  9.68000000e-06   0.00000000e+00   0.00000000e+00   0.00000000e+00   0.00000000e+00   0.00000000e+00   0.00000000e+00
  9.76000000e-06   0.00000000e+00   0.00000000e+00   0.00000000e+00   0.00000000e+00   0.00000000e+00   0.00000000e+00
  9.84000000e-06   0.00000000e+00   0.00000000e+00   0.00000000e+00   0.00000000e+00   0.00000000e+00   0.00000000e+00
  9.92000000e-06   0.00000000e+00   0.00000000e+00   0.00000000e+00   0.00000000e+00   0.00000000e+00   0.00000000e+00
  1.00000000e-05   0.00000000e+00   0.00000000e+00   0.00000000e+00   0.00000000e+00   0.00000000e+00   0.00000000e+00
  1.00800000e-05   0.00000000e+00   0.00000000e+00   0.00000000e+00   0.00000000e+00   0.00000000e+00   0.00000000e+00
  1.01600000e-05   0.00000000e+00   0.00000000e+00   0.00000000e+00   0.00000000e+00   0.00000000e+00   0.00000000e+00
  1.02400000e-05   0.00000000e+00   0.00000000e+00   0.00000000e+00   0.00000000e+00   0.00000000e+00   0.00000000e+00
  1.03200000e-05   0.00000000e+00   0.00000000e+00   0.00000000e+00   0.00000000e+00   0.00000000e+00   0.00000000e+00
  1.04000000e-05   0.00000000e+00   0.00000000e+00   0.00000000e+00   0.00000000e+00   0.00000000e+00   0.00000000e+00
  1.04800000e-05   0.00000000e+00   0.00000000e+00   0.00000000e+00   0.00000000e+00   0.00000000e+00   0.00000000e+00
  1.05600000e-05   0.00000000e+00   0.00000000e+00   0.00000000e+00   0.00000000e+00   0.00000000e+00   0.00000000e+00
  1.06400000e-05   0.00000000e+00   0.00000000e+00   0.00000000e+00   0.00000000e+00   0.00000000e+00   0.00000000e+00
  1.07200000e-05   0.00000000e+00   0.00000000e+00   0.00000000e+00   0.00000000e+00   0.00000000e+00   0.00000000e+00
  1.08000000e-05   0.00000000e+00   0.00000000e+00   0.00000000e+00   0.00000000e+00   0.00000000e+00   0.00000000e+00
  1.08800000e-05   0.00000000e+00   0.00000000e+00   0.00000000e+00   0.00000000e+00   0.00000000e+00   0.00000000e+00
  1.09600000e-05   0.00000000e+00   0.00000000e+00   0.00000000e+00   0.00000000e+00   0.00000000e+00   0.00000000e+00
  1.10400000e-05   0.00000000e+00   0.00000000e+00   0.00000000e+00   0.00000000e+00   0.00000000e+00   0.00000000e+00
  1.11200000e-05   0.00000000e+00   0.00000000e+00   0.00000000e+00   0.00000000e+00   0.00000000e+00   0.00000000e+00
  1.12000000e-05   0.00000000e+00   0.00000000e+00   0.00000000e+00   0.00000000e+00   0.00000000e+00   0.00000000e+00
  1.12800000e-05   0.00000000e+00   0.00000000e+00   0.00000000e+00   0.00000000e+00   0.00000000e+00   0.00000000e+00
  1.13600000e-05   0.00000000e+00   0.00000000e+00   0.00000000e+00   0.00000000e+00   0.00000000e+00   0.00000000e+00
  1.14400000e-05   0.00000000e+00   0.00000000e+00   0.00000000e+00   0.00000000e+00   0.00000000e+00   0.00000000e+00
  1.15200000e-05   0.00000000e+00   0.00000000e+00   0.00000000e+00   0.00000000e+00   0.00000000e+00   0.00000000e+00
  1.16000000e-05   0.00000000e+00   0.00000000e+00   0.00000000e+00   0.00000000e+00   0.00000000e+00   0.00000000e+00
  1.16800000e-05   0.00000000e+00   0.00000000e+00   0.00000000e+00   0.00000000e+00   0.00000000e+00   0.00000000e+00
  1.17600000e-05   0.00000000e+00   0.00000000e+00   0.00000000e+00   0.00000000e+00   0.00000000e+00   0.00000000e+00
  1.18400000e-05   0.00000000e+00   0.00000000e+00   0.00000000e+00   0.00000000e+00   0.00000000e+00   0.00000000e+00
  1.19200000e-05   0.00000000e+00   0.00000000e+00   0.00000000e+00   0.00000000e+00   0.00000000e+00   0.00000000e+00
  1.20000000e-05   0.00000000e+00   0.00000000e+00   0.00000000e+00   0.00000000e+00   0.00000000e+00   0.00000000e+00
  1.20800000e-05   0.00000000e+00   0.00000000e+00   0.00000000e+00   0.00000000e+00   0.00000000e+00   0.00000000e+00
  1.21600000e-05   0.00000000e+00   0.00000000e+00   0.00000000e+00   0.00000000e+00   0.00000000e+00   0.00000000e+00
  1.22400000e-05   0.00000000e+00   0.00000000e+00   0.00000000e+00   0.00000000e+00   0.00000000e+00   0.00000000e+00
  1.23200000e-05   0.00000000e+00   0.00000000e+00   0.00000000e+00   0.00000000e+00   0.00000000e+00   0.00000000e+00
  1.24000000e-05   0.00000000e+00   0.00000000e+00   0.00000000e+00   0.00000000e+00   0.00000000e+00   0.00000000e+00
  1.24800000e-05   0.00000000e+00   0.00000000e+00   0.00000000e+00   0.00000000e+00   0.00000000e+00   0.00000000e+00
  1.25600000e-05   0.00000000e+00   0.00000000e+00   0.00000000e+00   0.00000000e+00   0.00000000e+00   0.00000000e+00
  1.26400000e-05   0.00000000e+00   0.00000000e+00   0.00000000e+00   0.00000000e+00   0.00000000e+00   0.00000000e+00
  1.27200000e-05   0.00000000e+00   0.00000000e+00   0.00000000e+00   0.00000000e+00   0.00000000e+00   0.00000000e+00
  1.28000000e-05   0.00000000e+00   0.00000000e+00   0.00000000e+00   0.00000000e+00   0.00000000e+00   0.00000000e+00
  1.28800000e-05   0.00000000e+00   0.00000000e+00   0.00000000e+00   0.00000000e+00   0.00000000e+00   0.00000000e+00
  1.29600000e-05   0.00000000e+00   0.00000000e+00   0.00000000e+00   0.00000000e+00   0.00000000e+00   0.00000000e+00
  1.30400000e-05   0.00000000e+00   0.00000000e+00   0.00000000e+00   0.00000000e+00   0.00000000e+00   0.00000000e+00
  1.31200000e-05   0.00000000e+00   0.00000000e+00   0.00000000e+00   0.00000000e+00   0.00000000e+00   0.00000000e+00
  1.32000000e-05   0.00000000e+00   0.00000000e+00   0.00000000e+00   0.00000000e+00   0.00000000e+00   0.00000000e+00
  1.32800000e-05   0.00000000e+00   0.00000000e+00   0.00000000e+00   0.00000000e+00   0.00000000e+00   0.00000000e+00
  1.33600000e-05   0.00000000e+00   0.00000000e+00   0.00000000e+00   0.00000000e+00   0.00000000e+00   0.00000000e+00
  1.34400000e-05   0.00000000e+00   0.00000000e+00   0.00000000e+00   0.00000000e+00   0.00000000e+00   0.00000000e+00
  1.35200000e-05   0.00000000e+00   0.00000000e+00   0.00000000e+00   0.00000000e+00   0.00000000e+00   0.00000000e+00
  1.36000000e-05   0.00000000e+00   0.00000000e+00   0.00000000e+00   0.00000000e+00   0.00000000e+00   0.00000000e+00
  1.36800000e-05   0.00000000e+00   0.00000000e+00   0.00000000e+00   0.00000000e+00   0.00000000e+00   0.00000000e+00
  1.37600000e-05   0.00000000e+00   0.00000000e+00   0.00000000e+00   0.00000000e+00   0.00000000e+00   0.00000000e+00
  1.38400000e-05   0.00000000e+00   0.00000000e+00   0.00000000e+00   0.00000000e+00   0.00000000e+00   0.00000000e+00
  1.39200000e-05   0.00000000e+00   0.00000000e+00   0.00000000e+00   0.00000000e+00   0.00000000e+00   0.00000000e+00
  1.40000000e-05   0.00000000e+00   0.00000000e+00   0.00000000e+00   0.00000000e+00   0.00000000e+00   0.00000000e+00
  1.40800000e-05   0.00000000e+00   0.00000000e+00   0.00000000e+00   0.00000000e+00   0.00000000e+00   0.00000000e+00
  1.41600000e-05   0.00000000e+00   0.00000000e+00   0.00000000e+00   0.00000000e+00   0.00000000e+00   0.00000000e+00
  1.42400000e-05   0.00000000e+00   0.00000000e+00   0.00000000e+00   0.00000000e+00   0.00000000e+00   0.00000000e+00
  1.43200000e-05   0.00000000e+00   0.00000000e+00   0.00000000e+00   0.00000000e+00   0.00000000e+00   0.00000000e+00
  1.44000000e-05   0.00000000e+00   0.00000000e+00   0.00000000e+00   0.00000000e+00   0.00000000e+00   0.00000000e+00
  1.44800000e-05   0.00000000e+00   0.00000000e+00   0.00000000e+00   0.00000000e+00   0.00000000e+00   0.00000000e+00
  1.45600000e-05   0.00000000e+00   0.00000000e+00   0.00000000e+00   0.00000000e+00   0.00000000e+00   0.00000000e+00
  1.46400000e-05   0.00000000e+00   0.00000000e+00   0.00000000e+00   0.00000000e+00   0.00000000e+00   0.00000000e+00
  1.47200000e-05   0.00000000e+00   0.00000000e+00   0.00000000e+00   0.00000000e+00   0.00000000e+00   0.00000000e+00
  1.48000000e-05   0.00000000e+00   0.00000000e+00   0.00000000e+00   0.00000000e+00   0.00000000e+00   0.00000000e+00
  1.48800000e-05   0.00000000e+00   0.00000000e+00   0.00000000e+00   0.00000000e+00   0.00000000e+00   0.00000000e+00
  1.49600000e-05   0.00000000e+00   0.00000000e+00   0.00000000e+00   0.00000000e+00   0.00000000e+00   0.00000000e+00
  1.50400000e-05   0.00000000e+00   0.00000000e+00   0.00000000e+00   0.00000000e+00   0.00000000e+00   0.00000000e+00
  1.51200000e-05   0.00000000e+00   0.00000000e+00   0.00000000e+00   0.00000000e+00   0.00000000e+00   0.00000000e+00
  1.52000000e-05   0.00000000e+00   0.00000000e+00   0.00000000e+00   0.00000000e+00   0.00000000e+00   0.00000000e+00
  1.52800000e-05   0.00000000e+00   0.00000000e+00   0.00000000e+00   0.00000000e+00   0.00000000e+00   0.00000000e+00
  1.53600000e-05   0.00000000e+00   0.00000000e+00   0.00000000e+00   0.00000000e+00   0.00000000e+00   0.00000000e+00
  1.54400000e-05   0.00000000e+00   0.00000000e+00   0.00000000e+00   0.00000000e+00   0.00000000e+00   0.00000000e+00
  1.55200000e-05   0.00000000e+00   0.00000000e+00   0.00000000e+00   0.00000000e+00   0.00000000e+00   0.00000000e+00
  1.56000000e-05   0.00000000e+00   0.00000000e+00   0.00000000e+00   0.00000000e+00   0.00000000e+00   0.00000000e+00
  1.56800000e-05   0.00000000e+00   0.00000000e+00   0.00000000e+00   0.00000000e+00   0.00000000e+00   0.00000000e+00
  1.57600000e-05   0.00000000e+00   0.00000000e+00   0.00000000e+00   0.00000000e+00   0.00000000e+00   0.00000000e+00
  1.58400000e-05   0.00000000e+00   0.00000000e+00   0.00000000e+00   0.00000000e+00   0.00000000e+00   0.00000000e+00
  1.59200000e-05   0.00000000e+00   0.00000000e+00   0.00000000e+00   0.00000000e+00   0.00000000e+00   0.00000000e+00
  1.60000000e-05   0.00000000e+00   0.00000000e+00   0.00000000e+00   0.00000000e+00   0.00000000e+00   0.00000000e+00
  1.60800000e-05   0.00000000e+00   0.00000000e+00   0.00000000e+00   0.00000000e+00   0.00000000e+00   0.00000000e+00
  1.61600000e-05   0.00000000e+00   0.00000000e+00   0.00000000e+00   0.00000000e+00   0.00000000e+00   0.00000000e+00
  1.62400000e-05   0.00000000e+00   0.00000000e+00   0.00000000e+00   0.00000000e+00   0.00000000e+00   0.00000000e+00
  1.63200000e-05   0.00000000e+00   0.00000000e+00   0.00000000e+00   0.00000000e+00   0.00000000e+00   0.00000000e+00
  1.64000000e-05   0.00000000e+00   0.00000000e+00   0.00000000e+00   0.00000000e+00   0.00000000e+00   0.00000000e+00
  1.64800000e-05   0.00000000e+00   0.00000000e+00   0.00000000e+00   0.00000000e+00   0.00000000e+00   0.00000000e+00
  1.65600000e-05   0.00000000e+00   0.00000000e+00   0.00000000e+00   0.00000000e+00   0.00000000e+00   0.00000000e+00
  1.66400000e-05   0.00000000e+00   0.00000000e+00   0.00000000e+00   0.00000000e+00   0.00000000e+00   0.00000000e+00
  1.67200000e-05   0.00000000e+00   0.00000000e+00   0.00000000e+00   0.00000000e+00   0.00000000e+00   0.00000000e+00
  1.68000000e-05   0.00000000e+00   0.00000000e+00   0.00000000e+00   0.00000000e+00   0.00000000e+00   0.00000000e+00
  1.68800000e-05   0.00000000e+00   0.00000000e+00   0.00000000e+00   0.00000000e+00   0.00000000e+00   0.00000000e+00
  1.69600000e-05   0.00000000e+00   0.00000000e+00   0.00000000e+00   0.00000000e+00   0.00000000e+00   0.00000000e+00
  1.70400000e-05   0.00000000e+00   0.00000000e+00   0.00000000e+00   0.00000000e+00   0.00000000e+00   0.00000000e+00
  1.71200000e-05   0.00000000e+00   0.00000000e+00   0.00000000e+00   0.00000000e+00   0.00000000e+00   0.00000000e+00
  1.72000000e-05   0.00000000e+00   0.00000000e+00   0.00000000e+00   0.00000000e+00   0.00000000e+00   0.00000000e+00
  1.72800000e-05   0.00000000e+00   0.00000000e+00   0.00000000e+00   0.00000000e+00   0.00000000e+00   0.00000000e+00
  1.73600000e-05   0.00000000e+00   0.00000000e+00   0.00000000e+00   0.00000000e+00   0.00000000e+00   0.00000000e+00
  1.74400000e-05   0.00000000e+00   0.00000000e+00   0.00000000e+00   0.00000000e+00   0.00000000e+00   0.00000000e+00
  1.75200000e-05   0.00000000e+00   0.00000000e+00   0.00000000e+00   0.00000000e+00   0.00000000e+00   0.00000000e+00
  1.76000000e-05   0.00000000e+00   0.00000000e+00   0.00000000e+00   0.00000000e+00   0.00000000e+00   0.00000000e+00
  1.76800000e-05   0.00000000e+00   0.00000000e+00   0.00000000e+00   0.00000000e+00   0.00000000e+00   0.00000000e+00
  1.77600000e-05   0.00000000e+00   0.00000000e+00   0.00000000e+00   0.00000000e+00   0.00000000e+00   0.00000000e+00
  1.78400000e-05   0.00000000e+00   0.00000000e+00   0.00000000e+00   0.00000000e+00   0.00000000e+00   0.00000000e+00
  1.79200000e-05   0.00000000e+00   0.00000000e+00   0.00000000e+00   0.00000000e+00   0.00000000e+00   0.00000000e+00
  1.80000000e-05   0.00000000e+00   0.00000000e+00   0.00000000e+00   0.00000000e+00   0.00000000e+00   0.00000000e+00
  1.80800000e-05   0.00000000e+00   0.00000000e+00   0.00000000e+00   0.00000000e+00   0.00000000e+00   0.00000000e+00
  1.81600000e-05   0.00000000e+00   0.00000000e+00   0.00000000e+00   0.00000000e+00   0.00000000e+00   0.00000000e+00
  1.82400000e-05   0.00000000e+00   0.00000000e+00   0.00000000e+00   0.00000000e+00   0.00000000e+00   0.00000000e+00
  1.83200000e-05   0.00000000e+00   0.00000000e+00   0.00000000e+00   0.00000000e+00   0.00000000e+00   0.00000000e+00
  1.84000000e-05   0.00000000e+00   0.00000000e+00   0.00000000e+00   0.00000000e+00   0.00000000e+00   0.00000000e+00
  1.84800000e-05   0.00000000e+00   0.00000000e+00   0.00000000e+00   0.00000000e+00   0.00000000e+00   0.00000000e+00
  1.85600000e-05   0.00000000e+00   0.00000000e+00   0.00000000e+00   0.00000000e+00   0.00000000e+00   0.00000000e+00
  1.86400000e-05   0.00000000e+00   0.00000000e+00   0.00000000e+00   0.00000000e+00   0.00000000e+00   0.00000000e+00
  1.87200000e-05   0.00000000e+00   0.00000000e+00   0.00000000e+00   0.00000000e+00   0.00000000e+00   0.00000000e+00
  1.88000000e-05   0.00000000e+00   0.00000000e+00   0.00000000e+00   0.00000000e+00   0.00000000e+00   0.00000000e+00
  1.88800000e-05   0.00000000e+00   0.00000000e+00   0.00000000e+00   0.00000000e+00   0.00000000e+00   0.00000000e+00
  1.89600000e-05   0.00000000e+00   0.00000000e+00   0.00000000e+00   0.00000000e+00   0.00000000e+00   0.00000000e+00
  1.90400000e-05   0.00000000e+00   0.00000000e+00   0.00000000e+00   0.00000000e+00   0.00000000e+00   0.00000000e+00
  1.91200000e-05   0.00000000e+00   0.00000000e+00   0.00000000e+00   0.00000000e+00   0.00000000e+00   0.00000000e+00
  1.92000000e-05   0.00000000e+00   0.00000000e+00   0.00000000e+00   0.00000000e+00   0.00000000e+00   0.00000000e+00
  1.92800000e-05   0.00000000e+00   0.00000000e+00   0.00000000e+00   0.00000000e+00   0.00000000e+00   0.00000000e+00
  1.93600000e-05   0.00000000e+00   0.00000000e+00   0.00000000e+00   0.00000000e+00   0.00000000e+00   0.00000000e+00
  1.94400000e-05   0.00000000e+00   0.00000000e+00   0.00000000e+00   0.00000000e+00   0.00000000e+00   0.00000000e+00
  1.95200000e-05   0.00000000e+00   0.00000000e+00   0.00000000e+00   0.00000000e+00   0.00000000e+00   0.00000000e+00
  1.96000000e-05   0.00000000e+00   0.00000000e+00   0.00000000e+00   0.00000000e+00   0.00000000e+00   0.00000000e+00
  1.96800000e-05   0.00000000e+00   0.00000000e+00   0.00000000e+00   0.00000000e+00   0.00000000e+00   0.00000000e+00
  1.97600000e-05   0.00000000e+00   0.00000000e+00   0.00000000e+00   0.00000000e+00   0.00000000e+00   0.00000000e+00
  1.98400000e-05   0.00000000e+00   0.00000000e+00   0.00000000e+00   0.00000000e+00   0.00000000e+00   0.00000000e+00
  1.99200000e-05   0.00000000e+00   0.00000000e+00   0.00000000e+00   0.00000000e+00   0.00000000e+00   0.00000000e+00
  2.00000000e-05   0.00000000e+00   0.00000000e+00   0.00000000e+00   0.00000000e+00   0.00000000e+00   0.00000000e+00
  2.00800000e-05   0.00000000e+00   0.00000000e+00   0.00000000e+00   0.00000000e+00   0.00000000e+00   0.00000000e+00
  2.01600000e-05   0.00000000e+00   0.00000000e+00   0.00000000e+00   0.00000000e+00   0.00000000e+00   0.00000000e+00
  2.02400000e-05   0.00000000e+00   0.00000000e+00   0.00000000e+00   0.00000000e+00   0.00000000e+00   0.00000000e+00
  2.03200000e-05   0.00000000e+00   0.00000000e+00   0.00000000e+00   0.00000000e+00   0.00000000e+00   0.00000000e+00
  2.04000000e-05   0.00000000e+00   0.00000000e+00   0.00000000e+00   0.00000000e+00   0.00000000e+00   0.00000000e+00
  2.04800000e-05   0.00000000e+00   0.00000000e+00   0.00000000e+00   0.00000000e+00   0.00000000e+00   0.00000000e+00
  2.05600000e-05   0.00000000e+00   0.00000000e+00   0.00000000e+00   0.00000000e+00   0.00000000e+00   0.00000000e+00
  2.06400000e-05   0.00000000e+00   0.00000000e+00   0.00000000e+00   0.00000000e+00   0.00000000e+00   0.00000000e+00
  2.07200000e-05   0.00000000e+00   0.00000000e+00   0.00000000e+00   0.00000000e+00   0.00000000e+00   0.00000000e+00
  2.08000000e-05   0.00000000e+00   0.00000000e+00   0.00000000e+00   0.00000000e+00   0.00000000e+00   0.00000000e+00
  2.08800000e-05   0.00000000e+00   0.00000000e+00   0.00000000e+00   0.00000000e+00   0.00000000e+00   0.00000000e+00
  2.09600000e-05   0.00000000e+00   0.00000000e+00   0.00000000e+00   0.00000000e+00   0.00000000e+00   0.00000000e+00
  2.10400000e-05   0.00000000e+00   0.00000000e+00   0.00000000e+00   0.00000000e+00   0.00000000e+00   0.00000000e+00
  2.11200000e-05   0.00000000e+00   0.00000000e+00   0.00000000e+00   0.00000000e+00   0.00000000e+00   0.00000000e+00
  2.12000000e-05   0.00000000e+00   0.00000000e+00   0.00000000e+00   0.00000000e+00   0.00000000e+00   0.00000000e+00
  2.12800000e-05   0.00000000e+00   0.00000000e+00   0.00000000e+00   0.00000000e+00   0.00000000e+00   0.00000000e+00
  2.13600000e-05   0.00000000e+00   0.00000000e+00   0.00000000e+00   0.00000000e+00   0.00000000e+00   0.00000000e+00
  2.14400000e-05   0.00000000e+00   0.00000000e+00   0.00000000e+00   0.00000000e+00   0.00000000e+00   0.00000000e+00
  2.15200000e-05   0.00000000e+00   0.00000000e+00   0.00000000e+00   0.00000000e+00   0.00000000e+00   0.00000000e+00
  2.16000000e-05   0.00000000e+00   0.00000000e+00   0.00000000e+00   0.00000000e+00   0.00000000e+00   0.00000000e+00
  2.16800000e-05   0.00000000e+00   0.00000000e+00   0.00000000e+00   0.00000000e+00   0.00000000e+00   0.00000000e+00
  2.17600000e-05   0.00000000e+00   0.00000000e+00   0.00000000e+00   0.00000000e+00   0.00000000e+00   0.00000000e+00
  2.18400000e-05   0.00000000e+00   0.00000000e+00   0.00000000e+00   0.00000000e+00   0.00000000e+00   0.00000000e+00
  2.19200000e-05   0.00000000e+00   0.00000000e+00   0.00000000e+00   0.00000000e+00   0.00000000e+00   0.00000000e+00
  2.20000000e-05   0.00000000e+00   0.00000000e+00   0.00000000e+00   0.00000000e+00   0.00000000e+00   0.00000000e+00
  2.20800000e-05   0.00000000e+00   0.00000000e+00   0.00000000e+00   0.00000000e+00   0.00000000e+00   0.00000000e+00
  2.21600000e-05   0.00000000e+00   0.00000000e+00   0.00000000e+00   0.00000000e+00   0.00000000e+00   0.00000000e+00
  2.22400000e-05   0.00000000e+00   0.00000000e+00   0.00000000e+00   0.00000000e+00   0.00000000e+00   0.00000000e+00
  2.23200000e-05   0.00000000e+00   0.00000000e+00   0.00000000e+00   0.00000000e+00   0.00000000e+00   0.00000000e+00
  2.24000000e-05   0.00000000e+00   0.00000000e+00   0.00000000e+00   0.00000000e+00   0.00000000e+00   0.00000000e+00
  2.24800000e-05   0.00000000e+00   0.00000000e+00   0.00000000e+00   0.00000000e+00   0.00000000e+00   0.00000000e+00
  2.25600000e-05   0.00000000e+00   0.00000000e+00   0.00000000e+00   0.00000000e+00   0.00000000e+00   0.00000000e+00
  2.26400000e-05   0.00000000e+00   0.00000000e+00   0.00000000e+00   0.00000000e+00   0.00000000e+00   0.00000000e+00
  2.27200000e-05   0.00000000e+00   0.00000000e+00   0.00000000e+00   0.00000000e+00   0.00000000e+00   0.00000000e+00
  2.28000000e-05   0.00000000e+00   0.00000000e+00   0.00000000e+00   0.00000000e+00   0.00000000e+00   0.00000000e+00
  2.28800000e-05   0.00000000e+00   0.00000000e+00   0.00000000e+00   0.00000000e+00   0.00000000e+00   0.00000000e+00
  2.29600000e-05   0.00000000e+00   0.00000000e+00   0.00000000e+00   0.00000000e+00   0.00000000e+00   0.00000000e+00
  2.30400000e-05   2.68026144e-07   7.25247236e-07   0.00000000e+00  -6.93392020e-19   2.56253564e-19   2.39305500e-18
  2.31200000e-05   0.00000000e+00   0.00000000e+00   0.00000000e+00   0.00000000e+00   0.00000000e+00   0.00000000e+00
  2.32000000e-05   1.50656595e-06   4.24298162e-06   0.00000000e+00  -4.05671224e-18   1.44042682e-18   1.40010064e-17
  2.32800000e-05   0.00000000e+00   0.00000000e+00   0.00000000e+00   0.00000000e+00   0.00000000e+00   0.00000000e+00
  2.33600000e-05   0.00000000e+00   0.00000000e+00   0.00000000e+00   0.00000000e+00   0.00000000e+00   0.00000000e+00
  2.34400000e-05   2.08728624e-06   6.12862802e-06   0.00000000e+00  -5.86023514e-18   1.99587708e-18   2.02241031e-17
  2.35200000e-05   6.25539231e-06   1.87805148e-05  -1.30816398e-12  -1.79595314e-17   5.98194442e-18   6.19757529e-17
  2.36000000e-05   1.24403925e-05   3.74695856e-05  -2.24960473e-12  -3.58439151e-17   1.19006561e-17   1.23646253e-16
  2.36800000e-05   5.34300729e-06   1.63852226e-05   0.00000000e+00  -1.56790331e-17   5.11272813e-18   5.40693953e-17
  2.37600000e-05   1.82868071e-05   5.73816700e-05  -3.92154122e-12  -5.49249599e-17   1.75038978e-17   1.89352865e-16
  2.38400000e-05   9.94387285e-06   3.16976050e-05  -1.03080835e-12  -3.03601971e-17   9.52431729e-18   1.04594023e-16
  2.39200000e-05   1.91091401e-05   6.20806022e-05  -1.20030243e-11  -5.94934007e-17   1.83128086e-17   2.04844326e-16
  2.40000000e-05   1.88500105e-05   6.20634864e-05  -7.83847745e-12  -5.95285220e-17   1.80801133e-17   2.04774532e-16
  2.40800000e-05   1.22568376e-05   4.08507825e-05  -6.48094575e-12  -3.92067744e-17   1.17635921e-17   1.34778598e-16
  2.41600000e-05   2.73617949e-05   9.29872605e-05  -3.92722302e-11  -8.93239776e-17   2.62839919e-17   3.06773538e-16
  2.42400000e-05   2.18199714e-05   7.57548640e-05  -2.99558358e-11  -7.28530583e-17   2.09842517e-17   2.49901931e-16
  2.43200000e-05   1.59398902e-05   5.67498259e-05  -5.31879556e-11  -5.46198792e-17   1.53418063e-17   1.87198834e-16
  2.44000000e-05   2.02551115e-05   7.30279597e-05  -2.95366561e-11  -7.03474955e-17   1.95117526e-17   2.40879154e-16
  2.44800000e-05   9.94711541e-06   3.67473763e-05  -6.29625292e-11  -3.54233313e-17   9.58891850e-18   1.21204699e-16
  2.45600000e-05   1.61154548e-05   6.01106145e-05  -6.21942371e-11  -5.79650101e-17   1.55404306e-17   1.98259803e-16
  2.46400000e-05   5.87083067e-06   2.22591845e-05  -5.98765751e-11  -2.14774680e-17   5.66485144e-18   7.34135449e-17
  2.47200000e-05   8.45344320e-06   3.29976507e-05  -6.58507454e-11  -3.18471328e-17   8.15891704e-18   1.08830871e-16
  2.48000000e-05   5.75179867e-06   2.27132110e-05  -6.82600937e-11  -2.19319500e-17   5.55418053e-18   7.49088649e-17
  2.48800000e-05  -3.76508838e-06  -1.44256376e-05  -7.08524069e-11   1.39301386e-17  -3.63552957e-18  -4.75745662e-17
  2.49600000e-05   5.72421741e-06   2.39665872e-05  -8.01073355e-11  -2.31446131e-17   5.52816004e-18   7.90461438e-17
  2.50400000e-05   3.71133416e-12   9.06112323e-12  -7.35076879e-11  -9.68003416e-24   2.46243094e-22   2.98650827e-23
  2.51200000e-05   1.69931959e-12   8.96100136e-12  -7.98914244e-11  -9.66388847e-24   2.65373168e-22   2.95599597e-23
  2.52000000e-05  -9.06258839e-13  -9.22161799e-12  -7.53529822e-11   7.95640255e-24   2.47874405e-22  -3.04302970e-23
  2.52800000e-05  -4.55514278e-13  -2.82875478e-12  -7.71747802e-11   1.75839572e-24   2.54323776e-22  -9.33233071e-24
  2.53600000e-05  -8.15520018e-13   2.72097351e-12  -8.19793924e-11  -3.66285134e-24   2.69836674e-22   8.99257181e-24
  2.54400000e-05  -1.61684974e-13  -9.66009488e-13  -8.59556881e-11  -1.51690614e-25   2.83594487e-22  -3.18687972e-24
  2.55200000e-05  -1.15837298e-14  -3.77576475e-13  -9.16445195e-11  -7.91866271e-25   3.02519029e-22  -1.24628179e-24
  2.56000000e-05   2.68863348e-13  -2.23372370e-13  -1.02030118e-10  -1.07188450e-24   3.37074101e-22  -7.40773733e-25
  2.56800000e-05  -1.90194515e-13  -1.09750486e-13  -8.96226314e-11  -1.02504910e-24   2.95671995e-22  -3.59900016e-25
  2.57600000e-05  -7.93595703e-15  -5.05930803e-13  -8.94036512e-11  -6.39605828e-25   2.95125161e-22  -1.67004179e-24
  2.58400000e-05   0.00000000e+00   0.00000000e+00  -8.95624077e-11  -1.13029979e-24   2.95656902e-22  -9.54369746e-50
  2.59200000e-05   0.00000000e+00   0.00000000e+00  -1.05656737e-10  -1.33341434e-24   3.48786331e-22  -1.32819702e-49
  2.60000000e-05   0.00000000e+00   0.00000000e+00  -1.03908321e-10  -1.31134903e-24   3.43014588e-22  -1.28466939e-49
  2.60800000e-05   0.00000000e+00   0.00000000e+00  -9.84309857e-11  -1.24222380e-24   3.24933207e-22  -1.15278739e-49
  2.61600000e-05   0.00000000e+00   0.00000000e+00  -9.76202068e-11  -1.23199168e-24   3.22256723e-22  -1.13387454e-49
  2.62400000e-05   0.00000000e+00   0.00000000e+00  -1.04448462e-10  -1.31816612e-24   3.44797663e-22  -1.29807001e-49
  2.63200000e-05   0.00000000e+00   0.00000000e+00  -1.05883276e-10  -1.33627396e-24   3.49534166e-22  -1.33392517e-49
  2.64000000e-05   0.00000000e+00   0.00000000e+00  -1.13614779e-10  -1.43384764e-24   3.75056840e-22  -1.53584335e-49
  2.64800000e-05   0.00000000e+00   0.00000000e+00  -1.22135708e-10  -1.54138412e-24   4.03185511e-22  -1.77483836e-49
  2.65600000e-05   0.00000000e+00   0.00000000e+00  -1.12013558e-10  -1.41364014e-24   3.69771007e-22  -1.49292288e-49
  2.66400000e-05   0.00000000e+00   0.00000000e+00  -1.17237358e-10  -1.47956599e-24   3.87015433e-22  -1.63536245e-49
  2.67200000e-05   0.00000000e+00   0.00000000e+00  -1.14705926e-10  -1.44761882e-24   3.78658856e-22  -1.56551157e-49
  2.68000000e-05   0.00000000e+00   0.00000000e+00  -1.19538672e-10  -1.50860951e-24   3.94612366e-22  -1.70017445e-49
  2.68800000e-05   0.00000000e+00   0.00000000e+00  -1.28374868e-10  -1.62012481e-24   4.23781772e-22  -1.96081762e-49
  2.69600000e-05   0.00000000e+00   0.00000000e+00  -1.14908411e-10  -1.45017472e-24   3.79327284e-22  -1.57108524e-49
  2.70400000e-05   0.00000000e+00   0.00000000e+00  -1.21773016e-10  -1.53680803e-24   4.01988219e-22  -1.76432663e-49
  2.71200000e-05   0.00000000e+00   0.00000000e+00  -1.30905193e-10  -1.65205873e-24   4.32134697e-22  -2.03893420e-49
  2.72000000e-05   0.00000000e+00   0.00000000e+00  -1.25112122e-10  -1.57894881e-24   4.13011033e-22  -1.86246647e-49
  2.72800000e-05   0.00000000e+00   0.00000000e+00  -1.27986617e-10  -1.61522590e-24   4.22500106e-22  -1.94896690e-49
  2.73600000e-05   0.00000000e+00   0.00000000e+00  -1.31273022e-10  -1.65670143e-24   4.33348948e-22  -2.05044523e-49
  2.74400000e-05   0.00000000e+00   0.00000000e+00  -1.25348082e-10  -1.58192725e-24   4.13789966e-22  -1.86950032e-49
  2.75200000e-05   0.00000000e+00   0.00000000e+00  -1.33928117e-10  -1.69020985e-24   4.42113753e-22  -2.13410979e-49
  2.76000000e-05   0.00000000e+00   0.00000000e+00  -1.38578557e-10  -1.74889991e-24   4.57465446e-22  -2.28501907e-49
  2.76800000e-05   0.00000000e+00   0.00000000e+00  -1.21847648e-10  -1.53775138e-24   4.02234588e-22  -1.76658225e-49
  2.77600000e-05   0.00000000e+00   0.00000000e+00  -1.26861919e-10  -1.60103306e-24   4.18787335e-22  -1.91487803e-49
  2.78400000e-05   0.00000000e+00   0.00000000e+00  -1.38260702e-10  -1.74488912e-24   4.56416169e-22  -2.27446334e-49
  2.79200000e-05   0.00000000e+00   0.00000000e+00  -1.42374037e-10  -1.79680080e-24   4.69994808e-22  -2.41181012e-49
  2.80000000e-05   0.00000000e+00   0.00000000e+00  -1.37584144e-10  -1.73635121e-24   4.54182763e-22  -2.25228798e-49
  2.80800000e-05   0.00000000e+00   0.00000000e+00  -1.22979642e-10  -1.55203842e-24   4.05971445e-22  -1.79953872e-49
  2.81600000e-05   0.00000000e+00   0.00000000e+00  -1.11551004e-10  -1.40780588e-24   3.68244058e-22  -1.48061705e-49
  2.82400000e-05   0.00000000e+00   0.00000000e+00  -1.40662191e-10  -1.77519768e-24   4.64343788e-22  -2.35414811e-49
  2.83200000e-05   0.00000000e+00   0.00000000e+00  -1.42027296e-10  -1.79242594e-24   4.68850174e-22  -2.40009308e-49
  2.84000000e-05   0.00000000e+00   0.00000000e+00  -1.42297849e-10  -1.79584063e-24   4.69743304e-22  -2.40924584e-49
  2.84800000e-05   0.00000000e+00   0.00000000e+00  -1.41562816e-10  -1.78656453e-24   4.67316864e-22  -2.38442094e-49
  2.85600000e-05   0.00000000e+00   0.00000000e+00  -1.37975536e-10  -1.74129222e-24   4.55474798e-22  -2.26510016e-49
  2.86400000e-05   0.00000000e+00   0.00000000e+00  -1.41305670e-10  -1.78331973e-24   4.66467994e-22  -2.37579252e-49
  2.87200000e-05   0.00000000e+00   0.00000000e+00  -1.35214507e-10  -1.70644766e-24   4.46360292e-22  -2.17538498e-49
  2.88000000e-05   0.00000000e+00   0.00000000e+00  -1.35987662e-10  -1.71620533e-24   4.48912575e-22  -2.20030100e-49
  2.88800000e-05   0.00000000e+00   0.00000000e+00  -1.42200515e-10  -1.79461363e-24   4.69421992e-22  -2.40596056e-49
  2.89600000e-05   0.00000000e+00   0.00000000e+00  -1.40222131e-10  -1.76964606e-24   4.62891096e-22  -2.33947988e-49
  2.90400000e-05   0.00000000e+00   0.00000000e+00  -1.38693241e-10  -1.75035122e-24   4.57844035e-22  -2.28869210e-49
  2.91200000e-05   0.00000000e+00   0.00000000e+00  -1.40393187e-10  -1.77180529e-24   4.63455773e-22  -2.34518871e-49
  2.92000000e-05   0.00000000e+00   0.00000000e+00  -1.39006110e-10  -1.75430017e-24   4.58876853e-22  -2.29907699e-49
  2.92800000e-05   0.00000000e+00   0.00000000e+00  -1.37597929e-10  -1.73652872e-24   4.54228270e-22  -2.25272367e-49
  2.93600000e-05   0.00000000e+00   0.00000000e+00  -1.43798965e-10  -1.81478796e-24   4.74698678e-22  -2.46033598e-49
  2.94400000e-05   0.00000000e+00   0.00000000e+00  -1.48500770e-10  -1.87412646e-24   4.90219935e-22  -2.62385186e-49
  2.95200000e-05   0.00000000e+00   0.00000000e+00  -1.31693137e-10  -1.66200905e-24   4.34735799e-22  -2.06359080e-49
  2.96000000e-05   0.00000000e+00   0.00000000e+00  -1.38739443e-10  -1.75093588e-24   4.57996552e-22  -2.29022451e-49
  2.96800000e-05   0.00000000e+00   0.00000000e+00  -1.47030144e-10  -1.85556741e-24   4.85365212e-22  -2.57212043e-49
  2.97600000e-05   0.00000000e+00   0.00000000e+00  -1.22850886e-10  -1.55041762e-24   4.05546403e-22  -1.79573744e-49
  2.98400000e-05   0.00000000e+00   0.00000000e+00  -1.35185119e-10  -1.70607981e-24   4.46263278e-22  -2.17441805e-49
  2.99200000e-05   0.00000000e+00   0.00000000e+00  -1.33629224e-10  -1.68644412e-24   4.41127068e-22  -2.12467739e-49
  3.00000000e-05   0.00000000e+00   0.00000000e+00  -1.26917875e-10  -1.60174492e-24   4.18972053e-22  -1.91661985e-49
  3.00800000e-05   0.00000000e+00   0.00000000e+00  -1.33498610e-10  -1.68479613e-24   4.40695894e-22  -2.12043494e-49
  3.01600000e-05   0.00000000e+00   0.00000000e+00  -1.38359578e-10  -1.74614336e-24   4.56742568e-22  -2.27779426e-49
  3.02400000e-05   0.00000000e+00   0.00000000e+00  -1.21086467e-10  -1.52815122e-24   3.99721834e-22  -1.74457932e-49
  3.03200000e-05   0.00000000e+00   0.00000000e+00  -1.36217401e-10  -1.71910879e-24   4.49670970e-22  -2.20769155e-49
  3.04000000e-05   0.00000000e+00   0.00000000e+00  -1.30856947e-10  -1.65145830e-24   4.31975430e-22  -2.03746071e-49
  3.04800000e-05   0.00000000e+00   0.00000000e+00  -1.17573831e-10  -1.48382113e-24   3.88126176e-22  -1.64481956e-49
  3.05600000e-05   0.00000000e+00   0.00000000e+00  -1.25112297e-10  -1.57895927e-24   4.13011611e-22  -1.86243386e-49
  3.06400000e-05   0.00000000e+00   0.00000000e+00  -1.24618845e-10  -1.57273192e-24   4.11382663e-22  -1.84783107e-49
  3.07200000e-05   0.00000000e+00   0.00000000e+00  -1.12950694e-10  -1.42547608e-24   3.72864613e-22  -1.51800667e-49
  3.08000000e-05   0.00000000e+00   0.00000000e+00  -1.27576694e-10  -1.61006133e-24   4.21146897e-22  -1.93649467e-49
  3.08800000e-05   0.00000000e+00   0.00000000e+00  -1.21236000e-10  -1.53003979e-24   4.00215459e-22  -1.74886472e-49
  3.09600000e-05   0.00000000e+00   0.00000000e+00  -1.11891429e-10  -1.41210826e-24   3.69367841e-22  -1.48966070e-49
  3.10400000e-05   0.00000000e+00   0.00000000e+00  -1.16523053e-10  -1.47056111e-24   3.84657422e-22  -1.61550902e-49
  3.11200000e-05   0.00000000e+00   0.00000000e+00  -1.16205552e-10  -1.46655429e-24   3.83609312e-22  -1.60667928e-49
  3.12000000e-05   0.00000000e+00   0.00000000e+00  -1.17890967e-10  -1.48782498e-24   3.89173080e-22  -1.65370638e-49
  3.12800000e-05   0.00000000e+00   0.00000000e+00  -1.04111922e-10  -1.31392877e-24   3.43686700e-22  -1.28973341e-49
  3.13600000e-05   0.00000000e+00   0.00000000e+00  -1.11539699e-10  -1.40767006e-24   3.68206738e-22  -1.48029472e-49
  3.14400000e-05   0.00000000e+00   0.00000000e+00  -1.06798152e-10  -1.34783020e-24   3.52554286e-22  -1.35712791e-49
  3.15200000e-05   0.00000000e+00   0.00000000e+00  -9.82835914e-11  -1.24037358e-24   3.24446640e-22  -1.14936005e-49
  3.16000000e-05   0.00000000e+00   0.00000000e+00  -1.08347452e-10  -1.36738318e-24   3.57668725e-22  -1.39675252e-49
  3.16800000e-05   0.00000000e+00   0.00000000e+00  -9.88674585e-11  -1.24774243e-24   3.26374059e-22  -1.16301532e-49
  3.17600000e-05   0.00000000e+00   0.00000000e+00  -1.04293769e-10  -1.31622452e-24   3.44287000e-22  -1.29418312e-49
  3.18400000e-05   0.00000000e+00   0.00000000e+00  -9.23292271e-11  -1.16522785e-24   3.04790525e-22  -1.01433162e-49
  3.19200000e-05   0.00000000e+00   0.00000000e+00  -9.25885288e-11  -1.16850042e-24   3.05646513e-22  -1.01999637e-49
  3.20000000e-05   0.00000000e+00   0.00000000e+00  -9.29265080e-11  -1.17276594e-24   3.06762225e-22  -1.02745662e-49
  3.20800000e-05   0.00000000e+00   0.00000000e+00  -9.70664918e-11  -1.22501413e-24   3.20428839e-22  -1.12103059e-49
  3.21600000e-05   0.00000000e+00   0.00000000e+00  -8.92485183e-11  -1.12634859e-24   2.94620714e-22  -9.47757884e-50
  3.22400000e-05   0.00000000e+00   0.00000000e+00  -9.27139667e-11  -1.17008390e-24   3.06060600e-22  -1.02275599e-49
  3.23200000e-05   0.00000000e+00   0.00000000e+00  -8.49251523e-11  -1.07178632e-24   2.80348732e-22  -8.58158658e-50
  3.24000000e-05   0.00000000e+00   0.00000000e+00  -8.14550260e-11  -1.02799214e-24   2.68893404e-22  -7.89468006e-50
  3.24800000e-05   0.00000000e+00   0.00000000e+00  -7.89109864e-11  -9.95885507e-25   2.60495205e-22  -7.40893607e-50
  3.25600000e-05   0.00000000e+00   0.00000000e+00  -8.16368790e-11  -1.03028735e-24   2.69493724e-22  -7.92964629e-50
  3.26400000e-05   0.00000000e+00   0.00000000e+00  -7.45043677e-11  -9.40272505e-25   2.45948397e-22  -6.60451719e-50
  3.27200000e-05   0.00000000e+00   0.00000000e+00  -6.88357036e-11  -8.68731941e-25   2.27235415e-22  -5.63779746e-50
  3.28000000e-05   0.00000000e+00   0.00000000e+00  -7.05449124e-11  -8.90302844e-25   2.32877731e-22  -5.92125032e-50
  3.28800000e-05   0.00000000e+00   0.00000000e+00  -6.88873573e-11  -8.69383943e-25   2.27405931e-22  -5.64649000e-50
  3.29600000e-05   0.00000000e+00   0.00000000e+00  -7.47326010e-11  -9.43153140e-25   2.46701824e-22  -6.64513855e-50
  3.30400000e-05   0.00000000e+00   0.00000000e+00  -7.03169953e-11  -8.87426618e-25   2.32125348e-22  -5.88315454e-50
  3.31200000e-05   0.00000000e+00   0.00000000e+00  -5.64135301e-11  -7.11959761e-25   1.86228240e-22  -3.78678225e-50
  3.32000000e-05   0.00000000e+00   0.00000000e+00  -6.06387910e-11  -7.65284165e-25   2.00176364e-22  -4.37503428e-50
  3.32800000e-05   0.00000000e+00   0.00000000e+00  -6.30182601e-11  -7.95314000e-25   2.08031294e-22  -4.72512576e-50
  3.33600000e-05   0.00000000e+00   0.00000000e+00  -5.21884362e-11  -6.58637606e-25   1.72280668e-22  -3.24060501e-50
  3.34400000e-05   0.00000000e+00   0.00000000e+00  -5.76880722e-11  -7.28045111e-25   1.90435666e-22  -3.95977983e-50
  3.35200000e-05   0.00000000e+00   0.00000000e+00  -5.00724238e-11  -6.31932803e-25   1.65295441e-22  -2.98331008e-50
  3.36000000e-05   0.00000000e+00   0.00000000e+00  -5.29922948e-11  -6.68782704e-25   1.74934307e-22  -3.34123124e-50
  3.36800000e-05   0.00000000e+00   0.00000000e+00  -3.64812001e-11  -4.60406495e-25   1.20429083e-22  -1.58356073e-50
  3.37600000e-05   0.00000000e+00   0.00000000e+00  -4.88501238e-11  -6.16506994e-25   1.61260474e-22  -2.83940434e-50
  3.38400000e-05   0.00000000e+00   0.00000000e+00  -4.36420428e-11  -5.50779070e-25   1.44067936e-22  -2.26624464e-50
  3.39200000e-05   0.00000000e+00   0.00000000e+00  -4.06354374e-11  -5.12834593e-25   1.34142749e-22  -1.96466334e-50
  3.40000000e-05   0.00000000e+00   0.00000000e+00  -4.25336565e-11  -5.36790857e-25   1.40409012e-22  -2.15259380e-50
  3.40800000e-05   0.00000000e+00   0.00000000e+00  -3.78355611e-11  -4.77499131e-25   1.24900001e-22  -1.70332882e-50
  3.41600000e-05   0.00000000e+00   0.00000000e+00  -3.79223693e-11  -4.78594700e-25   1.25186566e-22  -1.71113668e-50
  3.42400000e-05   0.00000000e+00   0.00000000e+00  -3.37781676e-11  -4.26293313e-25   1.11506029e-22  -1.35748285e-50
  3.43200000e-05   0.00000000e+00   0.00000000e+00  -4.07698716e-11  -5.14531293e-25   1.34586533e-22  -1.97762855e-50
  3.44000000e-05   0.00000000e+00   0.00000000e+00  -2.59336188e-11  -3.27292147e-25   8.56101751e-23  -8.00285987e-51
  3.44800000e-05   0.00000000e+00   0.00000000e+00  -2.39910326e-11  -3.02775975e-25   7.91974507e-23  -6.84835584e-51
  3.45600000e-05   0.00000000e+00   0.00000000e+00  -2.31549783e-11  -2.92224658e-25   7.64375291e-23  -6.37936321e-51
  3.46400000e-05   0.00000000e+00   0.00000000e+00  -2.13823405e-11  -2.69853299e-25   7.05858263e-23  -5.44018085e-51
  3.47200000e-05   0.00000000e+00   0.00000000e+00  -1.82347565e-11  -2.30129592e-25   6.01952512e-23  -3.95622257e-51
  3.48000000e-05   0.00000000e+00   0.00000000e+00  -1.88857046e-11  -2.38344809e-25   6.23441136e-23  -4.24372562e-51
  3.48800000e-05   0.00000000e+00   0.00000000e+00  -7.90864142e-12  -9.98100782e-26   2.61074315e-23  -7.44432040e-52
  3.49600000e-05   0.00000000e+00   0.00000000e+00  -1.26088430e-11  -1.59128420e-25   4.16233948e-23  -1.89155851e-51
  3.50400000e-05   0.00000000e+00   0.00000000e+00  -1.60774648e-11  -2.02903756e-25   5.30737566e-23  -3.07530892e-51
  3.51200000e-05   0.00000000e+00   0.00000000e+00  -2.40665194e-12  -3.03728683e-26   7.94466423e-24  -6.89679555e-53
  3.52000000e-05   0.00000000e+00   0.00000000e+00  -9.95949995e-12  -1.25692701e-25   3.28775764e-23  -1.18002298e-51
  3.52800000e-05   0.00000000e+00   0.00000000e+00  -1.84276327e-11  -2.32563780e-25   6.08319601e-23  -4.04105091e-51
  3.53600000e-05   0.00000000e+00   0.00000000e+00   5.14293315e-13   6.49057861e-27  -1.69774766e-24  -3.12604538e-54
  3.54400000e-05   0.00000000e+00   0.00000000e+00   9.99454149e-13   1.26134941e-26  -3.29932530e-24  -1.18681783e-53
  3.55200000e-05   0.00000000e+00   0.00000000e+00   3.76589955e-13   4.75270945e-27  -1.24317135e-24  -1.69744902e-54
  3.56000000e-05   0.00000000e+00   0.00000000e+00  -8.56678756e-12  -1.08116140e-25   2.82800556e-23  -8.72986032e-52
  3.56800000e-05   0.00000000e+00   0.00000000e+00   4.68578715e-12   5.91364285e-26  -1.54683795e-23  -2.61206766e-52
  3.57600000e-05   0.00000000e+00   0.00000000e+00   6.66126196e-12   8.40676768e-26  -2.19896732e-23  -5.27854231e-52
  3.58400000e-05   0.00000000e+00   0.00000000e+00   1.17945857e-11   1.48852187e-25  -3.89354279e-23  -1.65501822e-51
  3.59200000e-05   0.00000000e+00   0.00000000e+00   1.59049194e-12   2.00726171e-26  -5.25041625e-24  -3.01119710e-53
  3.60000000e-05   0.00000000e+00   0.00000000e+00   1.44770465e-11   1.82705868e-25  -4.77905724e-23  -2.49335163e-51
  3.60800000e-05   0.00000000e+00   0.00000000e+00   2.26190541e-11   2.85461115e-25  -7.46683754e-23  -6.08687595e-51
  3.61600000e-05   0.00000000e+00   0.00000000e+00   1.12441143e-11   1.41905022e-25  -3.71182517e-23  -1.50444058e-51
  3.62400000e-05   0.00000000e+00   0.00000000e+00   1.17035824e-11   1.47703684e-25  -3.86350144e-23  -1.62958329e-51
  3.63200000e-05   0.00000000e+00   0.00000000e+00   1.66323277e-11   2.09906331e-25  -5.49054299e-23  -3.29123238e-51
  3.64000000e-05   0.00000000e+00   0.00000000e+00   1.29194386e-11   1.63048250e-25  -4.26487105e-23  -1.98608428e-51
  3.64800000e-05   0.00000000e+00   0.00000000e+00   2.45949529e-11   3.10397694e-25  -8.11910685e-23  -7.19648458e-51
  3.65600000e-05   0.00000000e+00   0.00000000e+00   2.20538534e-11   2.78328041e-25  -7.28025758e-23  -5.78718609e-51
  3.66400000e-05   0.00000000e+00   0.00000000e+00   1.92449521e-11   2.42878631e-25  -6.35300354e-23  -4.40690989e-51
  3.67200000e-05   0.00000000e+00   0.00000000e+00   2.12918402e-11   2.68711133e-25  -7.02870733e-23  -5.39415708e-51
  3.68000000e-05   0.00000000e+00   0.00000000e+00   2.32037912e-11   2.92840678e-25  -7.65986670e-23  -6.40550813e-51
  3.68800000e-05   0.00000000e+00   0.00000000e+00   3.36684716e-11   4.24908917e-25  -1.11143908e-22  -1.34864520e-50
  3.69600000e-05   0.00000000e+00   0.00000000e+00   2.07967286e-11   2.62462617e-25  -6.86526470e-23  -5.14678901e-51
  3.70400000e-05   0.00000000e+00   0.00000000e+00   2.83401871e-11   3.57663924e-25  -9.35545633e-23  -9.55559899e-51
  3.71200000e-05   0.00000000e+00   0.00000000e+00   3.67359134e-11   4.63621164e-25  -1.21269924e-22  -1.60561540e-50
  3.72000000e-05   0.00000000e+00   0.00000000e+00   2.56792569e-11   3.24081956e-25  -8.47704942e-23  -7.84609242e-51
  3.72800000e-05   0.00000000e+00   0.00000000e+00   3.24601792e-11   4.09659755e-25  -1.07155181e-22  -1.25359703e-50
  3.73600000e-05   0.00000000e+00   0.00000000e+00   3.00428542e-11   3.79152185e-25  -9.91752838e-23  -1.07390899e-50
  3.74400000e-05   0.00000000e+00   0.00000000e+00   3.19137348e-11   4.02763394e-25  -1.05351299e-22  -1.21184234e-50
  3.75200000e-05   0.00000000e+00   0.00000000e+00   3.38124372e-11   4.26725723e-25  -1.11619157e-22  -1.36031501e-50
  3.76000000e-05   0.00000000e+00   0.00000000e+00   3.32255328e-11   4.19318755e-25  -1.09681711e-22  -1.31350122e-50
  3.76800000e-05   0.00000000e+00   0.00000000e+00   3.53695903e-11   4.46377557e-25  -1.16759518e-22  -1.48836761e-50
  3.77600000e-05   0.00000000e+00   0.00000000e+00   3.37699766e-11   4.26189814e-25  -1.11478989e-22  -1.35692266e-50
  3.78400000e-05   0.00000000e+00   0.00000000e+00   3.58215264e-11   4.52081132e-25  -1.18251416e-22  -1.52674774e-50
  3.79200000e-05   0.00000000e+00   0.00000000e+00   3.76508271e-11   4.75167579e-25  -1.24290171e-22  -1.68666340e-50
  3.80000000e-05   0.00000000e+00   0.00000000e+00   4.11562603e-11   5.19407442e-25  -1.35862051e-22  -2.01538757e-50
  3.80800000e-05   0.00000000e+00   0.00000000e+00   3.75547105e-11   4.73954516e-25  -1.23972877e-22  -1.67802967e-50
  3.81600000e-05   0.00000000e+00   0.00000000e+00   4.93306597e-11   6.22571381e-25  -1.62846784e-22  -2.89532882e-50
  3.82400000e-05   0.00000000e+00   0.00000000e+00   4.01144574e-11   5.06259441e-25  -1.32422928e-22  -1.91462298e-50
  3.83200000e-05   0.00000000e+00   0.00000000e+00   3.94786866e-11   4.98235757e-25  -1.30324167e-22  -1.85444614e-50
  3.84000000e-05   0.00000000e+00   0.00000000e+00   3.79590582e-11   4.79057463e-25  -1.25307681e-22  -1.71443040e-50
  3.84800000e-05   0.00000000e+00   0.00000000e+00   3.76174749e-11   4.74746536e-25  -1.24180070e-22  -1.68374671e-50
  3.85600000e-05   0.00000000e+00   0.00000000e+00   4.15394638e-11   5.24243477e-25  -1.37127055e-22  -2.05306135e-50
  3.86400000e-05   0.00000000e+00   0.00000000e+00   4.32604215e-11   5.45962582e-25  -1.42808155e-22  -2.22670061e-50
  3.87200000e-05   0.00000000e+00   0.00000000e+00   3.99791293e-11   5.04551436e-25  -1.31976192e-22  -1.90183381e-50
  3.88000000e-05   0.00000000e+00   0.00000000e+00   4.94326095e-11   6.23857837e-25  -1.63183333e-22  -2.90733645e-50
  3.88800000e-05   0.00000000e+00   0.00000000e+00   5.69149847e-11   7.18288148e-25  -1.87883606e-22  -3.85410576e-50
  3.89600000e-05   0.00000000e+00   0.00000000e+00   3.89547683e-11   4.91623557e-25  -1.28594646e-22  -1.80564265e-50
  3.90400000e-05   0.00000000e+00   0.00000000e+00   4.97872792e-11   6.28333818e-25  -1.64354143e-22  -2.94926307e-50
  3.91200000e-05   0.00000000e+00   0.00000000e+00   3.94175138e-11   4.97463532e-25  -1.30122228e-22  -1.84865310e-50
  3.92000000e-05   0.00000000e+00   0.00000000e+00   4.22083947e-11   5.32685456e-25  -1.39335281e-22  -2.11970364e-50
  3.92800000e-05   0.00000000e+00   0.00000000e+00   5.01240717e-11   6.32584182e-25  -1.65465938e-22  -2.98939855e-50
  3.93600000e-05   0.00000000e+00   0.00000000e+00   4.66264939e-11   5.88443441e-25  -1.53919989e-22  -2.58658780e-50
  3.94400000e-05   0.00000000e+00   0.00000000e+00   5.64819532e-11   7.12822915e-25  -1.86454113e-22  -3.79564094e-50
  3.95200000e-05   0.00000000e+00   0.00000000e+00   4.06277744e-11   5.12737356e-25  -1.34117452e-22  -1.96402703e-50
  3.96000000e-05   0.00000000e+00   0.00000000e+00   5.01042056e-11   6.32333355e-25  -1.65400357e-22  -2.98696040e-50
  3.96800000e-05   0.00000000e+00   0.00000000e+00   5.17425563e-11   6.53009907e-25  -1.70808761e-22  -3.18549536e-50
  3.97600000e-05   0.00000000e+00   0.00000000e+00   4.64084702e-11   5.85691772e-25  -1.53200264e-22  -2.56255587e-50
  3.98400000e-05   0.00000000e+00   0.00000000e+00   4.70934728e-11   5.94336729e-25  -1.55461545e-22  -2.63889803e-50
  3.99200000e-05   0.00000000e+00   0.00000000e+00   3.99283459e-11   5.03910204e-25  -1.31808550e-22  -1.89699757e-50
  4.00000000e-05   0.00000000e+00   0.00000000e+00   4.94220353e-11   6.23723982e-25  -1.63148426e-22  -2.90611511e-50
  4.00800000e-05   0.00000000e+00   0.00000000e+00   4.40762911e-11   5.56258729e-25  -1.45501445e-22  -2.31151565e-50
  4.01600000e-05   0.00000000e+00   0.00000000e+00   4.87010857e-11   6.14625283e-25  -1.60768480e-22  -2.82195969e-50
  4.02400000e-05   0.00000000e+00   0.00000000e+00   4.14284314e-11   5.22841738e-25  -1.36760523e-22  -2.04225491e-50
  4.03200000e-05   0.00000000e+00   0.00000000e+00   5.31755417e-11   6.71094475e-25  -1.75539228e-22  -3.36439612e-50
  4.04000000e-05   0.00000000e+00   0.00000000e+00   4.99030481e-11   6.29794398e-25  -1.64736311e-22  -2.96298529e-50
  4.04800000e-05   0.00000000e+00   0.00000000e+00   5.41801327e-11   6.83772709e-25  -1.78855511e-22  -3.49265920e-50
  4.05600000e-05   0.00000000e+00   0.00000000e+00   4.95009182e-11   6.24719315e-25  -1.63408829e-22  -2.91537930e-50
  4.06400000e-05   0.00000000e+00   0.00000000e+00   4.64459468e-11   5.86164454e-25  -1.53323979e-22  -2.56670055e-50
  4.07200000e-05   0.00000000e+00   0.00000000e+00   4.86241407e-11   6.13654012e-25  -1.60514475e-22  -2.81309027e-50
  4.08000000e-05   0.00000000e+00   0.00000000e+00   4.39656289e-11   5.54861906e-25  -1.45136134e-22  -2.29999010e-50
  4.08800000e-05   0.00000000e+00   0.00000000e+00   4.35992851e-11   5.50238496e-25  -1.43926787e-22  -2.26176941e-50
  4.09600000e-05   0.00000000e+00   0.00000000e+00   5.08157222e-11   6.41312474e-25  -1.67749164e-22  -3.07235221e-50
  4.10400000e-05   0.00000000e+00   0.00000000e+00   4.79425493e-11   6.05051983e-25  -1.58264455e-22  -2.73484849e-50
  4.11200000e-05   0.00000000e+00   0.00000000e+00   5.10788863e-11   6.44633640e-25  -1.68617902e-22  -3.10425257e-50
  4.12000000e-05   0.00000000e+00   0.00000000e+00   5.59918269e-11   7.06636656e-25  -1.84836144e-22  -3.73013374e-50
  4.12800000e-05   0.00000000e+00   0.00000000e+00   4.42940981e-11   5.59007159e-25  -1.46220453e-22  -2.33431909e-50
  4.13600000e-05   0.00000000e+00   0.00000000e+00   5.06910045e-11   6.39738348e-25  -1.67337455e-22  -3.05724868e-50
  4.14400000e-05   0.00000000e+00   0.00000000e+00   5.80126986e-11   7.32140673e-25  -1.91507299e-22  -4.00421223e-50
  4.15200000e-05   0.00000000e+00   0.00000000e+00   3.91301272e-11   4.93835957e-25  -1.29173528e-22  -1.82189604e-50
  4.16000000e-05   0.00000000e+00   0.00000000e+00   4.79917747e-11   6.05673038e-25  -1.58426954e-22  -2.74046581e-50
  4.16800000e-05   0.00000000e+00   0.00000000e+00   4.56526149e-11   5.76151995e-25  -1.50705090e-22  -2.47974199e-50
  4.17600000e-05   0.00000000e+00   0.00000000e+00   4.66259102e-11   5.88435299e-25  -1.53918062e-22  -2.58657725e-50
  4.18400000e-05   0.00000000e+00   0.00000000e+00   4.29564675e-11   5.42125624e-25  -1.41804764e-22  -2.19570631e-50
  4.19200000e-05   0.00000000e+00   0.00000000e+00   4.76943565e-11   6.01919417e-25  -1.57445139e-22  -2.70647949e-50
  4.20000000e-05   0.00000000e+00   0.00000000e+00   5.38008286e-11   6.78985194e-25  -1.77603380e-22  -3.44389784e-50
  4.20800000e-05   0.00000000e+00   0.00000000e+00   4.28252489e-11   5.40469531e-25  -1.41371595e-22  -2.18213668e-50
  4.21600000e-05   0.00000000e+00   0.00000000e+00   4.89311595e-11   6.17528221e-25  -1.61527983e-22  -2.84887106e-50
  4.22400000e-05   0.00000000e+00   0.00000000e+00   4.12137708e-11   5.20132074e-25  -1.36051901e-22  -2.02110877e-50
  4.23200000e-05   0.00000000e+00   0.00000000e+00   4.56094936e-11   5.75607596e-25  -1.50562741e-22  -2.47509434e-50
  4.24000000e-05   0.00000000e+00   0.00000000e+00   4.31574429e-11   5.44661845e-25  -1.42468210e-22  -2.21616287e-50
  4.24800000e-05   0.00000000e+00   0.00000000e+00   4.09269726e-11   5.16512519e-25  -1.35105143e-22  -1.99301153e-50
  4.25600000e-05   0.00000000e+00   0.00000000e+00   4.20965091e-11   5.31272452e-25  -1.38965932e-22  -2.10854897e-50
  4.26400000e-05   0.00000000e+00   0.00000000e+00   4.41021582e-11   5.56584413e-25  -1.45586835e-22  -2.31407603e-50
  4.27200000e-05   0.00000000e+00   0.00000000e+00   5.49541546e-11   6.93540311e-25  -1.81410656e-22  -3.59305840e-50
  4.28000000e-05   0.00000000e+00   0.00000000e+00   3.37179854e-11   4.25532545e-25  -1.11307360e-22  -1.35278708e-50
  4.28800000e-05   0.00000000e+00   0.00000000e+00   3.80783006e-11   4.80561202e-25  -1.25701315e-22  -1.72531712e-50
  4.29600000e-05   0.00000000e+00   0.00000000e+00   3.92970711e-11   4.95942487e-25  -1.29724631e-22  -1.83742360e-50
  4.30400000e-05   0.00000000e+00   0.00000000e+00   4.79104488e-11   6.04646235e-25  -1.58158487e-22  -2.73113249e-50
  4.31200000e-05   0.00000000e+00   0.00000000e+00   4.02149593e-11   5.07526508e-25  -1.32754697e-22  -1.92416743e-50
  4.32000000e-05   0.00000000e+00   0.00000000e+00   4.28523462e-11   5.40811209e-25  -1.41461047e-22  -2.18499083e-50
  4.32800000e-05   0.00000000e+00   0.00000000e+00   3.66344523e-11   4.62339252e-25  -1.20934988e-22  -1.59691753e-50
  4.33600000e-05   0.00000000e+00   0.00000000e+00   4.30898340e-11   5.43808346e-25  -1.42245024e-22  -2.20915166e-50
  4.34400000e-05   0.00000000e+00   0.00000000e+00   3.86026364e-11   4.87178368e-25  -1.27432214e-22  -1.77303862e-50
  4.35200000e-05   0.00000000e+00   0.00000000e+00   3.87415418e-11   4.88931384e-25  -1.27890758e-22  -1.78582158e-50
  4.36000000e-05   0.00000000e+00   0.00000000e+00   4.62844642e-11   5.84125596e-25  -1.52790905e-22  -2.54890256e-50
  4.36800000e-05   0.00000000e+00   0.00000000e+00   3.75518684e-11   4.73917263e-25  -1.23963495e-22  -1.67782490e-50
  4.37600000e-05   0.00000000e+00   0.00000000e+00   4.41895909e-11   5.57687542e-25  -1.45875462e-22  -2.32335871e-50
  4.38400000e-05   0.00000000e+00   0.00000000e+00   3.57056341e-11   4.50617130e-25  -1.17868841e-22  -1.51691602e-50
  4.39200000e-05   0.00000000e+00   0.00000000e+00   4.16902972e-11   5.26145576e-25  -1.37624975e-22  -2.06804051e-50
  4.40000000e-05   0.00000000e+00   0.00000000e+00   3.99983225e-11   5.04792268e-25  -1.32039551e-22  -1.90358732e-50
  4.40800000e-05   0.00000000e+00   0.00000000e+00   4.02008803e-11   5.07348597e-25  -1.32708221e-22  -1.92285873e-50
  4.41600000e-05   0.00000000e+00   0.00000000e+00   3.48446310e-11   4.39750918e-25  -1.15026560e-22  -1.44462847e-50
  4.42400000e-05   0.00000000e+00   0.00000000e+00   3.49162525e-11   4.40654791e-25  -1.15262992e-22  -1.45057331e-50
  4.43200000e-05   0.00000000e+00   0.00000000e+00   3.57136119e-11   4.50717718e-25  -1.17895176e-22  -1.51756999e-50
  4.44000000e-05   0.00000000e+00   0.00000000e+00   3.47456667e-11   4.38501912e-25  -1.14699866e-22  -1.43647614e-50
  4.44800000e-05   0.00000000e+00   0.00000000e+00   3.83505461e-11   4.83996678e-25  -1.26600032e-22  -1.74992585e-50
  4.45600000e-05   0.00000000e+00   0.00000000e+00   3.96452386e-11   5.00336111e-25  -1.30873977e-22  -1.87010323e-50
  4.46400000e-05   0.00000000e+00   0.00000000e+00   3.68232575e-11   4.64721755e-25  -1.21558258e-22  -1.61328331e-50
  4.47200000e-05   0.00000000e+00   0.00000000e+00   3.09437648e-11   3.90520587e-25  -1.02149304e-22  -1.13938904e-50
  4.48000000e-05   0.00000000e+00   0.00000000e+00   1.92357585e-11   2.42761655e-25  -6.34996862e-23  -4.40320970e-51
  4.48800000e-05   0.00000000e+00   0.00000000e+00   4.17089645e-11   5.26380955e-25  -1.37686598e-22  -2.06984535e-50
  4.49600000e-05   0.00000000e+00   0.00000000e+00   3.17014658e-11   4.00082990e-25  -1.04650572e-22  -1.19576768e-50
  4.50400000e-05   0.00000000e+00   0.00000000e+00   3.06887307e-11   3.87301926e-25  -1.01307404e-22  -1.12058831e-50
  4.51200000e-05   0.00000000e+00   0.00000000e+00   3.46304103e-11   4.37047212e-25  -1.14319390e-22  -1.42694552e-50
  4.52000000e-05   0.00000000e+00   0.00000000e+00   3.48073630e-11   4.39280400e-25  -1.14903534e-22  -1.44151816e-50
  4.52800000e-05   0.00000000e+00   0.00000000e+00   3.69812502e-11   4.66715557e-25  -1.22079812e-22  -1.62720192e-50
  4.53600000e-05   0.00000000e+00   0.00000000e+00   3.03223343e-11   3.82677835e-25  -1.00097883e-22  -1.09400366e-50
  4.54400000e-05   0.00000000e+00   0.00000000e+00   2.99053419e-11   3.77415243e-25  -9.87213384e-23  -1.06413021e-50
  4.55200000e-05   0.00000000e+00   0.00000000e+00   2.64423832e-11   3.33711557e-25  -8.72896712e-23  -8.31955435e-51
  4.56000000e-05   0.00000000e+00   0.00000000e+00   3.43746949e-11   4.33819922e-25  -1.13475241e-22  -1.40587145e-50
  4.56800000e-05   0.00000000e+00   0.00000000e+00   2.92126626e-11   3.68673370e-25  -9.64347157e-23  -1.01539458e-50
  4.57600000e-05   0.00000000e+00   0.00000000e+00   3.21055008e-11   4.05181926e-25  -1.05984343e-22  -1.22643501e-50
  4.58400000e-05   0.00000000e+00   0.00000000e+00   3.18135335e-11   4.01497190e-25  -1.05020521e-22  -1.20423007e-50
  4.59200000e-05   0.00000000e+00   0.00000000e+00   3.50985106e-11   4.42954662e-25  -1.15864649e-22  -1.46570898e-50
  4.60000000e-05   0.00000000e+00   0.00000000e+00   2.48430820e-11   3.13527795e-25  -8.20101743e-23  -7.34357829e-51
  4.60800000e-05   0.00000000e+00   0.00000000e+00   2.20676402e-11   2.78500809e-25  -7.28480880e-23  -5.79442171e-51
  4.61600000e-05   0.00000000e+00   0.00000000e+00   2.54288489e-11   3.20920349e-25  -8.39438653e-23  -7.69413329e-51
  4.62400000e-05   0.00000000e+00   0.00000000e+00   3.53662988e-11   4.46334191e-25  -1.16748652e-22  -1.48824271e-50
  4.63200000e-05   0.00000000e+00   0.00000000e+00   3.21461100e-11   4.05694349e-25  -1.06118399e-22  -1.22956753e-50
  4.64000000e-05   0.00000000e+00   0.00000000e+00   3.64837208e-11   4.60436391e-25  -1.20437404e-22  -1.58365631e-50
  4.64800000e-05   0.00000000e+00   0.00000000e+00   2.80868372e-11   3.54464985e-25  -9.27182229e-23  -9.38632854e-51
  4.65600000e-05   0.00000000e+00   0.00000000e+00   2.99487674e-11   3.77963137e-25  -9.88646915e-23  -1.06718655e-50
  4.66400000e-05   0.00000000e+00   0.00000000e+00   2.55447517e-11   3.22383025e-25  -8.43264752e-23  -7.76408211e-51
  4.67200000e-05   0.00000000e+00   0.00000000e+00   2.60747349e-11   3.29071578e-25  -8.60760174e-23  -8.08964626e-51
  4.68000000e-05   0.00000000e+00   0.00000000e+00   2.48564529e-11   3.13696458e-25  -8.20543135e-23  -7.35137004e-51
  4.68800000e-05   0.00000000e+00   0.00000000e+00   2.59767219e-11   3.27834606e-25  -8.57524640e-23  -8.02902285e-51
  4.69600000e-05   0.00000000e+00   0.00000000e+00   2.50165316e-11   3.15716687e-25  -8.25827535e-23  -7.44596638e-51
  4.70400000e-05   0.00000000e+00   0.00000000e+00   2.47321271e-11   3.12127403e-25  -8.16438980e-23  -7.27839818e-51
  4.71200000e-05   0.00000000e+00   0.00000000e+00   1.83040926e-11   2.31003535e-25  -6.04241386e-23  -3.98675174e-51
  4.72000000e-05   0.00000000e+00   0.00000000e+00   2.97699273e-11   3.75706047e-25  -9.82743175e-23  -1.05444786e-50
  4.72800000e-05   0.00000000e+00   0.00000000e+00   2.16154866e-11   2.72794377e-25  -7.13554712e-23  -5.55959916e-51
  4.73600000e-05   0.00000000e+00   0.00000000e+00   2.30102730e-11   2.90397024e-25  -7.59598387e-23  -6.29999408e-51
  4.74400000e-05   0.00000000e+00   0.00000000e+00   2.42313691e-11   3.05807641e-25  -7.99908322e-23  -6.98598915e-51
  4.75200000e-05   0.00000000e+00   0.00000000e+00   2.56393501e-11   3.23576805e-25  -8.46387566e-23  -7.82207619e-51
  4.76000000e-05   0.00000000e+00   0.00000000e+00   2.01222447e-11   2.53949163e-25  -6.64260897e-23  -4.81800529e-51
  4.76800000e-05   0.00000000e+00   0.00000000e+00   3.28647049e-11   4.14763076e-25  -1.08490572e-22  -1.28506839e-50
  4.77600000e-05   0.00000000e+00   0.00000000e+00   1.93320899e-11   2.43977145e-25  -6.38176882e-23  -4.44675951e-51
  4.78400000e-05   0.00000000e+00   0.00000000e+00   1.90869480e-11   2.40883372e-25  -6.30084437e-23  -4.33469984e-51
  4.79200000e-05   0.00000000e+00   0.00000000e+00   2.56380336e-11   3.23560154e-25  -8.46344107e-23  -7.82117674e-51
  4.80000000e-05   0.00000000e+00   0.00000000e+00   2.51862113e-11   3.17858005e-25  -8.31428877e-23  -7.54710990e-51
  4.80800000e-05   0.00000000e+00   0.00000000e+00   3.20673681e-11   4.04700385e-25  -1.05858462e-22  -1.22345497e-50
  4.81600000e-05   0.00000000e+00   0.00000000e+00   2.10969885e-11   2.66250699e-25  -6.96438431e-23  -5.29599328e-51
  4.82400000e-05   0.00000000e+00   0.00000000e+00   2.30382254e-11   2.90749720e-25  -7.60521131e-23  -6.31502250e-51
  4.83200000e-05   0.00000000e+00   0.00000000e+00   1.64234505e-11   2.07269156e-25  -5.42158997e-23  -3.20949805e-51
  4.84000000e-05   0.00000000e+00   0.00000000e+00   1.28463350e-11   1.62124821e-25  -4.24073862e-23  -1.96369200e-51
  4.84800000e-05   0.00000000e+00   0.00000000e+00   2.28731349e-11   2.88666211e-25  -7.55071285e-23  -6.22479644e-51
  4.85600000e-05   0.00000000e+00   0.00000000e+00   1.96360371e-11   2.47813006e-25  -6.48210567e-23  -4.58776760e-51
  4.86400000e-05   0.00000000e+00   0.00000000e+00   1.79962068e-11   2.27117824e-25  -5.94077682e-23  -3.85351006e-51
  4.87200000e-05   0.00000000e+00   0.00000000e+00   2.29959461e-11   2.90216110e-25  -7.59125436e-23  -6.29178556e-51
  4.88000000e-05   0.00000000e+00   0.00000000e+00   1.23767004e-11   1.56197869e-25  -4.08570626e-23  -1.82267062e-51
  4.88800000e-05   0.00000000e+00   0.00000000e+00   1.08053837e-11   1.36367355e-25  -3.56699464e-23  -1.38925137e-51
  4.89600000e-05   0.00000000e+00   0.00000000e+00   2.45841709e-11   3.10259995e-25  -8.11554759e-23  -7.19086876e-51
  4.90400000e-05   0.00000000e+00   0.00000000e+00   1.56299965e-11   1.97255484e-25  -5.15966070e-23  -2.90672370e-51
  4.91200000e-05   0.00000000e+00   0.00000000e+00   1.54377994e-11   1.94829893e-25  -5.09621400e-23  -2.83567722e-51
  4.92000000e-05   0.00000000e+00   0.00000000e+00   1.35137635e-11   1.70547951e-25  -4.46106525e-23  -2.17273987e-51
  4.92800000e-05   0.00000000e+00   0.00000000e+00   1.52635420e-11   1.92630705e-25  -5.03868941e-23  -2.77228805e-51
  4.93600000e-05   0.00000000e+00   0.00000000e+00   1.44062988e-11   1.81812023e-25  -4.75570251e-23  -2.46953257e-51
  4.94400000e-05   0.00000000e+00   0.00000000e+00   2.05688018e-11   2.59584745e-25  -6.79002317e-23  -5.03388712e-51
  4.95200000e-05   0.00000000e+00   0.00000000e+00   1.57300290e-11   1.98517908e-25  -5.19268270e-23  -2.94395983e-51
  4.96000000e-05   0.00000000e+00   0.00000000e+00   1.74425944e-11   2.20131018e-25  -5.75802233e-23  -3.61989655e-51
  4.96800000e-05   0.00000000e+00   0.00000000e+00   9.03532044e-12   1.14028579e-25  -2.98267423e-23  -9.71470468e-52
  4.97600000e-05   0.00000000e+00   0.00000000e+00   1.84083172e-11   2.32318736e-25  -6.07681972e-23  -4.03178706e-51
  4.98400000e-05   0.00000000e+00   0.00000000e+00   1.23300604e-11   1.55609226e-25  -4.07030979e-23  -1.80891194e-51
  4.99200000e-05   0.00000000e+00   0.00000000e+00   1.20612314e-11   1.52216518e-25  -3.98156593e-23  -1.73089360e-51
  5.00000000e-05   0.00000000e+00   0.00000000e+00   1.48401356e-11   1.87287158e-25  -4.89891757e-23  -2.62052978e-51
  5.00800000e-05   0.00000000e+00   0.00000000e+00   1.91228596e-11   2.41336472e-25  -6.31269926e-23  -4.35097980e-51
  5.01600000e-05   0.00000000e+00   0.00000000e+00   1.08813754e-11   1.37326361e-25  -3.59208046e-23  -1.40886911e-51
  5.02400000e-05   0.00000000e+00   0.00000000e+00   1.64938920e-11   2.08158073e-25  -5.44484360e-23  -3.23683948e-51
  5.03200000e-05   0.00000000e+00   0.00000000e+00   1.73616267e-11   2.19109152e-25  -5.73129385e-23  -3.58634304e-51
  5.04000000e-05   0.00000000e+00   0.00000000e+00   1.95447061e-11   2.46660292e-25  -6.45195613e-23  -4.54496782e-51
  5.04800000e-05   0.00000000e+00   0.00000000e+00   8.80204306e-12   1.11084530e-25  -2.90566640e-23  -9.21915758e-52
  5.05600000e-05   0.00000000e+00   0.00000000e+00   1.22356580e-11   1.54417821e-25  -4.03914638e-23  -1.78112066e-51
  5.06400000e-05   0.00000000e+00   0.00000000e+00   1.74165246e-11   2.19801969e-25  -5.74941635e-23  -3.60890417e-51
  5.07200000e-05   0.00000000e+00   0.00000000e+00  -3.00046510e-13  -3.78668047e-27   9.90491704e-25  -1.06504705e-54
  5.08000000e-05   0.00000000e+00   0.00000000e+00   2.07589058e-11   2.61983859e-25  -6.85277892e-23  -5.12744309e-51
  5.08800000e-05   0.00000000e+00   0.00000000e+00   1.93673858e-11   2.44422438e-25  -6.39342044e-23  -4.46307783e-51
  5.09600000e-05   0.00000000e+00   0.00000000e+00   1.74092974e-11   2.19710750e-25  -5.74703055e-23  -3.60597278e-51
  5.10400000e-05   0.00000000e+00   0.00000000e+00   1.27854596e-11   1.61356476e-25  -4.22064288e-23  -1.94506510e-51
  5.11200000e-05   0.00000000e+00   0.00000000e+00   1.22880462e-11   1.55078963e-25  -4.05644040e-23  -1.79662686e-51
  5.12000000e-05   0.00000000e+00   0.00000000e+00   1.14323029e-11   1.44279215e-25  -3.77394864e-23  -1.55510683e-51
  5.12800000e-05   0.00000000e+00   0.00000000e+00   7.41582243e-12   9.35899824e-26  -2.44805733e-23  -6.54384126e-52
  5.13600000e-05   0.00000000e+00   0.00000000e+00   1.31610767e-11   1.66096874e-25  -4.34463886e-23  -2.06108499e-51
  5.14400000e-05   0.00000000e+00   0.00000000e+00   9.71755815e-12   1.22638599e-25  -3.20788958e-23  -1.12366648e-51
  5.15200000e-05   0.00000000e+00   0.00000000e+00   1.40444621e-11   1.77245467e-25  -4.63625561e-23  -2.34687760e-51
  5.16000000e-05   0.00000000e+00   0.00000000e+00   1.14332670e-11   1.44291373e-25  -3.77426688e-23  -1.55534816e-51
  5.16800000e-05   0.00000000e+00   0.00000000e+00   1.11933302e-11   1.41263296e-25  -3.69506071e-23  -1.49075273e-51
  5.17600000e-05   0.00000000e+00   0.00000000e+00   1.17193810e-11   1.47902219e-25  -3.86871678e-23  -1.63421436e-51
  5.18400000e-05   0.00000000e+00   0.00000000e+00   1.39113083e-11   1.75565018e-25  -4.59229987e-23  -2.30261797e-51
  5.19200000e-05   0.00000000e+00   0.00000000e+00   1.37469352e-11   1.73490577e-25  -4.53803821e-23  -2.24852502e-51
  5.20000000e-05   0.00000000e+00   0.00000000e+00   1.06582800e-11   1.34510791e-25  -3.51843384e-23  -1.35158058e-51
  5.20800000e-05   0.00000000e+00   0.00000000e+00   9.66331450e-12   1.21954017e-25  -3.18998306e-23  -1.11100995e-51
  5.21600000e-05   0.00000000e+00   0.00000000e+00   8.89912795e-12   1.12309746e-25  -2.93771536e-23  -9.42280811e-52
  5.22400000e-05   0.00000000e+00   0.00000000e+00   1.19996651e-11   1.51439482e-25  -3.96124212e-23  -1.71316318e-51
  5.23200000e-05   0.00000000e+00   0.00000000e+00   8.95040083e-12   1.12956823e-25  -2.95464119e-23  -9.53166034e-52
  5.24000000e-05   0.00000000e+00   0.00000000e+00   1.10076694e-11   1.38920187e-25  -3.63377172e-23  -1.44184281e-51
  5.24800000e-05   0.00000000e+00   0.00000000e+00   1.04753925e-11   1.32202687e-25  -3.45806035e-23  -1.30564403e-51
  5.25600000e-05   0.00000000e+00   0.00000000e+00   9.53996151e-12   1.20397258e-25  -3.14926267e-23  -1.08289827e-51
  5.26400000e-05   0.00000000e+00   0.00000000e+00   8.19455802e-12   1.03417850e-25  -2.70512786e-23  -7.99007537e-52
  5.27200000e-05   0.00000000e+00   0.00000000e+00   7.05084963e-12   8.89838963e-26  -2.32757517e-23  -5.91541435e-52
  5.28000000e-05   0.00000000e+00   0.00000000e+00   1.04438996e-11   1.31805233e-25  -3.44766414e-23  -1.29778585e-51
  5.28800000e-05   0.00000000e+00   0.00000000e+00   1.03189625e-11   1.30228487e-25  -3.40642082e-23  -1.26696825e-51
  5.29600000e-05   0.00000000e+00   0.00000000e+00   9.46304120e-12   1.19426494e-25  -3.12387029e-23  -1.06550609e-51
  5.30400000e-05   0.00000000e+00   0.00000000e+00   1.01931277e-11   1.28640410e-25  -3.36488115e-23  -1.23623201e-51
  5.31200000e-05   0.00000000e+00   0.00000000e+00   7.30256709e-12   9.21606441e-26  -2.41067030e-23  -6.34530799e-52
  5.32000000e-05   0.00000000e+00   0.00000000e+00   6.16307031e-12   7.77798437e-26  -2.03450792e-23  -4.51958931e-52
  5.32800000e-05   0.00000000e+00   0.00000000e+00   8.79112410e-12   1.10946690e-25  -2.90206191e-23  -9.19409079e-52
  5.33600000e-05   0.00000000e+00   0.00000000e+00   1.01248131e-11   1.27778255e-25  -3.34232963e-23  -1.21980291e-51
  5.34400000e-05   0.00000000e+00   0.00000000e+00   7.23611970e-12   9.13220550e-26  -2.38873518e-23  -6.23073788e-52
  5.35200000e-05   0.00000000e+00   0.00000000e+00   7.59527217e-12   9.58546688e-26  -2.50729597e-23  -6.86393247e-52
  5.36000000e-05   0.00000000e+00   0.00000000e+00   7.69128827e-12   9.70664209e-26  -2.53899211e-23  -7.03794879e-52
  5.36800000e-05   0.00000000e+00   0.00000000e+00   8.82581365e-12   1.11384479e-25  -2.91351337e-23  -9.26795448e-52
  5.37600000e-05   0.00000000e+00   0.00000000e+00   9.66056639e-12   1.21919314e-25  -3.18907587e-23  -1.11040255e-51
  5.38400000e-05   0.00000000e+00   0.00000000e+00   8.42123962e-12   1.06278628e-25  -2.77995834e-23  -8.43821930e-52
  5.39200000e-05   0.00000000e+00   0.00000000e+00   8.02269129e-12   1.01248826e-25  -2.64839246e-23  -7.65884168e-52
  5.40000000e-05   0.00000000e+00   0.00000000e+00   5.19434268e-12   6.55541979e-26  -1.71471860e-23  -3.21073873e-52
  5.40800000e-05   0.00000000e+00   0.00000000e+00   8.08606617e-12   1.02048635e-25  -2.66931332e-23  -7.77984724e-52
  5.41600000e-05   0.00000000e+00   0.00000000e+00   6.97969186e-12   8.80858509e-26  -2.30408508e-23  -5.79741202e-52
  5.42400000e-05   0.00000000e+00   0.00000000e+00   2.02864381e-12   2.56021066e-26  -6.69681130e-24  -4.89960641e-53
  5.43200000e-05   0.00000000e+00   0.00000000e+00   7.50959094e-12   9.47733389e-26  -2.47901151e-23  -6.70874112e-52
  5.44000000e-05   0.00000000e+00   0.00000000e+00   8.76101847e-12   1.10566737e-25  -2.89212366e-23  -9.13225123e-52
  5.44800000e-05   0.00000000e+00   0.00000000e+00   1.01338050e-11   1.27891722e-25  -3.34529796e-23  -1.22184182e-51
  5.45600000e-05   0.00000000e+00   0.00000000e+00   8.21731745e-12   1.03705062e-25  -2.71264104e-23  -8.03484799e-52
  5.46400000e-05   0.00000000e+00   0.00000000e+00   2.89289816e-12   3.65092602e-26  -9.54982488e-24  -9.95993277e-53
  5.47200000e-05   0.00000000e+00   0.00000000e+00   8.27311140e-14   1.04409198e-27  -2.73105933e-25  -8.21301399e-56
  5.48000000e-05   0.00000000e+00   0.00000000e+00   3.86863338e-12   4.88233370e-26  -1.27708510e-23  -1.78103970e-52
  5.48800000e-05   0.00000000e+00   0.00000000e+00   7.08995944e-12   8.94774571e-26  -2.34048581e-23  -5.98121892e-52
  5.49600000e-05   0.00000000e+00   0.00000000e+00   5.72575303e-12   7.22607545e-26  -1.89014392e-23  -3.90087807e-52
  5.50400000e-05   0.00000000e+00   0.00000000e+00   5.06667044e-12   6.39429302e-26  -1.67257237e-23  -3.05452786e-52
  5.51200000e-05   0.00000000e+00   0.00000000e+00   6.63090516e-12   8.36840503e-26  -2.18894616e-23  -5.23196969e-52
  5.52000000e-05   0.00000000e+00   0.00000000e+00   8.37995304e-12   1.05757569e-25  -2.76632911e-23  -8.35525271e-52
  5.52800000e-05   0.00000000e+00   0.00000000e+00   6.19059935e-12   7.81272553e-26  -2.04359561e-23  -4.56037530e-52
  5.53600000e-05   0.00000000e+00   0.00000000e+00   6.24921907e-12   7.88670536e-26  -2.06294672e-23  -4.64628191e-52
  5.54400000e-05   0.00000000e+00   0.00000000e+00   6.61933798e-12   8.35380668e-26  -2.18512768e-23  -5.21403149e-52
  5.55200000e-05   0.00000000e+00   0.00000000e+00   2.96838092e-12   3.74618736e-26  -9.79900308e-24  -1.04871492e-52
  5.56000000e-05   0.00000000e+00   0.00000000e+00   5.94482372e-12   7.50254902e-26  -1.96246194e-23  -4.20518635e-52
  5.56800000e-05   0.00000000e+00   0.00000000e+00   3.99104967e-12   5.03682650e-26  -1.31749627e-23  -1.89480012e-52
  5.57600000e-05   0.00000000e+00   0.00000000e+00   7.50195714e-12   9.46769883e-26  -2.47649150e-23  -6.69549974e-52
  5.58400000e-05   0.00000000e+00   0.00000000e+00   4.34777551e-12   5.48702534e-26  -1.43525601e-23  -2.24950844e-52
  5.59200000e-05   0.00000000e+00   0.00000000e+00   6.03178367e-12   7.61229498e-26  -1.99116853e-23  -4.32893219e-52
  5.60000000e-05   0.00000000e+00   0.00000000e+00   5.77546442e-12   7.28881223e-26  -1.90655428e-23  -3.96883732e-52
  5.60800000e-05   0.00000000e+00   0.00000000e+00   5.87854269e-12   7.41890013e-26  -1.94058173e-23  -4.11107398e-52
  5.61600000e-05   0.00000000e+00   0.00000000e+00   6.05657499e-12   7.64358227e-26  -1.99935246e-23  -4.36479154e-52
  5.62400000e-05   0.00000000e+00   0.00000000e+00   6.53633113e-12   8.24904911e-26  -2.15772607e-23  -5.08375065e-52
  5.63200000e-05   0.00000000e+00   0.00000000e+00   4.64018555e-12   5.85605555e-26  -1.53178428e-23  -2.56212146e-52
  5.64000000e-05   0.00000000e+00   0.00000000e+00   5.17820764e-12   6.53505581e-26  -1.70939222e-23  -3.19030090e-52
  5.64800000e-05   0.00000000e+00   0.00000000e+00   7.15783839e-12   9.03341007e-26  -2.36289352e-23  -6.09746511e-52
  5.65600000e-05   0.00000000e+00   0.00000000e+00   5.06021617e-13   6.38614692e-27  -1.67044174e-24  -3.05667214e-54
  5.66400000e-05   0.00000000e+00   0.00000000e+00   3.73655985e-12   4.71565232e-26  -1.23348594e-23  -1.66093406e-52
  5.67200000e-05   0.00000000e+00   0.00000000e+00   3.56074431e-12   4.49376774e-26  -1.17544700e-23  -1.50828223e-52
  5.68000000e-05   0.00000000e+00   0.00000000e+00   6.30290518e-12   7.95445821e-26  -2.08066919e-23  -4.72627474e-52
  5.68800000e-05   0.00000000e+00   0.00000000e+00   3.78664537e-12   4.77886170e-26  -1.25001981e-23  -1.70629751e-52
  5.69600000e-05   0.00000000e+00   0.00000000e+00   1.65687572e-12   2.09102758e-26  -5.46955754e-24  -3.26556788e-53
  5.70400000e-05   0.00000000e+00   0.00000000e+00   3.27138308e-12   4.12858499e-26  -1.07992517e-23  -1.27319192e-52
  5.71200000e-05   0.00000000e+00   0.00000000e+00   3.96943198e-12   5.00954392e-26  -1.31036000e-23  -1.87503003e-52
  5.72000000e-05   0.00000000e+00   0.00000000e+00   3.22515191e-12   4.07023982e-26  -1.06466368e-23  -1.23696152e-52
  5.72800000e-05   0.00000000e+00   0.00000000e+00   4.41058609e-12   5.56629379e-26  -1.45599058e-23  -2.31433816e-52
  5.73600000e-05   0.00000000e+00   0.00000000e+00   8.37494833e-12   1.05694395e-25  -2.76467699e-23  -8.34405611e-52
  5.74400000e-05   0.00000000e+00   0.00000000e+00   4.46705633e-12   5.63756088e-26  -1.47463213e-23  -2.37548237e-52
  5.75200000e-05   0.00000000e+00   0.00000000e+00  -4.76249805e-12  -6.01041732e-26   1.57216120e-23  -2.69739060e-52
  5.76000000e-05   0.00000000e+00   0.00000000e+00  -2.85493939e-06  -3.60770789e-20   9.42451798e-18  -9.69545600e-41
  5.76800000e-05   0.00000000e+00   0.00000000e+00  -1.18398640e-05  -1.50234052e-19   3.90848941e-17  -1.66718412e-39
  5.77600000e-05   0.00000000e+00   0.00000000e+00  -2.23749349e-05  -2.89583835e-19   7.38624788e-17  -5.95655730e-39
  5.78400000e-05   0.00000000e+00   0.00000000e+00  -2.50307791e-05  -3.30883636e-19   8.26297276e-17  -7.45455752e-39
  5.79200000e-05   0.00000000e+00   0.00000000e+00  -1.86246769e-05  -2.51956795e-19   6.14823610e-17  -4.12877513e-39
  5.80000000e-05   0.00000000e+00   0.00000000e+00   0.00000000e+00   0.00000000e+00   0.00000000e+00   0.00000000e+00
  5.80800000e-05   0.00000000e+00   0.00000000e+00   0.00000000e+00   0.00000000e+00   0.00000000e+00   0.00000000e+00
