     timestep     time              x             y              z              vx             vy             vz             ax             ay             az         v_magnitude      ELoss        Electronic      Nuclear
           0   0.000000e+00   1.000000e-01   2.072024e+00   1.392318e+01  -6.720493e+04  -1.750669e+05   5.731997e+04   0.000000e+00   0.000000e+00   0.000000e+00   1.960880e+05   0.000000e+00   0.000000e+00   0.000000e+00
        8000   7.999000e-08   9.462361e-02   2.058019e+00   1.392776e+01  -6.720493e+04  -1.750669e+05   5.731997e+04   0.000000e+00   0.000000e+00   0.000000e+00   1.960880e+05   0.000000e+00   0.000000e+00   0.000000e+00
       16000   1.599900e-07   8.924721e-02   2.044013e+00   1.393235e+01  -6.720493e+04  -1.750669e+05   5.731997e+04   0.000000e+00   0.000000e+00   0.000000e+00   1.960880e+05   0.000000e+00   0.000000e+00   0.000000e+00
       24000   2.399900e-07   8.387082e-02   2.030008e+00   1.393693e+01  -6.720493e+04  -1.750669e+05   5.731997e+04   0.000000e+00   0.000000e+00   0.000000e+00   1.960880e+05   0.000000e+00   0.000000e+00   0.000000e+00
       32000   3.199900e-07   7.849442e-02   2.016003e+00   1.394152e+01  -6.720493e+04  -1.750669e+05   5.731997e+04   0.000000e+00   0.000000e+00   0.000000e+00   1.960880e+05   0.000000e+00   0.000000e+00   0.000000e+00
       40000   3.999900e-07   7.311803e-02   2.001997e+00   1.394610e+01  -6.720493e+04  -1.750669e+05   5.731997e+04   0.000000e+00   0.000000e+00   0.000000e+00   1.960880e+05   0.000000e+00   0.000000e+00   0.000000e+00
       48000   4.799900e-07   6.774163e-02   1.987992e+00   1.395069e+01  -6.720493e+04  -1.750669e+05   5.731997e+04   0.000000e+00   0.000000e+00   0.000000e+00   1.960880e+05   0.000000e+00   0.000000e+00   0.000000e+00
       56000   5.599900e-07   6.236524e-02   1.973987e+00   1.395528e+01  -6.720493e+04  -1.750669e+05   5.731997e+04   0.000000e+00   0.000000e+00   0.000000e+00   1.960880e+05   0.000000e+00   0.000000e+00   0.000000e+00
       64000   6.399900e-07   5.698885e-02   1.959981e+00   1.395986e+01  -6.720493e+04  -1.750669e+05   5.731997e+04   0.000000e+00   0.000000e+00   0.000000e+00   1.960880e+05   0.000000e+00   0.000000e+00   0.000000e+00
       72000   7.199900e-07   5.161245e-02   1.945976e+00   1.396445e+01  -6.720493e+04  -1.750669e+05   5.731997e+04   0.000000e+00   0.000000e+00   0.000000e+00   1.960880e+05   0.000000e+00   0.000000e+00   0.000000e+00
       80000   7.999900e-07   4.623606e-02   1.931970e+00   1.396903e+01  -6.720493e+04  -1.750669e+05   5.731997e+04   0.000000e+00   0.000000e+00   0.000000e+00   1.960880e+05   0.000000e+00   0.000000e+00   0.000000e+00
       88000   8.799900e-07   4.085966e-02   1.917965e+00   1.397362e+01  -6.720493e+04  -1.750669e+05   5.731997e+04   0.000000e+00   0.000000e+00   0.000000e+00   1.960880e+05   0.000000e+00   0.000000e+00   0.000000e+00
       96000   9.599900e-07   3.548327e-02   1.903960e+00   1.397820e+01  -6.720493e+04  -1.750669e+05   5.731997e+04   0.000000e+00   0.000000e+00   0.000000e+00   1.960880e+05   0.000000e+00   0.000000e+00   0.000000e+00
      104000   1.039990e-06   3.010687e-02   1.889954e+00   1.398279e+01  -6.720493e+04  -1.750669e+05   5.731997e+04   0.000000e+00   0.000000e+00   0.000000e+00   1.960880e+05   0.000000e+00   0.000000e+00   0.000000e+00
      112000   1.119990e-06   2.473048e-02   1.875949e+00   1.398737e+01  -6.720493e+04  -1.750669e+05   5.731997e+04   0.000000e+00   0.000000e+00   0.000000e+00   1.960880e+05   0.000000e+00   0.000000e+00   0.000000e+00
      120000   1.199990e-06   1.935409e-02   1.861944e+00   1.399196e+01  -6.720493e+04  -1.750669e+05   5.731997e+04   0.000000e+00   0.000000e+00   0.000000e+00   1.960880e+05   0.000000e+00   0.000000e+00   0.000000e+00
      128000   1.279990e-06   1.397769e-02   1.847938e+00   1.399655e+01  -6.720493e+04  -1.750669e+05   5.731997e+04   0.000000e+00   0.000000e+00   0.000000e+00   1.960880e+05   0.000000e+00   0.000000e+00   0.000000e+00
      136000   1.359990e-06   8.601297e-03   1.833933e+00   1.400113e+01  -6.720493e+04  -1.750669e+05   5.731997e+04   0.000000e+00   0.000000e+00   0.000000e+00   1.960880e+05   0.000000e+00   0.000000e+00   0.000000e+00
      144000   1.439990e-06   3.224902e-03   1.819928e+00   1.400572e+01  -6.720493e+04  -1.750669e+05   5.731997e+04   0.000000e+00   0.000000e+00   0.000000e+00   1.960880e+05   0.000000e+00   0.000000e+00   0.000000e+00
