     timestep     time              x             y              z              vx             vy             vz             ax             ay             az         v_magnitude      ELoss        Electronic      Nuclear
           0   0.000000e+00   1.000000e-01   1.763478e+01   4.211775e+00  -4.638730e+04   9.781675e+04  -1.000790e+05   0.000000e+00   0.000000e+00   0.000000e+00   1.474304e+05   0.000000e+00   0.000000e+00   0.000000e+00
        8000   7.999000e-08   9.628902e-02   1.764260e+01   4.203769e+00  -4.638730e+04   9.781675e+04  -1.000790e+05   0.000000e+00   0.000000e+00   0.000000e+00   1.474304e+05   0.000000e+00   0.000000e+00   0.000000e+00
       16000   1.599900e-07   9.257803e-02   1.765043e+01   4.195762e+00  -4.638730e+04   9.781675e+04  -1.000790e+05   0.000000e+00   0.000000e+00   0.000000e+00   1.474304e+05   0.000000e+00   0.000000e+00   0.000000e+00
       24000   2.399900e-07   8.886705e-02   1.765825e+01   4.187756e+00  -4.638730e+04   9.781675e+04  -1.000790e+05   0.000000e+00   0.000000e+00   0.000000e+00   1.474304e+05   0.000000e+00   0.000000e+00   0.000000e+00
       32000   3.199900e-07   8.515607e-02   1.766608e+01   4.179750e+00  -4.638730e+04   9.781675e+04  -1.000790e+05   0.000000e+00   0.000000e+00   0.000000e+00   1.474304e+05   0.000000e+00   0.000000e+00   0.000000e+00
       40000   3.999900e-07   8.144508e-02   1.767390e+01   4.171743e+00  -4.638730e+04   9.781675e+04  -1.000790e+05   0.000000e+00   0.000000e+00   0.000000e+00   1.474304e+05   0.000000e+00   0.000000e+00   0.000000e+00
       48000   4.799900e-07   7.773410e-02   1.768173e+01   4.163737e+00  -4.638730e+04   9.781675e+04  -1.000790e+05   0.000000e+00   0.000000e+00   0.000000e+00   1.474304e+05   0.000000e+00   0.000000e+00   0.000000e+00
       56000   5.599900e-07   7.402311e-02   1.768955e+01   4.155731e+00  -4.638730e+04   9.781675e+04  -1.000790e+05   0.000000e+00   0.000000e+00   0.000000e+00   1.474304e+05   0.000000e+00   0.000000e+00   0.000000e+00
       64000   6.399900e-07   7.031213e-02   1.769738e+01   4.147724e+00  -4.638730e+04   9.781675e+04  -1.000790e+05   0.000000e+00   0.000000e+00   0.000000e+00   1.474304e+05   0.000000e+00   0.000000e+00   0.000000e+00
       72000   7.199900e-07   6.660115e-02   1.770520e+01   4.139718e+00  -4.638730e+04   9.781675e+04  -1.000790e+05   0.000000e+00   0.000000e+00   0.000000e+00   1.474304e+05   0.000000e+00   0.000000e+00   0.000000e+00
       80000   7.999900e-07   6.289016e-02   1.771303e+01   4.131712e+00  -4.638730e+04   9.781675e+04  -1.000790e+05   0.000000e+00   0.000000e+00   0.000000e+00   1.474304e+05   0.000000e+00   0.000000e+00   0.000000e+00
       88000   8.799900e-07   5.917918e-02   1.772085e+01   4.123705e+00  -4.638730e+04   9.781675e+04  -1.000790e+05   0.000000e+00   0.000000e+00   0.000000e+00   1.474304e+05   0.000000e+00   0.000000e+00   0.000000e+00
       96000   9.599900e-07   5.546820e-02   1.772868e+01   4.115699e+00  -4.638730e+04   9.781675e+04  -1.000790e+05   0.000000e+00   0.000000e+00   0.000000e+00   1.474304e+05   0.000000e+00   0.000000e+00   0.000000e+00
      104000   1.039990e-06   5.175721e-02   1.773651e+01   4.107693e+00  -4.638730e+04   9.781675e+04  -1.000790e+05   0.000000e+00   0.000000e+00   0.000000e+00   1.474304e+05   0.000000e+00   0.000000e+00   0.000000e+00
      112000   1.119990e-06   4.804623e-02   1.774433e+01   4.099686e+00  -4.638730e+04   9.781675e+04  -1.000790e+05   0.000000e+00   0.000000e+00   0.000000e+00   1.474304e+05   0.000000e+00   0.000000e+00   0.000000e+00
      120000   1.199990e-06   4.433524e-02   1.775216e+01   4.091680e+00  -4.638730e+04   9.781675e+04  -1.000790e+05   0.000000e+00   0.000000e+00   0.000000e+00   1.474304e+05   0.000000e+00   0.000000e+00   0.000000e+00
      128000   1.279990e-06   4.062426e-02   1.775998e+01   4.083674e+00  -4.638730e+04   9.781675e+04  -1.000790e+05   0.000000e+00   0.000000e+00   0.000000e+00   1.474304e+05   0.000000e+00   0.000000e+00   0.000000e+00
      136000   1.359990e-06   3.691328e-02   1.776781e+01   4.075667e+00  -4.638730e+04   9.781675e+04  -1.000790e+05   0.000000e+00   0.000000e+00   0.000000e+00   1.474304e+05   0.000000e+00   0.000000e+00   0.000000e+00
      144000   1.439990e-06   3.320229e-02   1.777563e+01   4.067661e+00  -4.638730e+04   9.781675e+04  -1.000790e+05   0.000000e+00   0.000000e+00   0.000000e+00   1.474304e+05   0.000000e+00   0.000000e+00   0.000000e+00
      152000   1.519990e-06   2.949131e-02   1.778346e+01   4.059655e+00  -4.638730e+04   9.781675e+04  -1.000790e+05   0.000000e+00   0.000000e+00   0.000000e+00   1.474304e+05   0.000000e+00   0.000000e+00   0.000000e+00
      160000   1.599990e-06   2.578033e-02   1.779128e+01   4.051649e+00  -4.638730e+04   9.781675e+04  -1.000790e+05   0.000000e+00   0.000000e+00   0.000000e+00   1.474304e+05   0.000000e+00   0.000000e+00   0.000000e+00
      168000   1.679990e-06   2.206934e-02   1.779911e+01   4.043642e+00  -4.638730e+04   9.781675e+04  -1.000790e+05   0.000000e+00   0.000000e+00   0.000000e+00   1.474304e+05   0.000000e+00   0.000000e+00   0.000000e+00
      176000   1.759990e-06   1.835836e-02   1.780693e+01   4.035636e+00  -4.638730e+04   9.781675e+04  -1.000790e+05   0.000000e+00   0.000000e+00   0.000000e+00   1.474304e+05   0.000000e+00   0.000000e+00   0.000000e+00
      184000   1.839990e-06   1.464738e-02   1.781476e+01   4.027630e+00  -4.638730e+04   9.781675e+04  -1.000790e+05   0.000000e+00   0.000000e+00   0.000000e+00   1.474304e+05   0.000000e+00   0.000000e+00   0.000000e+00
      192000   1.919990e-06   1.093639e-02   1.782258e+01   4.019623e+00  -4.638730e+04   9.781675e+04  -1.000790e+05   0.000000e+00   0.000000e+00   0.000000e+00   1.474304e+05   0.000000e+00   0.000000e+00   0.000000e+00
      200000   1.999990e-06   7.225408e-03   1.783041e+01   4.011617e+00  -4.638730e+04   9.781675e+04  -1.000790e+05   0.000000e+00   0.000000e+00   0.000000e+00   1.474304e+05   0.000000e+00   0.000000e+00   0.000000e+00
      208000   2.079990e-06   3.514424e-03   1.783823e+01   4.003611e+00  -4.638730e+04   9.781675e+04  -1.000790e+05   0.000000e+00   0.000000e+00   0.000000e+00   1.474304e+05   0.000000e+00   0.000000e+00   0.000000e+00
