     timestep     time              x             y              z              vx             vy             vz             ax             ay             az         v_magnitude      ELoss        Electronic      Nuclear
           0   0.000000e+00   1.000000e-01   3.748223e+00   1.052484e+01  -1.346968e+05  -1.421986e+05  -9.317330e+03   0.000000e+00   0.000000e+00   0.000000e+00   1.960880e+05   0.000000e+00   0.000000e+00   0.000000e+00
        8000   7.999000e-08   8.922426e-02   3.736847e+00   1.052409e+01  -1.346968e+05  -1.421986e+05  -9.317330e+03   0.000000e+00   0.000000e+00   0.000000e+00   1.960880e+05   0.000000e+00   0.000000e+00   0.000000e+00
       16000   1.599900e-07   7.844851e-02   3.725471e+00   1.052335e+01  -1.346968e+05  -1.421986e+05  -9.317330e+03   0.000000e+00   0.000000e+00   0.000000e+00   1.960880e+05   0.000000e+00   0.000000e+00   0.000000e+00
       24000   2.399900e-07   6.767277e-02   3.714095e+00   1.052260e+01  -1.346968e+05  -1.421986e+05  -9.317330e+03   0.000000e+00   0.000000e+00   0.000000e+00   1.960880e+05   0.000000e+00   0.000000e+00   0.000000e+00
       32000   3.199900e-07   5.689702e-02   3.702719e+00   1.052186e+01  -1.346968e+05  -1.421986e+05  -9.317330e+03   0.000000e+00   0.000000e+00   0.000000e+00   1.960880e+05   0.000000e+00   0.000000e+00   0.000000e+00
       40000   3.999900e-07   4.612128e-02   3.691344e+00   1.052111e+01  -1.346968e+05  -1.421986e+05  -9.317330e+03   0.000000e+00   0.000000e+00   0.000000e+00   1.960880e+05   0.000000e+00   0.000000e+00   0.000000e+00
       48000   4.799900e-07   3.534553e-02   3.679968e+00   1.052037e+01  -1.346968e+05  -1.421986e+05  -9.317330e+03   0.000000e+00   0.000000e+00   0.000000e+00   1.960880e+05   0.000000e+00   0.000000e+00   0.000000e+00
       56000   5.599900e-07   2.456979e-02   3.668592e+00   1.051962e+01  -1.346968e+05  -1.421986e+05  -9.317330e+03   0.000000e+00   0.000000e+00   0.000000e+00   1.960880e+05   0.000000e+00   0.000000e+00   0.000000e+00
       64000   6.399900e-07   1.379404e-02   3.657216e+00   1.051888e+01  -1.346968e+05  -1.421986e+05  -9.317330e+03   0.000000e+00   0.000000e+00   0.000000e+00   1.960880e+05   0.000000e+00   0.000000e+00   0.000000e+00
       72000   7.199900e-07   3.018299e-03   3.645840e+00   1.051813e+01  -1.346968e+05  -1.421986e+05  -9.317330e+03   0.000000e+00   0.000000e+00   0.000000e+00   1.960880e+05   0.000000e+00   0.000000e+00   0.000000e+00
