     timestep     time              x             y              z              vx             vy             vz             ax             ay             az         v_magnitude      ELoss        Electronic      Nuclear
           0   0.000000e+00   1.000000e-01   1.390932e+01   1.476860e+01  -1.296495e+05   4.289219e+04   5.556065e+04   0.000000e+00   0.000000e+00   0.000000e+00   1.474304e+05   0.000000e+00   0.000000e+00   0.000000e+00
        8000   7.999000e-08   8.962804e-02   1.391275e+01   1.477305e+01  -1.296495e+05   4.289219e+04   5.556065e+04   0.000000e+00   0.000000e+00   0.000000e+00   1.474304e+05   0.000000e+00   0.000000e+00   0.000000e+00
       16000   1.599900e-07   7.925608e-02   1.391618e+01   1.477749e+01  -1.296495e+05   4.289219e+04   5.556065e+04   0.000000e+00   0.000000e+00   0.000000e+00   1.474304e+05   0.000000e+00   0.000000e+00   0.000000e+00
       24000   2.399900e-07   6.888412e-02   1.391961e+01   1.478194e+01  -1.296495e+05   4.289219e+04   5.556065e+04   0.000000e+00   0.000000e+00   0.000000e+00   1.474304e+05   0.000000e+00   0.000000e+00   0.000000e+00
       32000   3.199900e-07   5.851217e-02   1.392304e+01   1.478638e+01  -1.296495e+05   4.289219e+04   5.556065e+04   0.000000e+00   0.000000e+00   0.000000e+00   1.474304e+05   0.000000e+00   0.000000e+00   0.000000e+00
       40000   3.999900e-07   4.814021e-02   1.392648e+01   1.479083e+01  -1.296495e+05   4.289219e+04   5.556065e+04   0.000000e+00   0.000000e+00   0.000000e+00   1.474304e+05   0.000000e+00   0.000000e+00   0.000000e+00
       48000   4.799900e-07   3.776825e-02   1.392991e+01   1.479527e+01  -1.296495e+05   4.289219e+04   5.556065e+04   0.000000e+00   0.000000e+00   0.000000e+00   1.474304e+05   0.000000e+00   0.000000e+00   0.000000e+00
       56000   5.599900e-07   2.739629e-02   1.393334e+01   1.479972e+01  -1.296495e+05   4.289219e+04   5.556065e+04   0.000000e+00   0.000000e+00   0.000000e+00   1.474304e+05   0.000000e+00   0.000000e+00   0.000000e+00
       64000   6.399900e-07   1.702433e-02   1.393677e+01   1.480416e+01  -1.296495e+05   4.289219e+04   5.556065e+04   0.000000e+00   0.000000e+00   0.000000e+00   1.474304e+05   0.000000e+00   0.000000e+00   0.000000e+00
       72000   7.199900e-07   6.652373e-03   1.394020e+01   1.480861e+01  -1.296495e+05   4.289219e+04   5.556065e+04   0.000000e+00   0.000000e+00   0.000000e+00   1.474304e+05   0.000000e+00   0.000000e+00   0.000000e+00
