     timestep     time              x             y              z              vx             vy             vz             ax             ay             az         v_magnitude      ELoss        Electronic      Nuclear
           0   0.000000e+00   1.000000e-01   8.929246e+00   9.325040e+00  -1.421052e+05  -3.052920e+04  -2.469399e+04   0.000000e+00   0.000000e+00   0.000000e+00   1.474304e+05   0.000000e+00   0.000000e+00   0.000000e+00
        8000   7.999000e-08   8.863158e-02   8.926804e+00   9.323064e+00  -1.421052e+05  -3.052920e+04  -2.469399e+04   0.000000e+00   0.000000e+00   0.000000e+00   1.474304e+05   0.000000e+00   0.000000e+00   0.000000e+00
       16000   1.599900e-07   7.726317e-02   8.924361e+00   9.321089e+00  -1.421052e+05  -3.052920e+04  -2.469399e+04   0.000000e+00   0.000000e+00   0.000000e+00   1.474304e+05   0.000000e+00   0.000000e+00   0.000000e+00
       24000   2.399900e-07   6.589475e-02   8.921919e+00   9.319113e+00  -1.421052e+05  -3.052920e+04  -2.469399e+04   0.000000e+00   0.000000e+00   0.000000e+00   1.474304e+05   0.000000e+00   0.000000e+00   0.000000e+00
       32000   3.199900e-07   5.452634e-02   8.919477e+00   9.317138e+00  -1.421052e+05  -3.052920e+04  -2.469399e+04   0.000000e+00   0.000000e+00   0.000000e+00   1.474304e+05   0.000000e+00   0.000000e+00   0.000000e+00
       40000   3.999900e-07   4.315792e-02   8.917034e+00   9.315162e+00  -1.421052e+05  -3.052920e+04  -2.469399e+04   0.000000e+00   0.000000e+00   0.000000e+00   1.474304e+05   0.000000e+00   0.000000e+00   0.000000e+00
       48000   4.799900e-07   3.178950e-02   8.914592e+00   9.313187e+00  -1.421052e+05  -3.052920e+04  -2.469399e+04   0.000000e+00   0.000000e+00   0.000000e+00   1.474304e+05   0.000000e+00   0.000000e+00   0.000000e+00
       56000   5.599900e-07   2.042109e-02   8.912150e+00   9.311211e+00  -1.421052e+05  -3.052920e+04  -2.469399e+04   0.000000e+00   0.000000e+00   0.000000e+00   1.474304e+05   0.000000e+00   0.000000e+00   0.000000e+00
       64000   6.399900e-07   9.052671e-03   8.909707e+00   9.309236e+00  -1.421052e+05  -3.052920e+04  -2.469399e+04   0.000000e+00   0.000000e+00   0.000000e+00   1.474304e+05   0.000000e+00   0.000000e+00   0.000000e+00
