       time             b_x              b_y              b_z              F_x              F_y              F_z
  0.00000000e+00   2.67150386e-06   1.80876770e-06   1.22143818e-13  -9.43510246e-20   1.39354062e-19   3.67148850e-21
  8.00000000e-08   3.91307041e-06   2.64554488e-06  -1.82153342e-06  -1.06703546e-19   1.61586601e-19   5.46029834e-21
  1.60000000e-07   4.14022077e-06   2.79865972e-06  -2.48019620e-06  -1.03376905e-19   1.58054316e-19   5.78060559e-21
  2.40000000e-07   1.98559562e-06   1.34236460e-06  -2.51960368e-06  -2.67368570e-20   4.47406956e-20   2.76620483e-21
  3.20000000e-07   8.78812900e-07   5.92594161e-07  -3.07587934e-06   2.19298667e-20  -2.59821639e-20   1.25992299e-21
  4.00000000e-07  -2.27969992e-07  -1.57176374e-07  -3.63215297e-06   7.05984700e-20  -9.67036821e-20  -2.46354868e-22
  4.80000000e-07  -1.33475250e-06  -9.06946577e-07  -4.18841891e-06   1.19269712e-19  -1.67423037e-19  -1.75526747e-21
  5.60000000e-07   8.92301663e-07   6.06402456e-07  -2.80932137e-06   1.66348801e-20  -1.90508190e-20   1.17141023e-21
  6.40000000e-07   2.91692754e-07   1.98668549e-07  -3.20921420e-06   4.47751290e-20  -5.97170885e-20   3.72886731e-22
