     timestep     time              x             y              z              vx             vy             vz             ax             ay             az         v_magnitude      ELoss        Electronic      Nuclear
           0   0.000000e+00   1.000000e-01   1.569424e+01   9.549823e+00  -1.284093e+05   6.920735e+04  -2.138001e+04   0.000000e+00   0.000000e+00   0.000000e+00   1.474304e+05   0.000000e+00   0.000000e+00   0.000000e+00
        8000   7.999000e-08   8.972725e-02   1.569978e+01   9.548113e+00  -1.284093e+05   6.920735e+04  -2.138001e+04   0.000000e+00   0.000000e+00   0.000000e+00   1.474304e+05   0.000000e+00   0.000000e+00   0.000000e+00
       16000   1.599900e-07   7.945451e-02   1.570531e+01   9.546402e+00  -1.284093e+05   6.920735e+04  -2.138001e+04   0.000000e+00   0.000000e+00   0.000000e+00   1.474304e+05   0.000000e+00   0.000000e+00   0.000000e+00
       24000   2.399900e-07   6.918176e-02   1.571085e+01   9.544692e+00  -1.284093e+05   6.920735e+04  -2.138001e+04   0.000000e+00   0.000000e+00   0.000000e+00   1.474304e+05   0.000000e+00   0.000000e+00   0.000000e+00
       32000   3.199900e-07   5.890902e-02   1.571639e+01   9.542981e+00  -1.284093e+05   6.920735e+04  -2.138001e+04   0.000000e+00   0.000000e+00   0.000000e+00   1.474304e+05   0.000000e+00   0.000000e+00   0.000000e+00
       40000   3.999900e-07   4.863627e-02   1.572192e+01   9.541271e+00  -1.284093e+05   6.920735e+04  -2.138001e+04   0.000000e+00   0.000000e+00   0.000000e+00   1.474304e+05   0.000000e+00   0.000000e+00   0.000000e+00
       48000   4.799900e-07   3.836353e-02   1.572746e+01   9.539561e+00  -1.284093e+05   6.920735e+04  -2.138001e+04   0.000000e+00   0.000000e+00   0.000000e+00   1.474304e+05   0.000000e+00   0.000000e+00   0.000000e+00
       56000   5.599900e-07   2.809078e-02   1.573300e+01   9.537850e+00  -1.284093e+05   6.920735e+04  -2.138001e+04   0.000000e+00   0.000000e+00   0.000000e+00   1.474304e+05   0.000000e+00   0.000000e+00   0.000000e+00
       64000   6.399900e-07   1.781804e-02   1.573853e+01   9.536140e+00  -1.284093e+05   6.920735e+04  -2.138001e+04   0.000000e+00   0.000000e+00   0.000000e+00   1.474304e+05   0.000000e+00   0.000000e+00   0.000000e+00
       72000   7.199900e-07   7.545293e-03   1.574407e+01   9.534429e+00  -1.284093e+05   6.920735e+04  -2.138001e+04   0.000000e+00   0.000000e+00   0.000000e+00   1.474304e+05   0.000000e+00   0.000000e+00   0.000000e+00
